14.0371925615	1940328	hypothetical protein
1.11571028775	154222	ABC transporter ATP-binding protein
0.84843378647	117277	MFS transporter
0.694766980034	96036	TonB-dependent receptor
0.591965543216	81826	ABC transporter permease
0.430970245893	59572	tripartite tricarboxylate transporter substrate binding protein
0.390782914329	54017	acyl-CoA dehydrogenase
0.360022062158	49765	MULTISPECIES: hypothetical protein
0.334904075625	46293	alpha/beta hydrolase
0.33054170642	45690	ABC transporter substrate-binding protein
0.274019002278	37877	branched-chain amino acid ABC transporter permease
0.273527060145	37809	AcrB/AcrD/AcrF family protein
0.269519178653	37255	amidohydrolase
0.260483359189	36006	NAD(P)-dependent oxidoreductase
0.255773736714	35355	DNA-directed RNA polymerase subunit beta'
0.249559350069	34496	DNA-binding response regulator
0.24835843251	34330	excinuclease ABC subunit A
0.247931600366	34271	DNA-directed RNA polymerase subunit beta
0.241123989384	33330	gfo/Idh/MocA family oxidoreductase
0.230981300122	31928	DNA polymerase III subunit alpha
0.226684040905	31334	T9SS C-terminal target domain-containing protein
0.22199612176	30686	ABC transporter
0.213596933291	29525	ATP-dependent helicase
0.195807437644	27066	LysR family transcriptional regulator
0.194121812396	26833	transcriptional regulator
0.19246512492	26604	oxidoreductase
0.192240857183	26573	MBL fold metallo-hydrolase
0.187480593606	25915	FAD-dependent oxidoreductase
0.186590757102	25792	membrane protein
0.174010060506	24053	isoleucine--tRNA ligase
0.172418483018	23833	carbamoyl phosphate synthase large subunit
0.171984416431	23773	SAM-dependent methyltransferase
0.168482945958	23289	SusC/RagA family TonB-linked outer membrane protein
0.168374429311	23274	preprotein translocase subunit SecA
0.168135692688	23241	transketolase
0.166884134027	23068	methionine synthase
0.166479005212	23012	hypothetical protein, partial
0.166464536326	23010	transcription-repair coupling factor
0.161472770569	22320	peptidylprolyl isomerase
0.160742091813	22219	aspartate aminotransferase family protein
0.154896661768	21411	leucine--tRNA ligase
0.154267265216	21324	FAD-binding oxidoreductase
0.153674040879	21242	DNA gyrase subunit A
0.153334022052	21195	DNA polymerase I
0.15087431139	20855	class I SAM-dependent methyltransferase
0.150823670288	20848	valine--tRNA ligase
0.149376781662	20648	aldehyde dehydrogenase
0.143516882731	19838	DUF1501 domain-containing protein
0.142974299496	19763	glycosyl transferase
0.141252502032	19525	dihydroxy-acid dehydratase
0.139718800089	19313	enoyl-CoA hydratase
0.138785556926	19184	molecular chaperone DnaK
0.13842383477	19134	long-chain fatty acid--CoA ligase
0.137902954865	19062	efflux RND transporter periplasmic adaptor subunit
0.136499472898	18868	alanine--tRNA ligase
0.135313024226	18704	CoA transferase
0.133909542259	18510	elongation factor G
0.132766500246	18352	CusA/CzcA family heavy metal efflux RND transporter
0.132006883717	18247	methylmalonyl-CoA mutase
0.130400837343	18025	ribonucleoside-diphosphate reductase subunit alpha
0.129923364097	17959	short-chain dehydrogenase
0.12900458982	17832	glutamate synthase large subunit
0.128975652048	17828	3-hydroxyacyl-CoA dehydrogenase
0.128172628861	17717	S9 family peptidase
0.120952654621	16719	translation initiation factor IF-2
0.120945420178	16718	dihydrolipoyl dehydrogenase
0.120598166908	16670	acetyl-CoA acetyltransferase
0.12027985141	16626	N-acetyltransferase
0.11609110884	16047	molecular chaperone GroEL
0.115903013319	16021	penicillin-binding protein 2
0.115787262229	16005	NAD(P)/FAD-dependent oxidoreductase
0.115382133414	15949	hybrid sensor histidine kinase/response regulator
0.11435484249	15807	excinuclease ABC subunit B
0.114340373604	15805	dehydrogenase
0.114137809196	15777	ATP-binding protein
0.112170040666	15505	aldo/keto reductase
0.111960241816	15476	RagB/SusD family nutrient uptake outer membrane protein
0.11169256742	15439	polyribonucleotide nucleotidyltransferase
0.111504471899	15413	DNA mismatch repair protein MutS
0.111164453072	15366	DNA ligase (NAD(+)) LigA
0.111070405311	15353	1-deoxy-D-xylulose-5-phosphate synthase
0.110759324257	15310	EamA family transporter
0.110129927705	15223	histidine kinase
0.109681392231	15161	transporter
0.108972416805	15063	phenylalanine--tRNA ligase subunit beta
0.108263441378	14965	bifunctional (p)ppGpp synthetase/guanosine-3',5'-bis(diphosphate) 3'-pyrophosphohydrolase
0.107901719222	14915	ATP-dependent chaperone ClpB
0.107699154814	14887	dihydroorotase
0.107684685928	14885	methionine--tRNA ligase
0.107489355964	14858	PAS domain-containing sensor histidine kinase
0.107011882718	14792	sensor histidine kinase
0.106389720609	14706	threonine--tRNA ligase
0.10565180741	14604	pyridoxal phosphate-dependent aminotransferase
0.105029645301	14518	DNA topoisomerase I
0.104631750929	14463	elongation factor 4
0.104436420965	14436	translational GTPase TypA
0.104204918785	14404	glycosyltransferase family 1 protein
0.102432480219	14159	EamA/RhaT family transporter
0.101520940385	14033	amino acid permease
0.10100006048	13961	glutamate synthase subunit alpha
0.100370663928	13874	type IIA DNA topoisomerase subunit B
0.100240443952	13856	deoxyribodipyrimidine photo-lyase
0.100016176215	13825	sodium-translocating pyrophosphatase
0.0999727695561	13819	C4-dicarboxylate ABC transporter
0.099741267376	13787	chromosome segregation protein SMC
0.0991842152554	13710	sulfatase
0.0986705697934	13639	insulinase family protein
0.0978241399477	13522	sigma-54-dependent Fis family transcriptional regulator
0.0973104944858	13451	aspartate--tRNA ligase
0.0965508779575	13346	NADH-quinone oxidoreductase subunit L
0.0953861326143	13185	phosphoribosylformylglycinamidine synthase
0.0943877794629	13047	lysine--tRNA ligase
0.0941345739535	13012	helicase
0.0939826506479	12991	endopeptidase La
0.0939392439891	12985	potassium transporter Kup
0.0938379617854	12971	excinuclease ABC subunit C
0.0932302685628	12887	pyruvate dehydrogenase (acetyl-transferring), homodimeric type
0.0926804508852	12811	phytoene desaturase
0.0925864031246	12798	glycosyl hydrolase
0.0922753220702	12755	amidophosphoribosyltransferase
0.0919280688001	12707	proline--tRNA ligase
0.0914361266676	12639	arginine--tRNA ligase
0.0914144233382	12636	
0.0913203755776	12623	IMP dehydrogenase
0.090828433445	12555	DNA primase
0.0905679934925	12519	peptidase
0.0897215636467	12402	AraC family transcriptional regulator
0.0893381381611	12349	transposase
0.088990884891	12301	30S ribosomal protein S1
0.0884410672135	12225	ATPase
0.0883325505666	12210	GNAT family N-acetyltransferase
0.0882674405785	12201	replicative DNA helicase
0.0881516894884	12185	cell surface protein SprA
0.0878695462065	12146	aconitate hydratase
0.0877031540146	12123	tRNA uridine-5-carboxymethylaminomethyl(34) synthesis enzyme MnmG
0.0876597473559	12117	GntR family transcriptional regulator
0.0857281510413	11850	DEAD/DEAH box helicase
0.0855906966219	11831	adenosylhomocysteinase
0.0855038833044	11819	2-isopropylmalate synthase
0.0854604766456	11813	cysteine--tRNA ligase
0.0850481133875	11756	GMP synthase (glutamine-hydrolyzing)
0.0843463724042	11659	glycoside hydrolase
0.0836880380798	11568	carbon monoxide dehydrogenase
0.0836663347504	11565	glutamine synthetase
0.0835144114448	11544	NADP-dependent malic enzyme
0.0832829092647	11512	ATP-dependent DNA helicase
0.083239502606	11506	DNA translocase FtsK
0.0831165170729	11489	glycine dehydrogenase (aminomethyl-transferring)
0.0825160582934	11406	glycosyltransferase family 2 protein
0.0819951783883	11334	NADH dehydrogenase
0.0819517717296	11328	radical SAM protein
0.0817998484239	11307	isocitrate dehydrogenase (NADP(+))
0.0816551595614	11287	primosomal protein N'
0.0816334562321	11284	3-isopropylmalate dehydratase large subunit
0.0814308918245	11256	two-component sensor histidine kinase
0.0812427963033	11230	molecular chaperone DnaJ
0.0809244808057	11186	sugar phosphate isomerase/epimerase
0.0806133997513	11143	glutamate--tRNA ligase
0.0798103765643	11032	terminase
0.0797090943606	11018	adenylosuccinate lyase
0.0791375733536	10939	ribonuclease E/G
0.0790869322518	10932	site-specific DNA-methyltransferase
0.0789567122755	10914	LacI family transcriptional regulator
0.0783707223823	10833	VWA domain-containing protein
0.0783273157235	10827	Asp-tRNA(Asn)/Glu-tRNA(Gln) amidotransferase GatCAB subunit B
0.0782622057354	10818	serine hydrolase
0.078066875771	10791	cysteine desulfurase
0.0778281391479	10758	GMC family oxidoreductase
0.0777702636029	10750	NADH dehydrogenase subunit D
0.0771336326078	10662	phosphopyruvate hydratase
0.0768370204396	10621	ammonium transporter
0.0767719104515	10612	integrase
0.0767357382359	10607	preprotein translocase subunit SecY
0.0765259393852	10578	Asp-tRNA(Asn)/Glu-tRNA(Gln) amidotransferase GatCAB subunit A
0.0762510305464	10540	phosphoglucosamine mutase
0.0759761217076	10502	ribonuclease R
0.0758676050608	10487	aminotransferase
0.0757012128689	10464	arylsulfatase
0.0746594530587	10320	lytic transglycosylase
0.0745075297531	10299	coproporphyrinogen III oxidase
0.0744858264237	10296	chromosomal replication initiation protein DnaA
0.0744858264237	10296	RNA methyltransferase
0.0744351853218	10289	methionine adenosyltransferase
0.0742326209143	10261	serine hydroxymethyltransferase
0.0742181520281	10259	glycosyl transferase family 2
0.0741675109262	10252	glycosyltransferase
0.0741241042674	10246	acyltransferase
0.0740589942793	10237	ATP-dependent Clp protease ATP-binding subunit
0.073292143308	10131	outer membrane protein assembly factor BamA
0.0728291389479	10067	DUF1080 domain-containing protein
0.0725686989954	10031	cytochrome c oxidase subunit I
0.0724095412466	10009	aminotransferase class V-fold PLP-dependent enzyme
0.0723444312585	10000	serine--tRNA ligase
0.0721129290784	9968	acetyl-CoA carboxylase biotin carboxylase subunit
0.071801848024	9925	TolC family protein
0.0715052358559	9884	pyruvate kinase
0.0714907669696	9882	aspartate kinase
0.0714111880952	9871	aminopeptidase
0.0713894847659	9868	molecular chaperone HtpG
0.0712882025621	9854	signal recognition particle protein
0.0706877437826	9771	adenylosuccinate synthase
0.0706443371239	9765	2-oxoglutarate dehydrogenase E1 component
0.0706081649083	9760	type I glyceraldehyde-3-phosphate dehydrogenase
0.0705647582495	9754	beta-ketoacyl
0.0704562416026	9739	tRNA (N6-isopentenyl adenosine(37)-C2)-methylthiotransferase MiaB
0.0703187871832	9720	penicillin-binding protein
0.0698702517094	9658	phosphoglycerate kinase
0.0696387495294	9626	UDP-N-acetylmuramoyl-L-alanyl-D-glutamate--2,6-diaminopimelate ligase
0.0695953428706	9620	elongation factor Tu
0.0695157639963	9609	FAD-linked oxidase
0.0694940606669	9606	argininosuccinate lyase
0.0694072473494	9594	cell division protein FtsH
0.0691323385106	9556	transcription termination factor Rho
0.0691034007381	9552	DNA topoisomerase IV subunit A
0.0690889318518	9550	tyrosine--tRNA ligase
0.0689804152049	9535	UDP-N-acetylglucosamine 1-carboxyvinyltransferase
0.0689731807618	9534	glucose-6-phosphate isomerase
0.0687344441387	9501	membrane protein insertase YidC
0.0687272096955	9500	1-acyl-sn-glycerol-3-phosphate acyltransferase
0.0685463486174	9475	amidase
0.0684523008568	9462	phosphoenolpyruvate carboxylase
0.0680905787005	9412	HNH endonuclease
0.0679024831792	9386	aminopeptidase N
0.067547995466	9337	diaminopimelate decarboxylase
0.0674828854779	9328	peptidase M48
0.0673237277291	9306	RNA-binding protein
0.0672441488547	9295	DNA polymerase III subunit beta
0.0671935077529	9288	DNA repair protein RadA
0.0669185989141	9250	copper-translocating P-type ATPase
0.0668968955847	9247	sugar ABC transporter permease
0.0668751922553	9244	peroxiredoxin
0.0668100822672	9235	UDP-glucose/GDP-mannose dehydrogenase family protein
0.066629221189	9210	transcription termination/antitermination protein NusA
0.0662168579309	9153	RNA helicase
0.0661806857152	9148	30S ribosomal protein S12 methylthiotransferase RimO
0.0659130113196	9111	GDP-mannose 4,6-dehydratase
0.065818963559	9098	3-isopropylmalate dehydrogenase
0.0655078825045	9055	cell division protein FtsZ
0.0655078825045	9055	argininosuccinate synthase
0.0654355380733	9045	ribosome biogenesis GTPase Der
0.0653848969714	9038	N-acetylmuramoyl-L-alanine amidase
0.0651750981208	9009	DNA gyrase subunit B
0.0649146581682	8973	formate dehydrogenase
0.0648929548388	8970	glutamine--fructose-6-phosphate aminotransferase
0.0648784859526	8968	NADH-quinone oxidoreductase subunit G
0.0648278448507	8961	succinate--CoA ligase subunit beta
0.0645239982394	8919	UDP-N-acetylmuramoyl-L-alanine--D-glutamate ligase
0.0644805915807	8913	malate dehydrogenase
0.0643069649457	8889	phosphoribosylamine--glycine ligase
0.064212917185	8876	sodium:solute symporter
0.0641116349813	8862	formate dehydrogenase subunit alpha
0.0639886494481	8845	UDP-N-acetylmuramate--L-alanine ligase
0.0638728983581	8829	histidine--tRNA ligase
0.0635256450881	8781	glutathione S-transferase
0.063409893998	8765	polysaccharide biosynthesis protein
0.0633158462374	8752	Crp/Fnr family transcriptional regulator
0.0630915785005	8721	aspartate-semialdehyde dehydrogenase
0.0630119996261	8710	anthranilate synthase component I
0.0629396551949	8700	peptidase S41
0.0628962485361	8694	threonine synthase
0.0628456074342	8687	fumarate hydratase
0.0627298563442	8671	rod shape-determining protein
0.0626285741405	8657	single-stranded-DNA-specific exonuclease RecJ
0.0626068708111	8654	phospho-N-acetylmuramoyl-pentapeptide-transferase
0.0624911197211	8638	NAD+ synthase
0.0622957897567	8611	acetyl-coenzyme A synthetase
0.062028115361	8574	hydrolase
0.061680862091	8526	C4-dicarboxylate ABC transporter permease
0.0614782976834	8498	tryptophan--tRNA ligase
0.0614131876953	8489	serine/threonine protein kinase
0.0612974366053	8473	histidinol dehydrogenase
0.0612033888447	8460	DNA helicase RecG
0.0610225277665	8435	LPS-assembly protein LptD
0.0609718866646	8428	cyanophycin synthetase
0.0609067766765	8419	methyltransferase
0.0608633700177	8413	DNA-directed RNA polymerase subunit alpha
0.0607114467121	8392	GTPase HflX
0.0602050356933	8322	glutamate-1-semialdehyde 2,1-aminomutase
0.0601471601483	8314	cytochrome P450
0.059843313537	8272	cytochrome c
0.0597203280039	8255	anion permease
0.0593079647457	8198	chorismate synthase
0.0592500892007	8190	DNA-binding protein
0.0591777447694	8180	trigger factor
0.0590330559069	8160	tRNA 2-thiouridine(34) synthase MnmA
0.0588232570563	8131	DNA repair protein RecN
0.0584832382293	8084	dTDP-glucose 4,6-dehydratase
0.0584253626843	8076	succinate dehydrogenase flavoprotein subunit
0.0582227982768	8048	peptide chain release factor 1
0.0582083293906	8046	NADH-quinone oxidoreductase subunit M
0.0576512772699	7969	alcohol dehydrogenase
0.0575210572936	7951	alpha-amylase
0.0574197750898	7937	peptide chain release factor 2
0.0573980717605	7934	histidinol-phosphate transaminase
0.0573474306586	7927	RNA degradosome polyphosphate kinase
0.0573474306586	7927	ketoacyl-ACP synthase III
0.0572895551136	7919	peptide chain release factor 3
0.0571738040236	7903	thioredoxin-disulfide reductase
0.0570363496042	7884	NADH-quinone oxidoreductase subunit N
0.0569929429454	7878	xylose isomerase
0.0569205985142	7868	TRAP transporter large permease
0.0567180341066	7840	ATP-dependent RNA helicase HrpA
0.0566601585616	7832	tryptophan synthase subunit beta
0.0565227041422	7813	exodeoxyribonuclease III
0.0563563119503	7790	HlyC/CorC family transporter
0.0562550297466	7776	4-hydroxy-3-methylbut-2-en-1-yl diphosphate synthase
0.0561537475428	7762	3-dehydroquinate synthase
0.055589460979	7684	Holliday junction branch migration DNA helicase RuvB
0.0555822265359	7683	indolepyruvate ferredoxin oxidoreductase
0.0555749920928	7682	sulfurtransferase
0.055300083254	7644	phenylalanine--tRNA ligase subunit alpha
0.055242207709	7636	F0F1 ATP synthase subunit alpha
0.0551988010502	7630	ATP-dependent Clp protease ATP-binding subunit ClpA
0.0547068589177	7562	F0F1 ATP synthase subunit beta
0.0546996244745	7561	pseudouridine synthase
0.0544898256239	7532	glucose-1-phosphate thymidylyltransferase
0.0541353379107	7483	3-oxoacyl-ACP reductase
0.0539689457188	7460	RNA polymerase sigma factor RpoD
0.0539544768326	7458	Fe-S cluster assembly protein SufB
0.0538604290719	7445	type I glutamate--ammonia ligase
0.0537374435388	7428	TetR/AcrR family transcriptional regulator
0.0537374435388	7428	DNA cytosine methyltransferase
0.0536506302213	7416	protein translocase subunit SecD
0.0534625347	7390	DNA helicase RecQ
0.0534118935981	7383	glutamate synthase subunit beta
0.053404659155	7382	tRNA dihydrouridine synthase DusB
0.053404659155	7382	NADH-quinone oxidoreductase subunit H
0.0533612524962	7376	RNA-binding transcriptional accessory protein
0.0533033769512	7368	methylmalonyl-CoA carboxyltransferase
0.0531948603044	7353	glycine--tRNA ligase
0.0529344203518	7317	4-hydroxy-3-methylbut-2-enyl diphosphate reductase
0.0529344203518	7317	ketol-acid reductoisomerase
0.0526739803993	7281	ribose-phosphate pyrophosphokinase
0.0525871670818	7269	NADH-quinone oxidoreductase subunit F
0.0524714159918	7253	DegT/DnrJ/EryC1/StrS family aminotransferase
0.0523773682311	7240	Fe-S oxidoreductase
0.0521313971649	7206	nucleotide sugar dehydrogenase
0.0521313971649	7206	TonB-dependent siderophore receptor
0.052080756063	7199	acyl-CoA synthetase
0.0518420194398	7166	phosphoribosylformylglycinamidine synthase II
0.0517190339067	7149	gamma-glutamyltransferase
0.0516032828167	7133	NUDIX hydrolase
0.0515960483735	7132	5-(carboxyamino)imidazole ribonucleotide synthase
0.0514585939541	7113	alanine dehydrogenase
0.0511981540016	7077	phosphoribosylformylglycinamidine cyclo-ligase
0.0510028240372	7050	choline dehydrogenase
0.0509955895941	7049	tRNA (adenosine(37)-N6)-threonylcarbamoyltransferase complex transferase subunit TsaD
0.0509811207078	7047	succinate--CoA ligase subunit alpha
0.0506845085397	7006	citrate (Si)-synthase
0.0501998008502	6939	iron ABC transporter permease
0.0501708630777	6935	thymidylate synthase
0.050069580874	6921	DNA mismatch repair protein MutL
0.050011705329	6913	glycine cleavage system protein T
0.0498525475802	6891	lipoyl synthase
0.0497657342627	6879	LLM class flavin-dependent oxidoreductase
0.0496138109571	6858	phosphoenolpyruvate synthase
0.0495704042983	6852	MoxR family ATPase
0.0495487009689	6849	thioredoxin
0.0494329498789	6833	homoserine dehydrogenase
0.0494040121064	6829	pirin family protein
0.0491797443695	6798	1-deoxy-D-xylulose-5-phosphate reductoisomerase
0.0491652754833	6796	16S rRNA (cytosine(1402)-N(4))-methyltransferase
0.0491652754833	6796	DNA topoisomerase III
0.0491001654951	6787	catalase-peroxidase
0.0490639932795	6782	(2Fe-2S)-binding protein
0.0488397255426	6751	phosphoserine transaminase
0.0486371611351	6723	23S rRNA (adenine(2503)-C(2))-methyltransferase RlmN
0.0486371611351	6723	AMP-dependent synthetase
0.0486299266919	6722	aspartate carbamoyltransferase
0.0486009889194	6718	rod shape-determining protein RodA
0.0484780033863	6701	leucyl aminopeptidase
0.0484780033863	6701	glutamyl-tRNA reductase
0.0484345967275	6695	50S ribosomal protein L2
0.0481958601044	6662	peptidase M1
0.04811628123	6651	methylmalonate-semialdehyde dehydrogenase (CoA acylating)
0.0480945779006	6648	homoserine O-acetyltransferase
0.047942654595	6627	TIGR02099 family protein
0.0478920134931	6620	ferredoxin
0.0478486068343	6614	aminoacetone oxidase family FAD-binding enzyme
0.0477907312893	6606	phosphomannomutase/phosphoglucomutase
0.0476822146425	6591	amino acid ABC transporter permease
0.0475302913368	6570	carbamoyl phosphate synthase small subunit
0.0473060235999	6539	ATP-dependent Clp protease proteolytic subunit
0.047255382498	6532	VOC family protein
0.0472336791687	6529	esterase
0.0472119758393	6526	UDP-N-acetylenolpyruvoylglucosamine reductase
0.0471830380668	6522	NAD-dependent succinate-semialdehyde dehydrogenase
0.047139631408	6516	CTP synthase
0.0470455836474	6503	GTPase ObgE
0.046966004773	6492	MULTISPECIES: ABC transporter ATP-binding protein
0.0469587703299	6491	XRE family transcriptional regulator
0.046850253683	6476	energy-dependent translational throttle protein EttA
0.046792378138	6468	3-phosphoshikimate 1-carboxyvinyltransferase
0.0467779092517	6466	single-stranded DNA-binding protein
0.0465536415148	6435	phosphoenolpyruvate--protein phosphotransferase
0.0465391726286	6433	N-acetyl-gamma-glutamyl-phosphate reductase
0.0465174692992	6430	cytochrome c oxidase subunit II
0.0464957659698	6427	phage portal protein
0.0464161870954	6416	ParA family protein
0.0462353260173	6391	O-succinylhomoserine sulfhydrylase
0.0461919193585	6385	chromosome partitioning protein ParB
0.0461774504723	6383	L-aspartate oxidase
0.0461195749273	6375	magnesium transporter
0.046047230496	6365	glycine--tRNA ligase subunit beta
0.045989354951	6357	cryptochrome/photolyase family protein
0.0458229627591	6334	4-hydroxy-tetrahydrodipicolinate synthase
0.0456782738966	6314	MarR family transcriptional regulator
0.0456203983516	6306	sugar kinase
0.0456059294653	6304	8-amino-7-oxononanoate synthase
0.0455552883635	6297	type I methionyl aminopeptidase
0.0455046472616	6290	carbohydrate kinase
0.0454757094891	6286	phosphoribosylaminoimidazolesuccinocarboxamide synthase
0.0452659106384	6257	bifunctional phosphopantothenoylcysteine decarboxylase/phosphopantothenate--cysteine ligase CoaBC
0.0452152695365	6250	serine protease
0.0450633462309	6229	long-chain-fatty-acid--CoA ligase
0.0447522651765	6186	NAD-dependent epimerase
0.0446365140865	6170	branched-chain amino acid ABC transporter substrate-binding protein
0.0445569352121	6159	RND transporter
0.0444339496789	6142	CTP synthetase
0.0443760741339	6134	C4-dicarboxylate ABC transporter substrate-binding protein
0.0443543708046	6131	beta-N-acetylhexosaminidase
0.0443254330321	6127	5-oxoprolinase
0.0442530886008	6117	peptidase M23
0.0442169163852	6112	molybdopterin molybdenumtransferase MoeA
0.0441807441695	6107	tRNA guanosine(34) transglycosylase Tgt
0.0439926486483	6081	endonuclease
0.0439564764326	6076	2-oxoglutarate dehydrogenase subunit E1
0.0439564764326	6076	TatD family deoxyribonuclease
0.0439275386601	6072	signal recognition particle-docking protein FtsY
0.0438190220133	6057	biopolymer transporter ExbD
0.0435875198332	6025	uroporphyrinogen decarboxylase
0.043573050947	6023	magnesium chelatase
0.0435585820607	6021	lysine decarboxylase
0.0435441131745	6019	YgiQ family radical SAM protein
0.0434066587551	6000	30S ribosomal protein S2
0.0433849554257	5997	metal-dependent hydrolase
0.0433777209826	5996	beta-glucosidase
0.0433487832101	5992	sugar ABC transporter ATP-binding protein
0.0433053765513	5986	AAA family ATPase
0.0432909076651	5984	FAD-binding protein
0.0432113287907	5973	PhoH family protein
0.0430738743713	5954	amino acid ABC transporter substrate-binding protein
0.0430521710419	5951	GTPase Era
0.0429653577244	5939	methionyl-tRNA formyltransferase
0.0429653577244	5939	acetolactate synthase, large subunit, biosynthetic type
0.042943654395	5936	alanine racemase
0.0429002477363	5930	bifunctional phosphoribosylaminoimidazolecarboxamide formyltransferase/IMP cyclohydrolase
0.0428713099638	5926	exopolyphosphatase
0.0426832144425	5900	protein translocase subunit SecDF
0.0423866022743	5859	MATE family efflux transporter
0.0423721333881	5857	DNA polymerase IV
0.042364898945	5856	cation transporter
0.0421478656512	5826	shikimate dehydrogenase
0.0420682867768	5815	2-hydroxyhepta-2,4-diene-1,7-dioate isomerase
0.0419453012437	5798	oligopeptidase A
0.0419380668005	5797	alkaline phosphatase
0.0417572057224	5772	DNA polymerase III subunit delta
0.0417282679499	5768	30S ribosomal protein S3
0.0416125168599	5752	ribonucleoside-diphosphate reductase, adenosylcobalamin-dependent
0.0415329379855	5741	peptide ABC transporter substrate-binding protein
0.041504000213	5737	carbohydrate ABC transporter permease
0.0414099524523	5724	bifunctional phosphoribosylaminoimidazolecarboxamide formyltransferase/inosine monophosphate cyclohydrolase
0.0413086702486	5710	cation acetate symporter
0.0412435602605	5701	histidine phosphatase family protein
0.0410844025117	5679	glycerol kinase
0.0409758858648	5664	protoheme IX farnesyltransferase
0.0409107758767	5655	chromate transporter
0.040874603661	5650	dihydropteroate synthase
0.0408022592298	5640	cupin
0.0407371492416	5631	heme-binding protein
0.0405924603791	5611	succinate dehydrogenase
0.0405779914929	5609	glutamate 5-kinase
0.0405707570497	5608	DUF349 domain-containing protein
0.0405635226066	5607	IclR family transcriptional regulator
0.0404188337441	5587	anthranilate phosphoribosyltransferase
0.0403320204266	5575	NADH oxidoreductase (quinone) subunit F
0.0403247859835	5574	penicillin acylase family protein
0.0402524415522	5564	bifunctional ornithine acetyltransferase/N-acetylglutamate synthase
0.0402090348935	5558	alpha-L-fucosidase
0.0401077526897	5544	cell division protein FtsA
0.0400571115878	5537	polyprenyl synthetase family protein
0.0399847671566	5527	ferrochelatase
0.0398762505097	5512	monooxygenase
0.0397749683059	5498	16S rRNA (cytidine(1402)-2'-O)-methyltransferase
0.0397749683059	5498	transaldolase
0.0397170927609	5490	RNA polymerase sigma-54 factor
0.0396158105571	5476	50S ribosomal protein L1
0.0395217627965	5463	2,3,4,5-tetrahydropyridine-2,6-dicarboxylate N-succinyltransferase
0.0394277150359	5450	peptidase M61
0.0393915428202	5445	aldehyde dehydrogenase family protein
0.039377073934	5443	dihydroorotate dehydrogenase (quinone)
0.0393336672752	5437	peptidase M20
0.0393119639459	5434	replication-associated recombination protein A
0.039261322844	5427	cytochrome C
0.0392106817421	5420	pyruvate, phosphate dikinase
0.0391383373108	5410	ATP-dependent DNA helicase RecG
0.0390804617658	5402	A/G-specific adenine glycosylase
0.0390225862208	5394	ATP synthase subunit alpha
0.0389936484483	5390	RNA polymerase sigma factor
0.0389357729033	5382	peptidase M16
0.0388996006877	5377	ribosome small subunit-dependent GTPase A
0.0387115051664	5351	deoxyguanosinetriphosphate triphosphohydrolase
0.0385234096451	5325	triose-phosphate isomerase
0.0384655341001	5317	diaminopimelate epimerase
0.0384293618845	5312	DUF2723 domain-containing protein
0.0383859552257	5306	gamma-glutamyltransferase family protein
0.0381472186026	5273	glycosyl transferase family 1
0.0381038119438	5267	4-hydroxy-tetrahydrodipicolinate reductase
0.0380821086145	5264	50S ribosomal protein L3
0.0380314675126	5257	peptidase M28
0.0379301853088	5243	sodium:proton antiporter
0.0378795442069	5236	methylenetetrahydrofolate reductase
0.0377927308894	5224	peptide deformylase
0.0377637931169	5220	magnesium chelatase subunit H
0.0377420897875	5217	UDP-N-acetylmuramoyl-tripeptide--D-alanyl-D-alanine ligase
0.0376914486857	5210	bifunctional 3,4-dihydroxy-2-butanone-4-phosphate synthase/GTP cyclohydrolase II
0.0376408075838	5203	HAD family hydrolase
0.0376191042544	5200	apolipoprotein N-acyltransferase
0.0375467598231	5190	phosphate ABC transporter ATP-binding protein
0.0375105876075	5185	glycerol-3-phosphate dehydrogenase
0.0374744153919	5180	YebC/PmpR family DNA-binding transcriptional regulator
0.0374671809488	5179	endonuclease III
0.0374382431763	5175	DNA recombination protein RmuC
0.0374165398469	5172	SulP family inorganic anion transporter
0.0372067409962	5143	dihydrolipoyllysine-residue succinyltransferase
0.0371850376669	5140	exodeoxyribonuclease VII large subunit
0.0371488654512	5135	nitronate monooxygenase
0.0371054587925	5129	prolipoprotein diacylglyceryl transferase
0.037018645475	5117	twin-arginine translocase subunit TatC
0.0369101288281	5102	flagellar biosynthesis protein FlhA
0.0368522532831	5094	DNA polymerase III subunit epsilon
0.0368522532831	5094	thioesterase
0.0367943777381	5086	homoserine kinase
0.0367292677499	5077	UMP kinase
0.0367075644205	5074	lipid-A-disaccharide synthase
0.0367003299774	5073	peptidase M24 family protein
0.0366858610912	5071	GGDEF domain-containing protein
0.0364760622405	5042	penicillin-binding protein 1A
0.0364760622405	5042	acetylglutamate kinase
0.0364615933543	5040	alkaline phosphatase family protein
0.0364398900249	5037	IS3 family transposase
0.0364254211386	5035	16S rRNA (adenine(1518)-N(6)/adenine(1519)-N(6))-dimethyltransferase
0.0364181866955	5034	30S ribosomal protein S4
0.036389248923	5030	aromatic ring-hydroxylating dioxygenase subunit alpha
0.0362807322761	5015	threonylcarbamoyl-AMP synthase
0.0362228567311	5007	ornithine carbamoyltransferase
0.036215622288	5006	ABC-ATPase UvrA
0.0361215745274	4993	nucleotidyltransferase
0.0360275267667	4980	glucose-6-phosphate dehydrogenase
0.0359334790061	4967	cytochrome c oxidase accessory protein CcoG
0.0359045412336	4963	ATP-dependent Clp protease ATP-binding subunit ClpX
0.0358104934729	4950	ATP phosphoribosyltransferase
0.0357743212573	4945	site-specific tyrosine recombinase XerD
0.0357670868142	4944	bifunctional glutamine synthetase adenylyltransferase/deadenyltransferase
0.0357309145986	4939	recombinase RecA
0.0356151635085	4923	nicotinate phosphoribosyltransferase
0.0355789912929	4918	adenylate kinase
0.0355355846342	4912	UDP-3-O-(3-hydroxymyristoyl)glucosamine N-acyltransferase
0.0354632402029	4902	3-deoxy-7-phosphoheptulonate synthase
0.0354270679873	4897	uracil-DNA glycosylase
0.0353474891129	4886	GTP-binding protein YchF
0.0353474891129	4886	ATP-dependent protease ATP-binding subunit ClpX
0.0353040824541	4880	ribulose-phosphate 3-epimerase
0.0352606757954	4874	glycoside hydrolase family 2
0.0352100346935	4867	beta-ketoacyl-ACP reductase
0.0352100346935	4867	3-methyl-2-oxobutanoate hydroxymethyltransferase
0.035065345831	4847	short chain dehydrogenase
0.0350364080585	4843	glutamate racemase
0.0348772503097	4821	4-hydroxythreonine-4-phosphate dehydrogenase PdxA
0.0348483125372	4817	DNA (cytosine-5-)-methyltransferase
0.0348266092078	4814	tryptophan synthase subunit alpha
0.0348121403216	4812	acyl-CoA desaturase
0.0347976714353	4810	NAD-dependent dehydratase
0.0347687336628	4806	superoxide dismutase
0.0345951070278	4782	tRNA uridine-5-carboxymethylaminomethyl(34) synthesis GTPase MnmE
0.0345878725847	4781	MmgE/PrpD family protein
0.0345010592672	4769	phosphatase PAP2 family protein
0.034493824824	4768	imidazole glycerol phosphate synthase subunit HisH
0.0344865903809	4767	BMP family ABC transporter substrate-binding protein
0.0344504181653	4762	KpsF/GutQ family sugar-phosphate isomerase
0.034378073734	4752	methylcrotonoyl-CoA carboxylase
0.0343636048478	4750	50S ribosomal protein L4
0.0343491359615	4748	aminoacyl-tRNA hydrolase
0.0343274326321	4745	F0F1 ATP synthase subunit gamma
0.034320198189	4744	UDP-glucose 4-epimerase GalE
0.0342767915303	4738	UDP-3-O
0.0342406193146	4733	porin
0.0341972126559	4727	DUF1800 domain-containing protein
0.0340669926796	4709	acetyl-CoA carboxylase carboxyl transferase subunit alpha
0.0340018826915	4700	DUF839 domain-containing protein
0.0339874138052	4698	3-phosphoglycerate dehydrogenase
0.0339440071465	4692	TetR family transcriptional regulator
0.0339367727033	4691	anhydro-N-acetylmuramic acid kinase
0.0339295382602	4690	type I secretion system permease/ATPase
0.033915069374	4688	orotate phosphoribosyltransferase
0.0338427249427	4678	recombination protein RecR
0.0338354904996	4677	GTP-binding protein
0.0337848493977	4670	epimerase
0.0337703805115	4668	glutamate--cysteine ligase
0.0336256916489	4648	DNA topoisomerase IV subunit B
0.0335822849902	4642	23S rRNA (guanosine(2251)-2'-O)-methyltransferase RlmB
0.0335822849902	4642	response regulator
0.0335750505471	4641	DNA helicase II
0.0335461127746	4637	orotidine-5'-phosphate decarboxylase
0.0335099405589	4632	NUDIX domain-containing protein
0.0334882372295	4629	3-hydroxybutyryl-CoA dehydrogenase
0.0334520650139	4624	DNA polymerase III subunit gamma/tau
0.0334375961277	4622	ribonuclease
0.0334303616845	4621	AI-2E family transporter
0.033343548367	4609	malate synthase G
0.0333001417083	4603	SusD/RagB family nutrient-binding outer membrane lipoprotein
0.033285672822	4601	undecaprenyl-diphosphatase
0.0332350317201	4594	tRNA epoxyqueuosine(34) reductase QueG
0.0332350317201	4594	ribonucleotide-diphosphate reductase subunit beta
0.0332060939476	4590	beta-galactosidase
0.0331337495164	4580	mandelate racemase
0.0330903428576	4574	DUF1552 domain-containing protein
0.0330686395282	4571	6-phosphofructokinase
0.0329456539951	4554	phosphoglycerate dehydrogenase
0.0329094817795	4549	ribonuclease III
0.0328081995757	4535	branched chain amino acid aminotransferase
0.0327503240307	4527	nitrite reductase
0.0326273384976	4510	GTP 3',8-cyclase MoaA
0.0325984007251	4506	D-alanine--D-alanine ligase
0.0324971185213	4492	HD domain-containing protein
0.0324898840782	4491	acetyl-CoA synthetase
0.0324320085332	4483	phosphoenolpyruvate carboxykinase (GTP)
0.0324103052038	4480	4-(cytidine 5'-diphospho)-2-C-methyl-D-erythritol kinase
0.032366898545	4474	cytochrome b
0.0322945541138	4464	MerR family transcriptional regulator
0.0322945541138	4464	hydrophobe/amphiphile efflux-1 family RND transporter
0.0322873196707	4463	50S ribosomal protein L6
0.0322005063531	4451	ribonucleoside-diphosphate reductase
0.0321570996944	4445	bifunctional aconitate hydratase 2/2-methylisocitrate dehydratase
0.0321209274788	4440	lipid A biosynthesis acyltransferase
0.0320992241494	4437	RidA family protein
0.0320558174906	4431	ammonia channel protein
0.0320413486044	4429	hydroxymethylbilane synthase
0.0319834730594	4421	3-deoxy-8-phosphooctulonate synthase
0.0319762386162	4420	PLP-dependent aminotransferase family protein
0.0319762386162	4420	50S ribosomal protein L5
0.0319328319575	4414	TIGR00730 family Rossman fold protein
0.0319255975144	4413	potassium transporter
0.0319111286281	4411	rhomboid family intramembrane serine protease
0.0318243153106	4399	UDP-glucose 4-epimerase
0.0317519708793	4389	porphobilinogen synthase
0.0317519708793	4389	alpha-glucosidase
0.0317447364362	4388	glutamine--tRNA ligase
0.0317375019931	4387	inositol monophosphatase
0.0317157986637	4384	protein translocase subunit SecF
0.0316868608912	4380	SDR family oxidoreductase
0.031672392005	4378	protein-(glutamine-N5) methyltransferase, release factor-specific
0.0316434542325	4374	metallophosphoesterase
0.0316000475737	4368	dihydrodipicolinate synthase family protein
0.0315349375856	4359	UDP-N-acetylglucosamine 2-epimerase (non-hydrolyzing)
0.0315059998131	4355	acyl
0.0314481242681	4347	permease
0.0314264209387	4344	threonine ammonia-lyase
0.0313974831662	4340	rhodanese domain-containing protein
0.0313974831662	4340	3-isopropylmalate dehydratase small subunit
0.031274497633	4323	PKD domain-containing protein
0.0311804498724	4310	RNB domain-containing ribonuclease
0.031158746543	4307	pyridoxamine 5'-phosphate oxidase
0.0311081054411	4300	phosphate ABC transporter, permease protein PstA
0.0310646987824	4294	heavy metal translocating P-type ATPase
0.0310212921236	4288	urocanate hydratase
0.0309200099199	4274	elongation factor P
0.0309200099199	4274	phosphate ABC transporter permease subunit PstC
0.0306161633086	4232	polyphosphate kinase 1
0.0304859433323	4214	putative lipid II flippase FtsW
0.0304570055598	4210	tRNA (adenosine(37)-N6)-dimethylallyltransferase MiaA
0.0304497711167	4209	diguanylate cyclase
0.0304280677873	4206	peptidase M13
0.0304280677873	4206	type I restriction endonuclease subunit R
0.0303701922423	4198	ferrous iron transporter B
0.0303629577992	4197	phospho-sugar mutase
0.0302833789248	4186	oxygen-independent coproporphyrinogen III oxidase
0.0302544411523	4182	hydroxymethylglutaryl-CoA lyase
0.0302544411523	4182	tRNA pseudouridine(55) synthase TruB
0.0300735800741	4157	Fe-S protein assembly chaperone HscA
0.0300735800741	4157	asparagine--tRNA ligase
0.0300157045291	4149	glutathione peroxidase
0.030008470086	4148	citramalate synthase
0.0299722978704	4143	ABC transporter ATP-binding protein/permease
0.0299650634273	4142	DNA recombination/repair protein RecA
0.0299650634273	4142	pantoate--beta-alanine ligase
0.029950594541	4140	sugar ABC transporter substrate-binding protein
0.0299071878822	4134	FMN-binding glutamate synthase family protein
0.0298782501097	4130	ATP synthase subunit beta
0.0298420778941	4125	ribonuclease HII
0.0297407956904	4111	RIP metalloprotease RseP
0.0297263268041	4109	restriction endonuclease
0.0297046234747	4106	metalloprotease TldD
0.0296178101572	4094	translation initiation factor IF-3
0.0295816379416	4089	UDP-2,3-diacylglucosamine diphosphatase
0.0295382312828	4083	glycogen synthase
0.0295237623966	4081	50S ribosomal protein L11 methyltransferase
0.0295020590672	4078	acetolactate synthase large subunit
0.0294948246241	4077	aspartate aminotransferase
0.0294441835222	4070	DNA topoisomerase IV
0.0293935424203	4063	NAD(P)(+) transhydrogenase (Re/Si-specific) subunit alpha
0.0293646046478	4059	CCA tRNA nucleotidyltransferase
0.0293284324322	4054	isoprenyl transferase
0.0292560880009	4044	signal peptide peptidase SppA
0.0291837435697	4034	riboflavin biosynthesis protein RibD
0.0291765091265	4033	3-deoxy-D-manno-octulosonic acid transferase
0.0291113991384	4024	tetraacyldisaccharide 4'-kinase
0.0291041646953	4023	guanylate kinase
0.0290752269228	4019	phosphate starvation-inducible protein PhoH
0.0290101169346	4010	DNA repair protein RecO
0.0289450069465	4001	SCO family protein
0.0288943658446	3994	lipid A export permease/ATP-binding protein MsbA
0.028858193629	3989	flagellin
0.0287930836409	3980	RluA family pseudouridine synthase
0.0287858491977	3979	fumarylacetoacetate hydrolase
0.0287858491977	3979	DUF58 domain-containing protein
0.0287641458684	3976	pyrroline-5-carboxylate reductase
0.0287496769821	3974	M23 family peptidase
0.0287352080959	3972	LLM class F420-dependent oxidoreductase
0.0287207392096	3970	dTMP kinase
0.0287135047665	3969	rRNA methyltransferase
0.0287135047665	3969	UDP-2,3-diacylglucosamine hydrolase
0.0286556292215	3961	pyridoxine 5'-phosphate synthase
0.0285471125746	3946	competence/damage-inducible protein A
0.0284602992571	3934	multidrug efflux RND transporter permease subunit
0.0284096581552	3927	class I poly(R)-hydroxyalkanoic acid synthase
0.0283300792808	3916	chorismate mutase
0.0282939070652	3911	ATPase AAA
0.0282360315202	3903	DNA helicase
0.0282143281908	3900	3-deoxy-manno-octulosonate cytidylyltransferase
0.0282143281908	3900	altronate dehydratase
0.0281998593046	3898	NAD kinase
0.0281202804302	3887	flagellar motor protein MotA
0.028113045987	3886	alpha-hydroxy-acid oxidizing enzyme
0.028055170442	3878	bifunctional folylpolyglutamate synthase/dihydrofolate synthase
0.0280045293402	3871	carbonic anhydrase
0.027997294897	3870	UDP-N-acetylmuramate:L-alanyl-gamma-D-glutamyl-meso-diaminopimelate ligase
0.027939419352	3862	elongation factor Ts
0.0279177160226	3859	aminoglycoside phosphotransferase
0.0279032471364	3857	ubiquinone biosynthesis regulatory protein kinase UbiB
0.0278164338189	3845	divalent metal cation transporter
0.0278091993758	3844	amino acid ABC transporter ATP-binding protein
0.0277874960464	3841	GDP-fucose synthetase
0.0277730271601	3839	formate--tetrahydrofolate ligase
0.0277368549445	3834	alpha-ketoglutarate decarboxylase
0.0277151516151	3831	succinyl-diaminopimelate desuccinylase
0.0276789793995	3826	alpha-galactosidase
0.0276789793995	3826	phosphoglyceromutase
0.0276789793995	3826	restriction endonuclease subunit R
0.0276717449564	3825	aminodeoxychorismate lyase
0.0276283382976	3819	rRNA pseudouridine synthase
0.0276283382976	3819	branched-chain amino acid aminotransferase
0.0275849316389	3813	30S ribosomal protein S5
0.0275849316389	3813	electron transfer flavoprotein-ubiquinone oxidoreductase
0.0275632283095	3810	indole-3-glycerol-phosphate synthase
0.0275632283095	3810	NAD(P)-dependent alcohol dehydrogenase
0.0275487594232	3808	nicotinate-nucleotide diphosphorylase (carboxylating)
0.0275198216507	3804	glycerophosphodiester phosphodiesterase
0.0274330083332	3792	fatty acid desaturase
0.027418539447	3790	energy transducer TonB
0.0273678983451	3783	3'-5' exonuclease
0.0272593816982	3768	betaine-aldehyde dehydrogenase
0.0272159750394	3762	alkyl hydroperoxide reductase subunit F
0.0272087405963	3761	xanthine dehydrogenase molybdopterin binding subunit
0.0272087405963	3761	phosphomethylpyrimidine synthase ThiC
0.0271653339376	3755	50S ribosomal protein L25
0.0271508650513	3753	formyltetrahydrofolate deformylase
0.0271436306082	3752	peptide-methionine (S)-S-oxide reductase
0.02707852062	3743	methyl-accepting chemotaxis protein
0.0270423484044	3738	alkene reductase
0.0270351139613	3737	50S ribosomal protein L10
0.0269555350869	3726	ribonuclease PH
0.0269555350869	3726	thiamine-phosphate kinase
0.0269338317575	3723	cystathionine gamma-synthase
0.0269193628713	3721	RNase adaptor protein RapZ
0.0269193628713	3721	two-component system response regulator
0.0268831906556	3716	tetratricopeptide repeat protein
0.0268759562125	3715	sorbosone dehydrogenase
0.0268759562125	3715	lysophospholipid transporter LplT
0.0268542528831	3712	glycerate kinase
0.0268542528831	3712	pyruvate carboxylase
0.0268397839969	3710	ribonucleotide-diphosphate reductase subunit alpha
0.0268325495538	3709	NAD-dependent epimerase/dehydratase family protein
0.0268036117813	3705	haloacid dehalogenase
0.0267819084519	3702	bifunctional demethylmenaquinone methyltransferase/2-methoxy-6-polyprenyl-1,4-benzoquinol methylase
0.0267674395656	3700	gluconolactonase
0.0267602051225	3699	dienelactone hydrolase family protein
0.0267095640206	3692	phosphotransferase family protein
0.026673391805	3687	deoxyribodipyrimidine photolyase
0.0266299851462	3681	ABC-F family ATPase
0.0266299851462	3681	peptidase M3
0.0266082818169	3678	nitrogen regulation protein NR(I)
0.0265938129306	3676	cytochrome c4
0.0265865784875	3675	molybdopterin oxidoreductase
0.0265721096012	3673	DUF885 domain-containing protein
0.0265504062719	3670	sulfate adenylyltransferase
0.0265431718287	3669	non-ribosomal peptide synthetase
0.0265287029425	3667	bifunctional aspartate kinase/homoserine dehydrogenase I
0.0265214684994	3666	UDP-N-acetylglucosamine diphosphorylase/glucosamine-1-phosphate N-acetyltransferase
0.0265142340562	3665	mannose-1-phosphate guanylyltransferase/mannose-6-phosphate isomerase
0.0265069996131	3664	acetate--CoA ligase
0.0265069996131	3664	phosphatidate cytidylyltransferase
0.0265069996131	3664	sodium-dependent bicarbonate transport family permease
0.02649976517	3663	heat-inducible transcriptional repressor HrcA
0.0264346551818	3654	phosphate acyltransferase
0.02638401408	3647	1-pyrroline-5-carboxylate dehydrogenase
0.02638401408	3647	4Fe-4S ferredoxin
0.0263695451937	3645	cystathionine beta-lyase
0.0263406074212	3641	signal peptidase I
0.0263333729781	3640	cytochrome ubiquinol oxidase subunit I
0.026326138535	3639	hydroxyacid dehydrogenase
0.0263189040918	3638	1,4-alpha-glucan branching enzyme
0.0262899663193	3634	phosphoadenosine phosphosulfate reductase
0.026043995253	3600	tRNA preQ1(34) S-adenosylmethionine ribosyltransferase-isomerase QueA
0.0260367608099	3599	glycine dehydrogenase
0.0259933541512	3593	flagellar motor protein MotB
0.025986119708	3592	OmpA family protein
0.0259716508218	3590	aldolase
0.0259427130493	3586	rod shape-determining protein MreC
0.0259427130493	3586	16S rRNA (guanine(527)-N(7))-methyltransferase RsmG
0.0258776030612	3577	ATP-dependent DNA helicase Rep
0.0258486652886	3573	ribonuclease Y
0.0258414308455	3572	30S ribosomal protein S7
0.0258414308455	3572	phenylacetic acid degradation protein
0.0258341964024	3571	acetolactate synthase
0.025754617528	3560	ATP synthase F0 subunit A
0.0257256797555	3556	glutamine--tRNA ligase/YqeY domain fusion protein
0.0256750386536	3549	cupin domain-containing protein
0.0256533353243	3546	4-hydroxyphenylpyruvate dioxygenase
0.0256243975517	3542	propionate--CoA ligase
0.0256171631086	3541	glutamate-5-semialdehyde dehydrogenase
0.0255665220067	3534	5-methyltetrahydrofolate--homocysteine methyltransferase
0.0255303497911	3529	polysaccharide deacetylase
0.0254290675874	3515	histidine ammonia-lyase
0.0254001298148	3511	5-carboxymethyl-2-hydroxymuconate isomerase
0.0253205509405	3500	DNA replication and repair protein RecF
0.025291613168	3496	phytanoyl-CoA dioxygenase
0.025233737623	3488	cysteine synthase A
0.025233737623	3488	quinone oxidoreductase
0.0252192687367	3486	tRNA(Ile)-lysidine synthetase
0.0252047998504	3484	50S ribosomal protein L11
0.0251541587486	3477	50S ribosomal protein L13
0.0250601109879	3464	peptide ABC transporter permease
0.0250528765448	3463	electron transfer flavoprotein subunit alpha
0.0250456421017	3462	undecaprenyldiphospho-muramoylpentapeptide beta-N- acetylglucosaminyltransferase
0.0249877665567	3454	class II fructose-bisphosphate aldolase
0.0249154221254	3444	adenosine deaminase
0.0249009532392	3442	MULTISPECIES: MFS transporter
0.0248141399217	3430	PQQ-dependent dehydrogenase, methanol/ethanol family
0.0247852021492	3426	carbohydrate ABC transporter substrate-binding protein
0.0247128577179	3416	nuclear transport factor 2 family protein
0.0247128577179	3416	enoyl
0.0247128577179	3416	DNA helicase PcrA
0.0247056232748	3415	succinyldiaminopimelate transaminase
0.0247056232748	3415	Holliday junction branch migration protein RuvA
0.0246983888316	3414	prephenate dehydrogenase
0.0245754032985	3397	thioredoxin domain-containing protein
0.0245319966397	3391	bifunctional 5,10-methylene-tetrahydrofolate dehydrogenase/5,10-methylene-tetrahydrofolate cyclohydrolase
0.0245030588672	3387	fructose-bisphosphatase class I
0.0245030588672	3387	decarboxylase
0.024488589981	3385	saccharopine dehydrogenase
0.0244813555379	3384	lactate dehydrogenase
0.0244741210947	3383	magnesium and cobalt transport protein CorA
0.0244668866516	3382	CoA ester lyase
0.0244524177654	3380	phosphoserine phosphatase SerB
0.0244090111066	3374	GTP cyclohydrolase I FolE
0.0243945422204	3372	crossover junction endodeoxyribonuclease RuvC
0.024372838891	3369	exodeoxyribonuclease V subunit beta
0.0243583700047	3367	TRAP transporter small permease
0.0243221977891	3362	5'/3'-nucleotidase SurE
0.0243077289028	3360	carbohydrate kinase family protein
0.0242715566872	3355	phosphatidylserine decarboxylase
0.0242136811422	3347	gamma-glutamyl-phosphate reductase
0.0242064466991	3346	tRNA-guanine(34) transglycosylase
0.0241919778128	3344	RelA/SpoT family protein
0.0241775089266	3342	DNA topoisomerase (ATP-hydrolyzing) subunit B
0.0241630400403	3340	NAD synthetase
0.0241341022678	3336	tartrate dehydrogenase
0.0241123989384	3333	peptidase S8
0.0240183511778	3320	metalloprotease PmbA
0.0239966478484	3317	MBL fold hydrolase
0.0239460067466	3310	pyridine nucleotide-disulfide oxidoreductase
0.0239243034172	3307	deoxyuridine 5'-triphosphate nucleotidohydrolase
0.023917068974	3306	outer membrane protein assembly factor BamD
0.023917068974	3306	phosphate transport system regulatory protein PhoU
0.0239098345309	3305	DNA polymerase III, subunit gamma and tau
0.0238881312015	3302	phosphogluconate dehydratase
0.0238664278722	3299	error-prone DNA polymerase
0.023859193429	3298	patatin
0.0238230212134	3293	class II aldolase
0.0237868489978	3288	asparagine synthetase B
0.0237868489978	3288	DNA helicase UvrD
0.0237651456684	3285	phytoene synthase
0.0237579112253	3284	tail-specific protease
0.0237506767822	3283	DNA-formamidopyrimidine glycosylase
0.023743442339	3282	23S rRNA (uracil(1939)-C(5))-methyltransferase
0.0237145045665	3278	MBOAT family protein
0.023627691249	3266	SsrA-binding protein
0.0236059879196	3263	transcription termination/antitermination protein NusG
0.0236059879196	3263	selenide, water dikinase SelD
0.0235987534765	3262	2-dehydropantoate 2-reductase
0.0235915190334	3261	dCTP deaminase
0.0235915190334	3261	acetyl-CoA carboxylase, carboxyltransferase subunit beta
0.0235553468178	3256	sugar transferase
0.0235481123746	3255	cysteine synthase B
0.0234902368296	3247	Nif3-like dinuclear metal center hexameric protein
0.0234830023865	3246	septum formation inhibitor Maf
0.0234757679434	3245	YjgP/YjgQ family permease
0.023454064614	3242	dihydrofolate reductase
0.0234395957277	3240	pantetheine-phosphate adenylyltransferase
0.0233817201827	3232	pyruvate dehydrogenase (acetyl-transferring) E1 component subunit alpha
0.0233238446377	3224	circularly permuted type 2 ATP-grasp protein
0.0232515002065	3214	riboflavin synthase
0.0231791557752	3204	bifunctional rhamnulose-1-phosphate aldolase/short-chain dehydrogenase
0.0231791557752	3204	UTP--glucose-1-phosphate uridylyltransferase
0.0231719213321	3203	adenylate/guanylate cyclase domain-containing protein
0.023164686889	3202	bifunctional UDP-N-acetylmuramoyl-tripeptide:D-alanyl-D-alanine ligase/alanine racemase
0.0231574524458	3201	F0F1 ATP synthase subunit A
0.0231502180027	3200	protein-L-isoaspartate O-methyltransferase
0.0231357491165	3198	nucleotide exchange factor GrpE
0.0231140457871	3195	sodium transporter
0.0231140457871	3195	collagen-binding protein
0.0230995769008	3193	arginase
0.0230706391283	3189	lipid II flippase MurJ
0.0230706391283	3189	lipoprotein-releasing system transmembrane subunit LolC
0.0230634046852	3188	inorganic phosphate transporter
0.0230561702421	3187	SELO family protein
0.0230489357989	3186	glucosamine-6-phosphate deaminase
0.0229910602539	3178	transcription elongation factor GreA
0.0229910602539	3178	twin-arginine translocation pathway signal protein
0.0229476535952	3172	PIN domain-containing protein
0.0229331847089	3170	thiol:disulfide interchange protein
0.0229042469364	3166	DedA family protein
0.0228970124933	3165	leucyl/phenylalanyl-tRNA--protein transferase
0.0227740269602	3148	hydrogenase
0.0227378547445	3143	30S ribosomal protein S8
0.0227306203014	3142	nucleoside-diphosphate kinase
0.0227016825289	3138	RNA pseudouridine synthase
0.0226438069839	3130	sterol desaturase
0.0226365725408	3129	16S rRNA (uracil(1498)-N(3))-methyltransferase
0.0226148692114	3126	5-(carboxyamino)imidazole ribonucleotide mutase
0.0226076347683	3125	biotin synthase BioB
0.0226004003251	3124	DNA methyltransferase
0.022593165882	3123	SAM-dependent DNA methyltransferase
0.0225714625526	3120	mannose-1-phosphate guanylyltransferase
0.0225642281095	3119	redox-regulated ATPase YchF
0.0225569936664	3118	glyoxalase
0.0225425247801	3116	ferrous iron transport protein B
0.022535290337	3115	ATP-dependent protease
0.022535290337	3115	Fe-S cluster assembly protein SufD
0.0225280558939	3114	thymidylate synthase (FAD)
0.0225063525645	3111	16S rRNA (cytosine(967)-C(5))-methyltransferase
0.0224991181214	3110	inorganic pyrophosphatase
0.022477414792	3107	MULTISPECIES: ABC transporter permease
0.0224701803489	3106	glutathione synthase
0.0224701803489	3106	ribonucleoside-triphosphate reductase, adenosylcobalamin-dependent
0.0224629459058	3105	1-(5-phosphoribosyl)-5
0.0224557114626	3104	phosphoribosylglycinamide formyltransferase
0.0224412425764	3102	Zn-dependent hydrolase
0.0224340081333	3101	type III pantothenate kinase
0.0224267736901	3100	3-deoxy-7-phosphoheptulonate synthase class II
0.022419539247	3099	NADH-quinone oxidoreductase subunit I
0.0223833670314	3094	polynucleotide adenylyltransferase PcnB
0.0223833670314	3094	transglycosylase
0.0223544292589	3090	OsmC domain/YcaO domain-containing protein
0.0223544292589	3090	tRNA (guanosine(37)-N1)-methyltransferase TrmD
0.0223399603726	3088	MRP family ATP-binding protein
0.0223254914864	3086	multidrug ABC transporter ATP-binding protein
0.0223182570432	3085	flagellar M-ring protein FliF
0.0222965537139	3082	23S rRNA (uracil(1939)-C(5))-methyltransferase RlmD
0.0222965537139	3082	protease
0.0222893192707	3081	PD-(D/E)XK nuclease family protein
0.0222893192707	3081	alpha-amlyase
0.0222531470551	3076	methylmalonyl Co-A mutase-associated GTPase MeaB
0.022245912612	3075	polyhydroxyalkanoate depolymerase
0.0222314437257	3073	50S ribosomal protein L15
0.0222169748395	3071	50S ribosomal protein L17
0.0221952715101	3068	glucose-1-phosphate adenylyltransferase
0.0221952715101	3068	imidazole glycerol phosphate synthase cyclase subunit
0.0221808026238	3066	quinolinate synthetase
0.0220867548632	3053	phosphodiesterase
0.0220795204201	3052	alpha-ketoacid dehydrogenase subunit beta
0.0220650515338	3050	D-alanyl-D-alanine carboxypeptidase
0.0220505826476	3048	2-hydroxyacid dehydrogenase
0.0220361137613	3046	cytidylate kinase
0.0219637693301	3036	Xaa-Pro aminopeptidase
0.0219637693301	3036	glycolate oxidase iron-sulfur subunit
0.0219348315576	3032	30S ribosomal protein S13
0.0219131282282	3029	CDP-diacylglycerol--glycerol-3-phosphate 3-phosphatidyltransferase
0.0218841904557	3025	Lrp/AsnC family transcriptional regulator
0.0218841904557	3025	LD-carboxypeptidase
0.0218769560126	3024	DNA internalization-related competence protein ComEC/Rec2
0.0218697215694	3023	Fic family protein
0.0218407837969	3019	biotin-
0.0218190804676	3016	2-amino-4-hydroxy-6-hydroxymethyldihydropteridine diphosphokinase
0.0218118460244	3015	phosphate ABC transporter substrate-binding protein PstS
0.0217829082519	3011	glutamate synthase
0.0217612049225	3008	cytochrome C biogenesis protein
0.02173226715	3004	YeeE/YedE family protein
0.0217250327069	3003	YihA family ribosome biogenesis GTP-binding protein
0.0217250327069	3003	gamma-aminobutyraldehyde dehydrogenase
0.0217033293775	3000	aconitate hydratase B
0.0216816260482	2997	imidazoleglycerol-phosphate dehydratase
0.0216454538325	2992	malonyl-CoA synthase
0.0216454538325	2992	dicarboxylate/amino acid:cation symporter
0.0216382193894	2991	dihydrolipoyllysine-residue acetyltransferase
0.02161651606	2988	tyrosine recombinase XerC
0.0215803438444	2983	AMP-binding protein
0.0215369371856	2977	DUF3108 domain-containing protein
0.0215224682994	2975	cytochrome c oxidase subunit 3
0.0214862960838	2970	PIG-L family deacetylase
0.021442889425	2964	bifunctional methylenetetrahydrofolate dehydrogenase/methenyltetrahydrofolate cyclohydrolase
0.021442889425	2964	tRNA (N(6)-L-threonylcarbamoyladenosine(37)-C(2))-methylthiotransferase MtaB
0.0214284205388	2962	rhodanese-like domain-containing protein
0.0214139516525	2960	catalase/peroxidase HPI
0.0213777794369	2955	DNA polymerase III subunit delta'
0.0213633105506	2953	glycine--tRNA ligase subunit alpha
0.021327138335	2948	bifunctional tetrahydrofolate synthase/dihydrofolate synthase
0.0213126694487	2946	O-acetylhomoserine aminocarboxypropyltransferase
0.0212982005625	2944	CDP-diacylglycerol--serine O-phosphatidyltransferase
0.02126926279	2940	monofunctional biosynthetic peptidoglycan transglycosylase
0.0212475594606	2937	thymidine phosphorylase
0.0212403250175	2936	cell division protein FtsK
0.0212186216881	2933	type II secretion system protein GspD
0.0211969183587	2930	cytochrome-c peroxidase
0.0211462772568	2923	enoyl-CoA hydratase/isomerase family protein
0.021095636155	2916	dephospho-CoA kinase
0.0210811672687	2914	dTDP-4-dehydrorhamnose 3,5-epimerase
0.0210666983825	2912	tRNA (guanosine(46)-N7)-methyltransferase TrmB
0.0210449950531	2909	riboflavin biosynthesis protein RibF
0.0210449950531	2909	urease subunit alpha
0.0210088228375	2904	acriflavine resistance protein B
0.0209943539512	2902	hydroxypyruvate isomerase
0.020979885065	2900	bifunctional pyr operon transcriptional regulator/uracil phosphoribosyltransferase
0.020979885065	2900	exodeoxyribonuclease V subunit gamma
0.0209581817356	2897	tRNA pseudouridine(38-40) synthase TruA
0.0208351962024	2880	sugar transporter
0.0208134928731	2877	lipase
0.0208062584299	2876	50S ribosomal protein L16
0.0207845551006	2873	LPS export ABC transporter permease LptF
0.0207483828849	2868	isoquinoline 1-oxidoreductase
0.0207411484418	2867	murein biosynthesis integral membrane protein MurJ
0.0207411484418	2867	50S ribosomal protein L9
0.0207339139987	2866	ribosome-recycling factor
0.0207122106693	2863	uroporphyrinogen-III synthase
0.0206832728968	2859	TIGR01777 family protein
0.0206471006812	2854	3-dehydroquinate dehydratase
0.0206471006812	2854	sulfate adenylyltransferase small subunit
0.0206471006812	2854	ATP phosphoribosyltransferase regulatory subunit
0.020639866238	2853	vitamin B12-dependent ribonucleotide reductase
0.0206036940224	2848	succinyl-CoA--3-ketoacid-CoA transferase
0.0205747562499	2844	LPS export ABC transporter permease LptG
0.0205675218068	2843	1,4-dihydroxy-2-naphthoyl-CoA synthase
0.0205458184774	2840	Fe-S-binding ATPase
0.0204951773755	2833	imidazole glycerol phosphate synthase subunit HisF
0.0204951773755	2833	APC family permease
0.020408364058	2821	RecQ family ATP-dependent DNA helicase
0.0204011296149	2820	bifunctional 3-phosphoshikimate 1-carboxyvinyltransferase/cytidylate kinase
0.0203938951718	2819	tripartite tricarboxylate transporter permease
0.0203866607286	2818	2-C-methyl-D-erythritol 2,4-cyclodiphosphate synthase
0.0203794262855	2817	HAD family phosphatase
0.0203360196268	2811	copper transporter
0.0203287851836	2810	bifunctional riboflavin kinase/FMN adenylyltransferase
0.0203215507405	2809	phosphoesterase
0.0202998474111	2806	cell division protein ZapE
0.0202998474111	2806	30S ribosomal protein S9
0.0202709096386	2802	amino-acid N-acetyltransferase
0.0202492063092	2799	3-methylcrotonyl-CoA carboxylase
0.0202419718661	2798	histone deacetylase
0.0202130340936	2794	ATP-dependent RNA helicase
0.0201913307642	2791	fumarate reductase/succinate dehydrogenase flavoprotein subunit
0.0201840963211	2790	asparagine synthase (glutamine-hydrolyzing)
0.0201262207761	2782	peptidoglycan glycosyltransferase
0.020118986333	2781	30S ribosomal protein S12
0.0200900485605	2777	2,3-bisphosphoglycerate-independent phosphoglycerate mutase
0.0200466419017	2771	S26 family signal peptidase
0.0200177041292	2767	thiosulfohydrolase SoxB
0.020003235243	2765	alpha-L-rhamnosidase
0.0199742974705	2761	glycine C-acetyltransferase
0.0199525941411	2758	2-C-methyl-D-erythritol 4-phosphate cytidylyltransferase
0.0199381252548	2756	nitrate reductase
0.0198802497098	2748	threonine aldolase
0.0198368430511	2742	electron transfer flavoprotein subunit alpha/FixB family protein
0.0198079052786	2738	phage major capsid protein
0.0196632164161	2718	isochorismate synthase
0.0196125753142	2711	shikimate kinase
0.019605340871	2710	adenosylmethionine--8-amino-7-oxononanoate transaminase
0.019605340871	2710	fatty acid hydroxylase
0.019605340871	2710	phosphonate ABC transporter ATP-binding protein
0.0195981064279	2709	cell division protein
0.0195908719848	2708	imidazolonepropionase
0.0195836375417	2707	6,7-dimethyl-8-ribityllumazine synthase
0.0195691686554	2705	segregation/condensation protein A
0.0195402308829	2701	acetolactate synthase small subunit
0.0195257619967	2699	uracil phosphoribosyltransferase
0.0195112931104	2697	fructose-bisphosphate aldolase class II
0.0194968242242	2695	50S ribosomal protein L19
0.0194823553379	2693	DUF1343 domain-containing protein
0.0194678864517	2691	tRNA threonylcarbamoyladenosine dehydratase
0.0194534175654	2689	class I SAM-dependent DNA methyltransferase
0.0194172453498	2684	30S ribosomal protein S11
0.0193810731341	2679	cytochrome-c oxidase
0.019373838691	2678	tRNA nucleotidyltransferase
0.0192942598166	2667	tRNA (adenosine(37)-N6)-threonylcarbamoyltransferase complex dimerization subunit type 1 TsaB
0.0192870253735	2666	agmatinase
0.019258087601	2662	tRNA 2-selenouridine(34) synthase MnmH
0.0192146809422	2656	Bcr/CflA family drug resistance efflux transporter
0.0192074464991	2655	type IX secretion system membrane protein PorP/SprF
0.0192074464991	2655	tryptophan 2,3-dioxygenase
0.0191929776129	2653	gamma carbonic anhydrase family protein
0.0191929776129	2653	glutathione S-transferase family protein
0.0191712742835	2650	alpha-mannosidase
0.0191640398404	2649	phosphoheptose isomerase
0.019142336511	2646	DNA-processing protein DprA
0.0191133987385	2642	c-type cytochrome biogenesis protein CcmF
0.0190916954091	2639	glutamine-fructose-6-phosphate transaminase (isomerizing)
0.0190193509779	2629	repressor LexA
0.0190121165347	2628	dioxygenase
0.018968709876	2622	kynureninase
0.0189542409897	2620	transcriptional repressor
0.0189542409897	2620	CDP-6-deoxy-delta-3,4-glucoseen reductase
0.0189470065466	2619	50S ribosomal protein L14
0.0189397721035	2618	spermidine synthase
0.0189397721035	2618	quinol:cytochrome C oxidoreductase
0.0189325376603	2617	acetoacetyl-CoA synthetase
0.0189180687741	2615	NADH-quinone oxidoreductase subunit C
0.0189035998878	2613	co-chaperone GroES
0.0188891310016	2611	SIS domain-containing protein
0.0188457243428	2605	arginine decarboxylase
0.0187733799116	2595	tellurium resistance protein TerC
0.0187589110253	2593	RNA polymerase subunit sigma
0.0187372076959	2590	DoxX family protein
0.0186865665941	2583	flagellar hook-associated protein FlgK
0.0186793321509	2582	bifunctional N-acetylglucosamine-1-phosphate uridyltransferase/glucosamine-1-phosphate acetyltransferase
0.0186793321509	2582	multidrug transporter AcrB
0.0186576288216	2579	exo-alpha-sialidase
0.0186359254922	2576	NADPH:quinone reductase
0.0186214566059	2574	WYL domain-containing protein
0.0186142221628	2573	glutamate dehydrogenase
0.0185635810609	2566	universal stress protein
0.0185491121747	2564	YggS family pyridoxal phosphate-dependent enzyme
0.0185491121747	2564	type II/IV secretion system protein
0.0185201744022	2560	NADH:flavin oxidoreductase/NADH oxidase
0.0184767677434	2554	S-adenosylmethionine:tRNA ribosyltransferase-isomerase
0.0184622988572	2552	sulfate ABC transporter substrate-binding protein
0.0184622988572	2552	oligoribonuclease
0.0184478299709	2550	sodium-independent anion transporter
0.0184261266415	2547	glycerol acyltransferase
0.0184261266415	2547	aldehyde oxidase
0.0184188921984	2546	M3 family oligoendopeptidase
0.0183537822103	2537	DNA polymerase V subunit UmuC
0.0183248444378	2533	thiamine pyrophosphate-binding protein
0.0183176099946	2532	undecaprenyldiphospho-muramoylpentapeptide beta-N-acetylglucosaminyltransferase
0.0182669688928	2525	GuaB1 family IMP dehydrogenase-related protein
0.0182307966771	2520	50S ribosomal protein L18
0.0182090933478	2517	phosphoribosylformylglycinamidine synthase I
0.0181729211321	2512	2-hydroxy-acid oxidase
0.0181729211321	2512	uroporphyrinogen-III C-methyltransferase
0.0181367489165	2507	glycine cleavage system protein H
0.0181295144734	2506	amino acid transporter
0.0181150455871	2504	mononuclear molybdenum enzyme YedY
0.0181005767009	2502	IscS subfamily cysteine desulfurase
0.0180788733715	2499	transglutaminase
0.0180282322696	2492	sulfate transporter
0.0179992944971	2488	glycerol-3-phosphate dehydrogenase/oxidase
0.0179775911677	2485	lipopolysaccharide assembly protein LapB
0.0179486533952	2481	phosphoribosylglycinamide formyltransferase 2
0.0179486533952	2481	nitrate ABC transporter substrate-binding protein
0.0179197156227	2477	glycosyltransferase WbuB
0.0179052467365	2475	phosphoglycolate phosphatase
0.0179052467365	2475	phosphate regulon sensor histidine kinase PhoR
0.0178473711915	2467	flagellar motor switch protein FliG
0.0178401367483	2466	lipoate-protein ligase B
0.017818433419	2463	dehydratase
0.0177822612033	2458	NAD-dependent malic enzyme
0.017760557874	2455	tRNA-specific adenosine deaminase
0.017760557874	2455	isocitrate lyase
0.0177533234308	2454	ROK family protein
0.0177099167721	2448	galactokinase
0.0176954478858	2446	rRNA maturation RNase YbeY
0.0176448067839	2439	non-canonical purine NTP pyrophosphatase
0.0176375723408	2438	amidohydrolase family protein
0.0176303378977	2437	alanine--glyoxylate aminotransferase family protein
0.0176158690114	2435	exonuclease
0.0176086345683	2434	asparaginase
0.0176014001252	2433	transcriptional regulator NrdR
0.0175869312389	2431	sulfurtransferase FdhD
0.0175796967958	2430	class I SAM-dependent rRNA methyltransferase
0.0175724623527	2429	chemotaxis protein
0.0175652279096	2428	ornithine--oxo-acid transaminase
0.0175652279096	2428	cytochrome c oxidase assembly protein
0.0175652279096	2428	peptidyl-prolyl cis-trans isomerase
0.0175507590233	2426	cytochrome C oxidase Cbb3
0.0175218212508	2422	urea ABC transporter substrate-binding protein
0.0175073523645	2420	flavin reductase family protein
0.0174928834783	2418	cytochrome-c oxidase, cbb3-type subunit I
0.017478414592	2416	cytochrome c biogenesis protein
0.0173988357177	2405	DUF490 domain-containing protein
0.0173698979452	2401	galactose-1-epimerase
0.017362663502	2400	OHCU decarboxylase
0.0173409601727	2397	glycosyltransferase family 9 protein
0.0173337257295	2396	purine-nucleoside phosphorylase
0.017304787957	2392	feruloyl-CoA synthase
0.017304787957	2392	type IV pili twitching motility protein PilT
0.0172975535139	2391	peptidase M42
0.0172179746395	2380	HlyD family type I secretion periplasmic adaptor subunit
0.0172107401964	2379	MULTISPECIES: TonB-dependent receptor
0.0171818024239	2375	thioredoxin family protein
0.0171818024239	2375	pyruvate dehydrogenase complex dihydrolipoamide acetyltransferase
0.0171383957651	2369	NADH-quinone oxidoreductase subunit A
0.0171022235495	2364	peptidase M41
0.0171022235495	2364	CDP-glucose 4,6-dehydratase
0.0171022235495	2364	thiolase family protein
0.0170588168907	2358	N-acetyl-alpha-D-glucosaminyl L-malate synthase BshA
0.0170515824476	2357	LemA family protein
0.0170443480045	2356	phosphoenolpyruvate carboxykinase (ATP)
0.0170226446751	2353	pyrrolo-quinoline quinone
0.017015410232	2352	D-glycerate dehydrogenase
0.0170081757889	2351	phage tail protein
0.0170081757889	2351	peroxide stress protein YaaA
0.0169864724595	2348	phosphatidylinositol kinase
0.0169792380164	2347	nucleoside triphosphate pyrophosphohydrolase
0.0169430658007	2342	8-oxoguanine deaminase
0.0169358313576	2341	ferredoxin:protochlorophyllide reductase (ATP-dependent) subunit B
0.0169213624714	2339	phospholipase
0.0169213624714	2339	peptidase T
0.0168924246989	2335	restriction endonuclease subunit S
0.0168707213695	2332	50S ribosomal protein L3 N(5)-glutamine methyltransferase
0.0168128458245	2324	Glu/Leu/Phe/Val dehydrogenase
0.0167983769382	2322	B12-binding domain-containing radical SAM protein
0.0167983769382	2322	DUF1365 domain-containing protein
0.0167766736088	2319	23S rRNA (adenine(2030)-N(6))-methyltransferase RlmJ
0.0167766736088	2319	NAD(P)H-quinone oxidoreductase
0.0167766736088	2319	formyl-CoA transferase
0.0167694391657	2318	aminopeptidase P family protein
0.0167405013932	2314	CoA-binding protein
0.0167332669501	2313	NADP-dependent oxidoreductase
0.0167187980638	2311	50S ribosomal protein L22
0.0167187980638	2311	D-alanine--D-alanine ligase A
0.0167115636207	2310	PHP domain-containing protein
0.0166970947345	2308	carboxymuconolactone decarboxylase family protein
0.0166826258482	2306	phosphoglycerate mutase (2,3-diphosphoglycerate-independent)
0.0166826258482	2306	biopolymer transporter ExbB
0.0166247503032	2298	50S ribosomal protein L20
0.0166030469738	2295	glucose-1-phosphate cytidylyltransferase
0.0165885780876	2293	MULTISPECIES: DNA-binding response regulator
0.0165741092013	2291	50S ribosomal protein L24
0.0165741092013	2291	3-oxoacyl-ACP synthase
0.0165379369857	2286	adenylyl-sulfate kinase
0.0165307025426	2285	peptidase U32
0.0165234680994	2284	30S ribosomal protein S6
0.0165089992132	2282	50S ribosomal protein L7/L12
0.0165017647701	2281	tRNA 2-thiocytidine(32) synthetase TtcA
0.0164945303269	2280	5'-nucleotidase
0.0164655925544	2276	translation elongation factor Ts
0.0164583581113	2275	nitroreductase
0.0164149514525	2269	serine peptidase
0.0163932481232	2266	helicase SNF2
0.0163498414644	2260	proline dehydrogenase
0.0163426070213	2259	xanthine dehydrogenase small subunit
0.0163064348057	2254	tRNA dihydrouridine(20/20a) synthase DusA
0.0162919659194	2252	tRNA (adenosine(37)-N6)-threonylcarbamoyltransferase complex ATPase subunit type 1 TsaE
0.0162919659194	2252	Holliday junction resolvase RuvX
0.01627026259	2249	glucarate dehydratase
0.0162630281469	2248	glucokinase
0.0162557937038	2247	NADH-quinone oxidoreductase subunit K
0.0162340903744	2244	5-formyltetrahydrofolate cyclo-ligase
0.0162340903744	2244	class I SAM-dependent RNA methyltransferase
0.0162196214881	2242	NAD(P)H-dependent oxidoreductase
0.016212387045	2241	ArsR family transcriptional regulator
0.016212387045	2241	glutamyl-tRNA amidotransferase
0.0161906837156	2238	octaprenyl diphosphate synthase
0.0161834492725	2237	SET domain-containing protein-lysine N-methyltransferase
0.0161834492725	2237	ribonuclease HI
0.0161762148294	2236	gluconate 5-dehydrogenase
0.0161689803863	2235	ATP:cob(I)alamin adenosyltransferase
0.0161328081706	2230	mannonate dehydratase
0.0161255737275	2229	30S ribosomal protein S16
0.0161038703981	2226	cytochrome B
0.016096635955	2225	cytochrome c biogenesis protein ResB
0.016096635955	2225	diacylglycerol kinase
0.0160749326256	2222	glycolate oxidase subunit GlcD
0.0160749326256	2222	acetyl-CoA C-acetyltransferase
0.0160749326256	2222	cell division protein FtsW
0.0160749326256	2222	N-acetyl sugar amidotransferase
0.0160676981825	2221	salicylyl-CoA 5-hydroxylase
0.0160676981825	2221	UPF0182 family protein
0.0160604637394	2220	cold-shock protein
0.0160532292963	2219	sulfite dehydrogenase
0.0160532292963	2219	DNA polymerase III subunit gamma and tau
0.0160459948531	2218	peptide-methionine (R)-S-oxide reductase
0.01603876041	2217	acetyl/propionyl-CoA carboxylase subunit alpha
0.01603876041	2217	cytochrome oxidase subunit III
0.0160025881944	2212	peptidase M15
0.0159881193081	2210	formate dehydrogenase subunit gamma
0.015980884865	2209	nitrate ABC transporter ATP-binding protein
0.0159591815356	2206	sulfite exporter TauE/SafE family protein
0.0159591815356	2206	prephenate dehydratase
0.0159591815356	2206	glucosidase
0.0159519470925	2205	polyphosphate kinase
0.0159447126494	2204	outer membrane protein assembly factor
0.0159302437631	2202	hydroxyacylglutathione hydrolase
0.0159302437631	2202	nucleotidyltransferase family protein
0.0159302437631	2202	galactose-1-phosphate uridylyltransferase
0.0159302437631	2202	flavocytochrome C
0.01592300932	2201	LPS export ABC transporter ATP-binding protein
0.01592300932	2201	aminotransferase DegT
0.01592300932	2201	acyl-CoA thioesterase
0.0159013059906	2198	peptidase S46
0.0158940715475	2197	succinate dehydrogenase/fumarate reductase iron-sulfur subunit
0.0158940715475	2197	SMC-Scp complex subunit ScpB
0.0158868371044	2196	glycogen/starch/alpha-glucan phosphorylase
0.0158796026612	2195	type 1 glutamine amidotransferase
0.0158796026612	2195	succinate dehydrogenase iron-sulfur subunit
0.015865133775	2193	type II secretion system protein GspE
0.0158578993319	2192	phenol 2-monooxygenase
0.0158506648887	2191	50S ribosomal protein L21
0.0158506648887	2191	SPOR domain-containing protein
0.0158289615594	2188	2-hydroxychromene-2-carboxylate isomerase
0.01580725823	2185	3-keto-5-aminohexanoate cleavage protein
0.0158000237868	2184	3-deoxy-D-manno-octulosonate 8-phosphate phosphatase
0.0157855549006	2182	thymidine kinase
0.0157855549006	2182	molybdopterin oxidoreductase family protein
0.0157783204575	2181	LysE family translocator
0.0157638515712	2179	NADH-quinone oxidoreductase subunit E
0.0157638515712	2179	AMP nucleosidase
0.0157638515712	2179	NAD(P) transhydrogenase subunit beta
0.0156987415831	2170	RNase J family beta-CASP ribonuclease
0.01569150714	2169	dipeptide epimerase
0.01569150714	2169	complex I NDUFA9 subunit family protein
0.0156770382537	2167	bifunctional uridylyltransferase/uridylyl-removing protein
0.0156408660381	2162	2-succinyl-5-enolpyruvyl-6-hydroxy-3-cyclohexene-1-carboxylic-acid synthase
0.0156119282656	2158	ribosome-binding factor A
0.0155468182774	2149	gliding motility protein GldM
0.0155251149481	2146	NADH:ubiquinone oxidoreductase subunit J
0.0154672394031	2138	TRAP transporter substrate-binding protein
0.0154165983012	2131	polyprenyl synthetase
0.0153731916424	2125	heme A synthase
0.0153587227562	2123	MCE family protein
0.0153297849837	2119	isocitrate dehydrogenase
0.0153225505405	2118	class II fumarate hydratase
0.0153080816543	2116	arsenical-resistance protein
0.0153008472112	2115	phosphatase
0.0152646749955	2110	molybdopterin biosynthesis protein MoeB
0.0152429716662	2107	magnesium transporter CorA
0.015235737223	2106	type IV pilus secretin PilQ
0.0152285027799	2105	bis(5'-nucleosyl)-tetraphosphatase (symmetrical)
0.0152212683368	2104	7-cyano-7-deazaguanine synthase
0.0151706272349	2097	c-type cytochrome biogenesis protein CcsB
0.0151633927918	2096	serine O-acetyltransferase
0.0151633927918	2096	NAD/FAD-binding protein
0.0151489239055	2094	channel protein TolC
0.0151055172468	2088	L-dehydroascorbate transporter large permease subunit
0.0150982828036	2087	DUF502 domain-containing protein
0.0150910483605	2086	DUF815 domain-containing protein
0.0150838139174	2085	flagellar motor switch protein FliM
0.0150404072586	2079	cardiolipin synthase B
0.015004235043	2074	outer membrane protein assembly factor BamB
0.0149970005999	2073	2-oxoglutarate dehydrogenase, E2 component, dihydrolipoamide succinyltransferase
0.0149897661568	2072	tRNA modification GTPase
0.0149680628274	2069	2-alkenal reductase
0.0149608283843	2068	zinc metalloprotease HtpX
0.0149391250549	2065	D-alanyl-D-alanine carboxypeptidase/D-alanyl-D-alanine-endopeptidase
0.0149391250549	2065	FliI/YscN family ATPase
0.0149246561686	2063	FAD-binding dehydrogenase
0.0149174217255	2062	histidinol-phosphatase
0.0149174217255	2062	aldehyde dehydrogenase (NADP(+))
0.0149101872824	2061	cyclic pyranopterin monophosphate synthase MoaC
0.0149101872824	2061	molecular chaperone SurA
0.0149029528392	2060	cyclase
0.0148523117374	2053	30S ribosomal protein S19
0.014830608408	2050	biotin attachment protein
0.0148233739649	2049	lipopolysaccharide biosynthesis protein RfbH
0.0148233739649	2049	aquaporin family protein
0.0148161395217	2048	tRNA (guanine(37)-N(1))-methyltransferase
0.014772732863	2042	acetylornithine deacetylase
0.0147510295336	2039	ribose 5-phosphate isomerase A
0.0147293262042	2036	recombinase
0.0147076228748	2033	MULTISPECIES: elongation factor G
0.0147003884317	2032	iron-sulfur cluster assembly accessory protein
0.0146931539886	2031	carboxypeptidase
0.0146931539886	2031	cyclic nucleotide-binding protein
0.0146786851023	2029	outer membrane protein assembly factor BamC
0.0146714506592	2028	carboxylesterase
0.014656981773	2026	agmatine deiminase family protein
0.0146497473298	2025	folate-binding protein
0.0146497473298	2025	acyl carrier protein
0.0146425128867	2024	DUF2309 domain-containing protein
0.0146280440005	2022	helix-turn-helix domain-containing protein
0.0146063406711	2019	NDP-hexose 4-ketoreductase
0.0145846373417	2016	cystathionine beta-synthase
0.0145339962398	2009	carboxyvinyl-carboxyphosphonate phosphorylmutase
0.0144978240242	2004	RNA polymerase subunit sigma-24
0.0144978240242	2004	2-nitropropane dioxygenase
0.0144544173654	1998	50S ribosomal protein L23
0.0144471829223	1997	NAD(+) synthase
0.0144471829223	1997	2-methylcitrate dehydratase
0.0144399484792	1996	M48 family peptidase
0.0143459007186	1983	arginyltransferase
0.0143459007186	1983	beta-ketoacyl synthase
0.0143386662754	1982	4-hydroxybenzoate 3-monooxygenase
0.0143314318323	1981	sigma-70 family RNA polymerase sigma factor
0.0143169629461	1979	recombinase family protein
0.0143097285029	1978	ATP-dependent helicase HrpB
0.0142952596167	1976	amine oxidase
0.0142880251735	1975	GuaB3 family IMP dehydrogenase-related protein
0.0142880251735	1975	ADP-L-glycero-D-mannoheptose-6-epimerase
0.0142880251735	1975	30S ribosomal protein S17
0.0142735562873	1973	DUF3427 domain-containing protein
0.0142663218442	1972	site-2 protease family protein
0.0142446185148	1969	alpha-hydroxy-acid oxidizing protein
0.0142373840717	1968	gliding motility protein
0.0142301496285	1967	ribonuclease D
0.0142229151854	1966	adenine phosphoribosyltransferase
0.0141939774129	1962	BON domain-containing protein
0.0141795085267	1960	flagellar motor stator protein MotA
0.0141722740835	1959	cell envelope biogenesis protein OmpA
0.0141650396404	1958	acyl-ACP desaturase
0.0141578051973	1957	sulfur oxidation c-type cytochrome SoxA
0.0141216329817	1952	protein-disulfide reductase
0.0141216329817	1952	ubiquinone biosynthesis protein UbiH
0.0141143985385	1951	alpha-E domain-containing protein
0.0141071640954	1950	di-trans,poly-cis-decaprenylcistransferase
0.0140637574366	1944	deoxyhypusine synthase
0.0140565229935	1943	tRNA lysidine(34) synthetase TilS
0.0140565229935	1943	protocatechuate 3,4-dioxygenase
0.0140565229935	1943	alpha-ketoglutarate dehydrogenase
0.0140492885504	1942	flagellar biosynthetic protein FliP
0.0140420541073	1941	sulfite reductase
0.0140348196641	1940	5-methyltetrahydropteroyltriglutamate--homocysteine methyltransferase
0.0140058818916	1936	MULTISPECIES: tripartite tricarboxylate transporter substrate binding protein
0.0139986474485	1935	exodeoxyribonuclease V subunit alpha
0.0139986474485	1935	sialate O-acetylesterase
0.0139914130054	1934	alkyl hydroperoxide reductase
0.0139769441191	1932	sulfate ABC transporter ATP-binding protein
0.0139769441191	1932	metal ABC transporter permease
0.013969709676	1931	50S ribosomal protein L27
0.0139624752329	1930	DNA polymerase
0.0139407719035	1927	protease modulator HflC
0.0139263030173	1925	fumarate hydratase, class II
0.0139263030173	1925	outer membrane lipoprotein carrier protein LolA
0.0138973652448	1921	2-oxoacid:acceptor oxidoreductase subunit alpha
0.0138901308016	1920	MULTISPECIES: acyl-CoA dehydrogenase
0.0138828963585	1919	3-hydroxybutyrate dehydrogenase
0.0138828963585	1919	ATP synthase F1 subunit gamma
0.0138756619154	1918	UDP-galactopyranose mutase
0.0138467241429	1914	trans-2-enoyl-CoA reductase
0.0138394896997	1913	bifunctional ADP-dependent NAD(P)H-hydrate dehydratase/NAD(P)H-hydrate epimerase
0.0138394896997	1913	acetyl-CoA carboxylase
0.0138250208135	1911	enoyl-ACP reductase
0.0138177863704	1910	gliding motility-associated ABC transporter substrate-binding protein GldG
0.013796083041	1907	type II secretion system protein GspF
0.0137888485979	1906	ribonuclease J
0.0137816141547	1905	ferredoxin:protochlorophyllide reductase (ATP-dependent) subunit N
0.0137743797116	1904	pyruvate dehydrogenase complex E1 component subunit beta
0.0137599108254	1902	polyprenol monophosphomannose synthase
0.0137526763822	1901	gliding motility-associated protein GldE
0.0137454419391	1900	peptidoglycan synthetase
0.0137454419391	1900	HlyD family secretion protein
0.0137454419391	1900	glycolate oxidase subunit GlcE
0.0137309730529	1898	o-succinylbenzoate synthase
0.0136948008372	1893	transglutaminase family protein
0.0136875663941	1892	methylase
0.013680331951	1891	ribosome maturation factor RimM
0.013680331951	1891	tRNA glutamyl-Q(34) synthetase GluQRS
0.0136586286216	1888	50S ribosomal protein L31
0.0136441597353	1886	glucuronyl hydrolase
0.0136369252922	1885	nucleoside-diphosphate sugar epimerase
0.0136152219628	1882	potassium transporter TrkA
0.0135862841903	1878	multifunctional CCA tRNA nucleotidyl transferase/2'3'-cyclic phosphodiesterase/2'nucleotidase/phosphatase
0.0135790497472	1877	3,4-dihydroxy-2-butanone-4-phosphate synthase
0.0135790497472	1877	ADP-glyceromanno-heptose 6-epimerase
0.0135718153041	1876	FadR family transcriptional regulator
0.0135573464178	1874	pectate lyase
0.0134994708728	1866	chaperonin GroL
0.0134994708728	1866	GDP-L-fucose synthase
0.0134777675435	1863	carbamoyl-phosphate synthase small subunit
0.0134632986572	1861	signal peptidase II
0.0134126575553	1854	N-acetylglutamate synthase
0.0134054231122	1853	F0F1 ATP synthase subunit delta
0.0133330786809	1843	cytochrome-c oxidase, cbb3-type subunit III
0.0133330786809	1843	benzoate-CoA ligase family protein
0.0133186097947	1841	phosphogluconate dehydrogenase (NADP(+)-dependent, decarboxylating)
0.0132969064653	1838	salicylate hydroxylase
0.0132969064653	1838	thiazole synthase
0.0132896720222	1837	LPS export ABC transporter periplasmic protein LptC
0.0132896720222	1837	cytochrome c assembly protein
0.0132896720222	1837	acetolactate synthase 3 catalytic subunit
0.0132462653634	1831	flagellar biosynthesis protein FlhB
0.0132462653634	1831	WhiB family transcriptional regulator
0.0132100931478	1826	creatininase
0.0132100931478	1826	benzoyl-CoA-dihydrodiol lyase
0.0132100931478	1826	carbonate dehydratase
0.0132100931478	1826	ZIP family metal transporter
0.0131811553753	1822	isovaleryl-CoA dehydrogenase
0.0131449831597	1817	bacillithiol biosynthesis BshC
0.0131377487165	1816	S49 family peptidase
0.0131377487165	1816	urea ABC transporter permease subunit UrtC
0.0131305142734	1815	4-alpha-glucanotransferase
0.0131305142734	1815	IS5/IS1182 family transposase
0.0131305142734	1815	beta-N-acetylglucosaminidase
0.0131160453872	1813	aspartate/tyrosine/aromatic aminotransferase
0.0131015765009	1811	xylulokinase
0.0130871076147	1809	glycosyltransferase family 4 protein
0.0130726387284	1807	polyamine ABC transporter ATP-binding protein
0.0130654042853	1806	spermidine/putrescine ABC transporter substrate-binding protein
0.013050935399	1804	UDP-N-acetylmuramoylalanyl-D-glutamyl-2, 6-diaminopimelate--D-alanyl-D-alanine ligase
0.013050935399	1804	2-pyrone-4,6-dicarboxylate hydrolase
0.0130219976265	1800	cell filamentation protein Fic
0.0130147631834	1799	MULTISPECIES: molecular chaperone GroEL
0.0130147631834	1799	four helix bundle protein
0.0130147631834	1799	aminodeoxychorismate/anthranilate synthase component II
0.0130147631834	1799	glutamine--fructose-6-phosphate transaminase (isomerizing)
0.0130147631834	1799	gliding motility lipoprotein GldJ
0.0130075287403	1798	benzoyl-CoA 2,3-epoxidase subunit BoxB
0.0130075287403	1798	methionine biosynthesis protein MetW
0.012993059854	1796	NADP-dependent glyceraldehyde-3-phosphate dehydrogenase
0.012993059854	1796	phosphoribosyl-AMP cyclohydrolase
0.0129858254109	1795	peptidoglycan-binding protein
0.0129785909678	1794	membrane protein insertion efficiency factor YidD
0.0129713565246	1793	ferredoxin--NADP(+) reductase
0.0129641220815	1792	HPr kinase/phosphorylase
0.012935184309	1788	cell division ATP-binding protein FtsE
0.0129207154228	1786	phosphohydrolase
0.0129062465365	1784	carbon starvation protein A
0.0128845432071	1781	DUF520 domain-containing protein
0.0128845432071	1781	galactarate dehydratase
0.0128700743209	1779	N utilization substance protein B
0.0128700743209	1779	protein TolQ
0.0128483709915	1776	allantoin permease
0.0128411365484	1775	bifunctional o-acetylhomoserine/o-acetylserine sulfhydrylase
0.0127904954465	1768	fumarylacetoacetase
0.0127687921171	1765	preprotein translocase subunit SecE
0.0127470887877	1762	arsenate reductase ArsC
0.0127470887877	1762	FAD-binding monooxygenase
0.0127181510152	1758	tricarboxylate transporter
0.0126964476859	1755	DUF262 domain-containing protein
0.0126964476859	1755	30S ribosomal protein S15
0.0126892132427	1754	pyruvate dehydrogenase
0.0126892132427	1754	23S rRNA methyltransferase
0.0126747443565	1752	chromosome partitioning protein
0.0126747443565	1752	elongation factor Tu, partial
0.0126602754702	1750	ATP-dependent endonuclease
0.0126241032546	1745	ribosomal subunit interface protein
0.0126168688115	1744	Fe-S cluster assembly ATPase SufC
0.0126096343684	1743	YHYH protein
0.0126096343684	1743	5-carboxymethyl-2-hydroxymuconate semialdehyde dehydrogenase
0.0125662277096	1737	inositol-3-phosphate synthase
0.0125589932665	1736	phosphoribosylanthranilate isomerase
0.0125589932665	1736	uronate isomerase
0.0125517588233	1735	hypoxanthine phosphoribosyltransferase
0.0125372899371	1733	molybdopterin adenylyltransferase
0.0125011177215	1728	glycogen-branching enzyme
0.0124504766196	1721	translocation protein TolB
0.0124360077333	1719	peptidase M28 family protein
0.0124287732902	1718	lipopolysaccharide heptosyltransferase II
0.012414304404	1716	MULTISPECIES: DNA-directed RNA polymerase subunit beta'
0.0123781321883	1711	ubiquinol-cytochrome c reductase iron-sulfur subunit
0.0123708977452	1710	DNA polymerase/3'-5' exonuclease PolX
0.0123491944158	1707	protein-tyrosine-phosphatase
0.0123347255296	1705	polyamine ABC transporter substrate-binding protein
0.0123202566433	1703	polynucleotide phosphorylase
0.0122840844277	1698	phosphate starvation protein PhoH
0.0122768499846	1697	geranylgeranyl pyrophosphate synthase
0.0122551466552	1694	RNA pyrophosphohydrolase
0.0121972711102	1686	glycosidase
0.0121828022239	1684	NifU family protein
0.0121683333377	1682	N-acetylneuraminate synthase
0.0121683333377	1682	cytidine deaminase
0.0121466300083	1679	phosphoserine phosphatase
0.0120959889064	1672	3-oxoacyl
0.0120815200202	1670	tRNA adenosine(34) deaminase TadA
0.0120670511339	1668	squalene synthase HpnD
0.0120670511339	1668	tRNA dimethylallyltransferase
0.0120670511339	1668	YicC family protein
0.0120598166908	1667	NAD(P)-dependent glycerol-3-phosphate dehydrogenase
0.0120308789183	1663	beta-ketoadipyl CoA thiolase
0.0120236444752	1662	DNA-3-methyladenine glycosylase 2 family protein
0.012016410032	1661	translation initiation factor IF-1
0.012016410032	1661	4-hydroxybenzoate octaprenyltransferase
0.0119947067027	1658	fructose-bisphosphatase class II
0.0119730033733	1655	SOS response-associated peptidase
0.0119657689302	1654	phospholipid carrier-dependent glycosyltransferase
0.011958534487	1653	peptidase dimerization domain protein
0.0119368311576	1650	DUF47 domain-containing protein
0.0119223622714	1648	acetyltransferase
0.0118934244989	1644	Fis family transcriptional regulator
0.0118861900558	1643	6-phosphogluconolactonase
0.0118644867264	1640	molybdate ABC transporter substrate-binding protein
0.0118572522833	1639	deacetylase
0.011842783397	1637	tetratricopeptide repeat-containing protein
0.011842783397	1637	HIT family protein
0.0118210800676	1634	O-acetylhomoserine aminocarboxypropyltransferase/cysteine synthase
0.011784907852	1629	polysaccharide deacetylase family protein
0.0117704389658	1627	phosphoethanolamine transferase
0.0117632045226	1626	ion transporter
0.0117632045226	1626	molybdenum ABC transporter ATP-binding protein
0.0117559700795	1625	2-aminobenzoate-CoA ligase
0.0117559700795	1625	quinolinate synthase
0.0117487356364	1624	lactoylglutathione lyase
0.0117487356364	1624	serine/threonine protein phosphatase
0.0117415011932	1623	phenylacetate--CoA ligase
0.0117197978639	1620	DUF4249 domain-containing protein
0.0117125634207	1619	zinc-dependent metalloprotease
0.0116980945345	1617	dienelactone hydrolase
0.0116836256482	1615	peptidase S9
0.011669156762	1613	disulfide bond formation protein DsbA
0.0116474534326	1610	magnesium chelatase ATPase subunit I
0.0116329845464	1608	tripartite tricarboxylate transporter TctA
0.0116329845464	1608	DUF455 domain-containing protein
0.0116329845464	1608	bifunctional diaminohydroxyphosphoribosylaminopyrimidine deaminase/5-amino-6-(5-phosphoribosylamino)uracil reductase
0.0116040467739	1604	23S rRNA (pseudouridine(1915)-N(3))-methyltransferase RlmH
0.0116040467739	1604	geranylgeranyl diphosphate reductase
0.0115968123307	1603	NCS2 family permease
0.0115751090014	1600	UDP-4-amino-4,6-dideoxy-N-acetyl-beta-L-altrosamine transaminase
0.0115678745582	1599	chlorophyllide a reductase subunit Y
0.0115678745582	1599	NADH:ubiquinone oxidoreductase subunit H
0.0115606401151	1598	30S ribosomal protein S10
0.011553405672	1597	lysine transporter LysE
0.011553405672	1597	translation factor Sua5
0.011553405672	1597	RNA polymerase factor sigma-54
0.0115461712289	1596	UDP-N-acetylglucosamine 4,6-dehydratase (inverting)
0.0115389367857	1595	undecaprenyl/decaprenyl-phosphate alpha-N-acetylglucosaminyl 1-phosphate transferase
0.0114882956838	1588	lipopolysaccharide heptosyltransferase I
0.0114738267976	1586	cation-translocating P-type ATPase
0.0114593579113	1584	homogentisate 1,2-dioxygenase
0.0114521234682	1583	chloride channel protein
0.0114304201388	1580	flagellar biosynthesis protein FlgI
0.0114304201388	1580	branched chain amino acid ABC transporter substrate-binding protein
0.0114159512526	1578	IS256 family transposase
0.0114159512526	1578	DUF4172 domain-containing protein
0.0114014823663	1576	magnesium-protoporphyrin IX monomethyl ester (oxidative) cyclase
0.0113870134801	1574	phosphoenolpyruvate synthase regulatory protein
0.011379779037	1573	phytanoyl-CoA dioxygenase family protein
0.0113653101507	1571	DUF2130 domain-containing protein
0.0113508412645	1569	ATP-dependent DNA helicase RecQ
0.0113363723782	1567	mechanosensitive ion channel protein
0.0113291379351	1566	diapophytoene dehydrogenase
0.0113291379351	1566	deoxynucleoside kinase
0.0113146690488	1564	flavin-dependent oxidoreductase
0.0113146690488	1564	N-acetylmuramic acid 6-phosphate etherase
0.0113074346057	1563	cell division protein FtsQ
0.0113002001626	1562	NADH:flavin oxidoreductase
0.0112857312763	1560	maltose phosphorylase
0.0112567935038	1556	Co2+/Mg2+ efflux protein ApaG
0.0112567935038	1556	sugar isomerase
0.0112495590607	1555	YggS family pyridoxal phosphate enzyme
0.0112495590607	1555	nitrite reductase large subunit
0.0112350901744	1553	pyridoxal 5'-phosphate synthase lyase subunit PdxS
0.0112206212882	1551	thiamine phosphate synthase
0.0112133868451	1550	histidine triad nucleotide-binding protein
0.0112061524019	1549	DnaA regulatory inactivator Hda
0.0111989179588	1548	bifunctional aldehyde dehydrogenase/enoyl-CoA hydratase
0.0111916835157	1547	glutamine-synthetase adenylyltransferase
0.0111844490726	1546	flagellar hook protein FlgE
0.0111627457432	1543	preprotein translocase subunit YajC
0.0111048701982	1535	phosphoribosyltransferase
0.0110904013119	1533	amino acid dehydrogenase
0.0110831668688	1532	iron ABC transporter substrate-binding protein
0.0110831668688	1532	polyphosphate kinase 2
0.0110759324257	1531	D-glycero-beta-D-manno-heptose-7-phosphate kinase
0.0110686979825	1530	D-tyrosyl-tRNA(Tyr) deacylase
0.0110469946532	1527	BAX inhibitor (BI)-1/YccA family protein
0.0110325257669	1525	ribosome silencing factor
0.0110325257669	1525	DNA methylase
0.010981884665	1518	glutamine synthetase type III
0.0109746502219	1517	ATP-dependent RNA helicase DbpA
0.0109457124494	1513	MULTISPECIES: transcriptional regulator
0.0109457124494	1513	taurine ABC transporter permease
0.01092400912	1510	phosphatidylserine decarboxylase family protein
0.0108733680181	1503	ATP-dependent DNA ligase
0.0108588991319	1501	bifunctional UDP-3-O
0.0108516646888	1500	ribosome biogenesis GTPase YlqF
0.0108154924731	1495	prepilin-type cleavage/methylation domain-containing protein
0.01080825803	1494	molybdate ABC transporter permease subunit
0.01080825803	1494	RNA polymerase sigma factor RpoH
0.0108010235869	1493	HU family DNA-binding protein
0.0108010235869	1493	DUF3050 domain-containing protein
0.0107937891438	1492	FliA/WhiG family RNA polymerase sigma factor
0.0107865547006	1491	formylglycine-generating enzyme family protein
0.0107793202575	1490	LuxR family transcriptional regulator
0.0107793202575	1490	pimeloyl-CoA dehydrogenase large subunit
0.0107793202575	1490	O-methyltransferase
0.0107576169281	1487	isochorismatase
0.010750382485	1486	adenosine kinase
0.010750382485	1486	ThuA domain-containing protein
0.0107214447125	1482	bifunctional diguanylate cyclase/phosphodiesterase
0.0107214447125	1482	transcription termination/antitermination factor NusG
0.0107214447125	1482	3-beta hydroxysteroid dehydrogenase
0.0107142102694	1481	allantoinase PuuE
0.01069250694	1478	DUF2075 domain-containing protein
0.0106708036106	1475	bifunctional imidazole glycerol-phosphate dehydratase/histidinol phosphatase
0.0106708036106	1475	lytic murein transglycosylase B
0.0106635691675	1474	30S ribosomal protein S18
0.0106563347244	1473	tol-pal system protein YbgF
0.0106563347244	1473	RNA polymerase-binding protein DksA
0.0106491002812	1472	30S ribosomal protein S14
0.0106491002812	1472	ribose 5-phosphate isomerase B
0.0106418658381	1471	NAD(P)H-dependent oxidoreductase subunit E
0.0106418658381	1471	50S ribosomal protein L28
0.0106418658381	1471	delta-aminolevulinic acid dehydratase
0.010634631395	1470	GH3 auxin-responsive promoter
0.0106201625087	1468	23S rRNA pseudouridylate synthase B
0.0106129280656	1467	DUF2236 domain-containing protein
0.0106056936225	1466	antibiotic biosynthesis monooxygenase
0.0105984591794	1465	sulfoxide reductase heme-binding subunit YedZ
0.0105912247362	1464	chlorophyll synthesis pathway protein BchC
0.0105912247362	1464	HIT domain-containing protein
0.0105839902931	1463	protease modulator HflK
0.0105839902931	1463	Tol-Pal system beta propeller repeat protein TolB
0.01057675585	1462	4-hydroxybutyrate dehydrogenase
0.01057675585	1462	4-hydroxybenzoyl-CoA thioesterase
0.01057675585	1462	PorT family protein
0.0105695214069	1461	DUF5009 domain-containing protein
0.0105622869637	1460	dTDP-4-dehydrorhamnose reductase
0.0105622869637	1460	murein transglycosylase
0.0105550525206	1459	Clp protease ClpC
0.0105478180775	1458	MULTISPECIES: alpha/beta hydrolase
0.0105333491912	1456	carboxylesterase/lipase family protein
0.0105333491912	1456	DUF4301 domain-containing protein
0.0105333491912	1456	septation protein A
0.010518880305	1454	D-amino acid dehydrogenase
0.0104971769756	1451	rod shape-determining protein MreD
0.0104827080894	1449	DsbA family oxidoreductase
0.0104827080894	1449	integration host factor subunit beta
0.0104682392031	1447	PspC domain-containing protein
0.0104682392031	1447	sulfate ABC transporter permease subunit CysT
0.0104465358737	1444	alkane 1-monooxygenase
0.0104465358737	1444	Asp-tRNA(Asn)/Glu-tRNA(Gln) amidotransferase GatCAB subunit C
0.0104320669875	1442	peptidase S15
0.0104248325443	1441	RlmE family RNA methyltransferase
0.0104175981012	1440	F0F1 ATP synthase subunit B
0.010403129215	1438	division/cell wall cluster transcriptional repressor MraZ
0.010403129215	1438	D-glycero-beta-D-manno-heptose-1,7-bisphosphate 7-phosphatase
0.0103814258856	1435	MULTISPECIES: elongation factor Tu
0.0103814258856	1435	DUF1295 domain-containing protein
0.0103741914425	1434	GTPase Obg
0.0103669569993	1433	sulfate ABC transporter permease subunit CysW
0.01034525367	1430	alpha-ketoglutarate-dependent dioxygenase AlkB
0.0103307847837	1428	bifunctional oligoribonuclease/PAP phosphatase NrnA
0.0103235503406	1427	DNA-3-methyladenine glycosylase I
0.0103163158975	1426	cobalamin biosynthesis protein CbiB
0.0103163158975	1426	chemotaxis protein CheY
0.0103090814543	1425	acylaldehyde oxidase
0.0102946125681	1423	ubiquinol-cytochrome c reductase cytochrome b subunit
0.010287378125	1422	MULTISPECIES: branched-chain amino acid ABC transporter permease
0.0102801436818	1421	lycopene cyclase
0.0102801436818	1421	TauD/TfdA family dioxygenase
0.0102801436818	1421	IS110 family transposase
0.0102801436818	1421	N-acetylglucosamine-6-phosphate deacetylase
0.0102656747956	1419	hydroxymethylpyrimidine/phosphomethylpyrimidine kinase
0.0102656747956	1419	cobalamin-binding protein
0.0102512059093	1417	prepilin peptidase
0.0102439714662	1416	phosphonate ABC transporter, permease protein PhnE
0.0102295025799	1414	spermidine/putrescine ABC transporter permease
0.0102295025799	1414	flagellar basal body rod protein FlgG
0.0102295025799	1414	nucleoside hydrolase
0.0102150336937	1412	1,4-dihydroxy-2-naphthoate polyprenyltransferase
0.0102150336937	1412	MULTISPECIES: ABC transporter substrate-binding protein
0.0102077992506	1411	N-acetylgalactosamine-6-sulfatase
0.0102005648074	1410	NADPH:quinone oxidoreductase
0.0101933303643	1409	acylase
0.0101933303643	1409	D-inositol-3-phosphate glycosyltransferase
0.0101788614781	1407	MULTISPECIES: DNA-directed RNA polymerase subunit beta
0.0101716270349	1406	DUF429 domain-containing protein
0.0101643925918	1405	3-octaprenyl-4-hydroxybenzoate carboxy-lyase
0.0101571581487	1404	iron-sulfur cluster insertion protein ErpA
0.0101571581487	1404	tripartite tricarboxylate transporter TctB family protein
0.0101499237056	1403	holo-ACP synthase
0.0101426892624	1402	deoxyribose-phosphate aldolase
0.0101282203762	1400	nuclease
0.0101065170468	1397	acetylxylan esterase
0.0101065170468	1397	TlyA family RNA methyltransferase
0.0101065170468	1397	3-hydroxyisobutyrate dehydrogenase
0.0100992826037	1396	DUF1573 domain-containing protein
0.0100992826037	1396	phosphate ABC transporter substrate-binding protein
0.0100920481606	1395	YihY/virulence factor BrkB family protein
0.0100558759449	1390	chemotaxis protein CheA
0.0100414070587	1388	MULTISPECIES: carbamoyl phosphate synthase large subunit
0.0100341726155	1387	acyl-CoA reductase
0.0100341726155	1387	iron transporter
0.0100269381724	1386	MULTISPECIES: NAD(P)-dependent oxidoreductase
0.00999800039992	1382	DUF2147 domain-containing protein
0.00999800039992	1382	pilus assembly protein CpaF
0.00999076595679	1381	DDE transposase
0.00998353151367	1380	DUF1015 domain-containing protein
0.00998353151367	1380	undecaprenyl-phosphate glucose phosphotransferase
0.00998353151367	1380	iron/manganese transporter
0.00998353151367	1380	transcriptional regulator PpsR
0.00998353151367	1380	dihydroneopterin aldolase
0.00996182818429	1377	dihydropyrimidinase
0.00995459374116	1376	acriflavin resistance protein
0.00995459374116	1376	heme ABC transporter permease
0.00995459374116	1376	propionyl-CoA carboxylase subunit beta
0.00995459374116	1376	YceI family protein
0.00993289041179	1373	MarC family protein
0.00992565596866	1372	DUF3422 domain-containing protein
0.00989671819616	1368	TonB-denpendent receptor
0.00988948375303	1367	microcin ABC transporter permease
0.00988224930991	1366	capsid protein
0.00988224930991	1366	ribosome maturation factor RimP
0.00987501486678	1365	FAD-dependent monooxygenase
0.00986054598053	1363	YggW family oxidoreductase
0.00986054598053	1363	A circularly permuted ATPgrasp family protein
0.00986054598053	1363	Rrf2 family transcriptional regulator
0.0098533115374	1362	D-glycero-beta-D-manno-heptose 1-phosphate adenylyltransferase
0.00984607709428	1361	iron-sulfur cluster-binding protein
0.00981713932177	1357	UDP-N-acetylglucosamine 2-epimerase (hydrolyzing)
0.00981713932177	1357	heme biosynthesis protein HemY
0.00981713932177	1357	sulfate adenylyltransferase subunit 2
0.00981713932177	1357	transcription elongation factor GreB
0.00980267043552	1355	benzoyl-CoA 2,3-epoxidase subunit BoxA
0.00978820154927	1353	ferredoxin:protochlorophyllide reductase (ATP-dependent) iron-sulfur ATP-binding protein
0.00978096710614	1352	haloacid dehalogenase type II
0.00978096710614	1352	photosynthetic reaction center cytochrome c subunit
0.00977373266302	1351	fructose-bisphosphate aldolase
0.00977373266302	1351	transcription antitermination factor NusB
0.00976649821989	1350	proline iminopeptidase
0.00976649821989	1350	fructose-6-phosphate aldolase
0.00975202933364	1348	multidrug transporter
0.00974479489052	1347	DUF3310 domain-containing protein
0.00973032600426	1345	photosynthetic reaction center subunit M
0.00973032600426	1345	DUF2867 domain-containing protein
0.00973032600426	1345	3D-(3,5/4)-trihydroxycyclohexane-1,2-dione acylhydrolase (decyclizing)
0.00972309156114	1344	glycogen debranching enzyme GlgX
0.00971585711801	1343	ShlB/FhaC/HecB family hemolysin secretion/activation protein
0.00971585711801	1343	preprotein translocase subunit SecG
0.00968691934551	1339	siroheme synthase
0.00967968490238	1338	phosphorylase
0.00966521601613	1336	site-specific integrase
0.00964351268675	1333	polyisoprenoid-binding protein
0.00964351268675	1333	PhzF family phenazine biosynthesis protein
0.00964351268675	1333	bacillithiol biosynthesis deacetylase BshB1
0.00963627824363	1332	serine acetyltransferase
0.00962180935738	1330	rhodopsin
0.00962180935738	1330	bile acid:sodium symporter
0.00962180935738	1330	carboxymethylenebutenolidase
0.00961457491425	1329	peptidoglycan-associated lipoprotein
0.00959287158487	1326	acetyl-CoA carboxylase biotin carboxyl carrier protein subunit
0.00958563714175	1325	DNA-directed RNA polymerase subunit omega
0.0095711682555	1323	DASH family cryptochrome
0.00954946492612	1320	methyltransferase type 11
0.00953499603987	1318	heme lyase CcmF/NrfE family subunit
0.00952052715361	1316	1-hydroxy-2-methyl-2-(E)-butenyl 4-diphosphate synthase
0.00952052715361	1316	TlyA family rRNA (cytidine-2'-O)-methyltransferase
0.00951329271049	1315	EVE domain-containing protein
0.00951329271049	1315	enolase
0.00948435493798	1311	glutamate decarboxylase
0.00947712049486	1310	IS30 family transposase
0.00947712049486	1310	cytochrome c5 family protein
0.00947712049486	1310	3-oxoadipate CoA-transferase
0.00946988605173	1309	flavin reductase
0.00946988605173	1309	RDD family protein
0.00946988605173	1309	restriction endonuclease subunit M
0.00946265160861	1308	DUF2946 domain-containing protein
0.00946265160861	1308	DUF3341 domain-containing protein
0.00946265160861	1308	Fe(3+) ABC transporter substrate-binding protein
0.00945541716548	1307	type II secretion system protein E
0.00944818272236	1306	sel1 repeat family protein
0.00944094827923	1305	flavodoxin family protein
0.00944094827923	1305	DUF2911 domain-containing protein
0.0094337138361	1304	N-acetylglucosamine kinase
0.00942647939298	1303	protein-export chaperone SecB
0.00942647939298	1303	outer membrane lipid asymmetry maintenance protein MlaD
0.00941924494985	1302	peroxidase
0.00941201050673	1301	zinc metalloprotease
0.0094047760636	1300	RNA polymerase factor sigma-32
0.0094047760636	1300	DNA-binding protein WhiA
0.0094047760636	1300	MULTISPECIES: ATP synthase subunit beta
0.00939754162047	1299	mechanosensitive ion channel protein MscS
0.00939754162047	1299	AMP-binding acetyl-CoA synthetase
0.00939030717735	1298	arylesterase
0.00939030717735	1298	X-Pro aminopeptidase
0.00938307273422	1297	carotenoid 1,2-hydratase
0.00935413496172	1293	6-phosphogluconate dehydrogenase
0.00935413496172	1293	electron transfer flavoprotein subunit beta
0.00935413496172	1293	MinD/ParA family protein
0.00933966607547	1291	tRNA (uridine(34)/cytosine(34)/5-carboxymethylaminomethyluridine(34)-2'-O)-methyltransferase TrmL
0.00932519718922	1289	flavonol synthase
0.00930349385984	1286	GTP cyclohydrolase I FolE2
0.00930349385984	1286	glycoside hydrolase family 88 protein
0.00928902497359	1284	acetolactate synthase 3 large subunit
0.00928179053046	1283	N4-gp56 family major capsid protein
0.00927455608734	1282	phage tail tape measure protein
0.00926008720108	1280	fatty-acid--CoA ligase
0.00926008720108	1280	DUF1446 domain-containing protein
0.00925285275796	1279	multidrug ABC transporter substrate-binding protein
0.00925285275796	1279	5'-3' exonuclease
0.00923838387171	1277	tricarballylate utilization protein TcuB
0.00923838387171	1277	signal transduction histidine kinase
0.00923838387171	1277	mannose-6-phosphate isomerase
0.00923114942858	1276	glycine cleavage system aminomethyltransferase T
0.00921668054233	1274	DUF1624 domain-containing protein
0.0092094460992	1273	nitrate ABC transporter, permease protein
0.00920221165608	1272	BolA family transcriptional regulator
0.00919497721295	1271	DUF5103 domain-containing protein
0.00918774276983	1270	cob(I)yrinic acid a,c-diamide adenosyltransferase
0.00918774276983	1270	MULTISPECIES: 30S ribosomal protein S10
0.0091805083267	1269	nicotinate-nicotinamide nucleotide adenylyltransferase
0.0091805083267	1269	2-deoxyribose-5-phosphate aldolase
0.00917327388357	1268	L-threonine 3-dehydrogenase
0.00917327388357	1268	altronate oxidoreductase
0.00917327388357	1268	chlorophyllide a reductase subunit Z
0.00917327388357	1268	tungsten ABC transporter substrate-binding protein
0.00917327388357	1268	lipoprotein-releasing system ATP-binding protein LolD
0.00916603944045	1267	ribokinase
0.00915880499732	1266	MULTISPECIES: LysR family transcriptional regulator
0.0091515705542	1265	microcystin degradation protein MlrC
0.0091515705542	1265	bifunctional heptose 7-phosphate kinase/heptose 1-phosphate adenyltransferase
0.00913710166794	1263	IS21 family transposase
0.00913710166794	1263	type IV-A pilus assembly ATPase PilB
0.00913710166794	1263	heme ABC transporter ATP-binding protein
0.00912986722482	1262	DUF615 domain-containing protein
0.00912986722482	1262	hydroxyglutarate oxidase
0.00912986722482	1262	GTP cyclohydrolase I
0.00912986722482	1262	gliding motility protein GldN
0.00912263278169	1261	glutamine amidotransferase
0.00911539833857	1260	DUF1016 domain-containing protein
0.00910816389544	1259	DUF393 domain-containing protein
0.00910816389544	1259	U32 family peptidase
0.00909369500919	1257	CoA transferase subunit A
0.00909369500919	1257	thiamine-monophosphate kinase
0.00908646056606	1256	succinate dehydrogenase, cytochrome b556 subunit
0.00908646056606	1256	2-deoxy-D-gluconate 3-dehydrogenase
0.00907199167981	1254	acyl-phosphate glycerol 3-phosphate acyltransferase
0.00906475723669	1253	DUF2029 domain-containing protein
0.00905752279356	1252	2-methylcitrate synthase
0.00905752279356	1252	PAC2 family protein
0.00902858502106	1248	30S ribosomal protein S20
0.00902135057793	1247	oligopeptidase B
0.0090141161348	1246	PadR family transcriptional regulator
0.00899964724855	1244	fumarate reductase
0.00899241280543	1243	DUF4032 domain-containing protein
0.00896347503292	1239	glycerol-3-phosphate acyltransferase
0.00894900614667	1237	type II secretion system protein F
0.00894900614667	1237	L-serine ammonia-lyase
0.00894177170355	1236	phosphate acyltransferase PlsX
0.00894177170355	1236	anthranilate synthase
0.00892730281729	1234	phosphoribosyl-ATP diphosphatase
0.00892730281729	1234	serine dehydratase
0.00892730281729	1234	L,D-transpeptidase
0.00892006837417	1233	acetyl-/propionyl-CoA carboxylase subunit alpha
0.00891283393104	1232	MULTISPECIES: membrane protein
0.00890559948792	1231	4-hydroxybenzoate polyprenyltransferase
0.00890559948792	1231	type I restriction-modification system subunit M
0.00890559948792	1231	glycosylasparaginase
0.00889836504479	1230	HflK protein
0.00889836504479	1230	nucleoid occlusion factor SlmA
0.00889113060167	1229	copper oxidase
0.00889113060167	1229	7-carboxy-7-deazaguanine synthase
0.00888389615854	1228	ribonuclease P protein component
0.00888389615854	1228	DUF721 domain-containing protein
0.00886219282916	1225	phosphosulfolactate synthase
0.00885495838604	1224	ureidoglycolate lyase
0.00884048949978	1222	toxin HipA
0.00883325505666	1221	bifunctional metallophosphatase/5'-nucleotidase
0.00883325505666	1221	lipoprotein
0.00881878617041	1219	pseudaminic acid synthase
0.00881878617041	1219	antibiotic ABC transporter ATP-binding protein
0.00881155172728	1218	DUF1003 domain-containing protein
0.00880431728416	1217	flagellar hook-length control protein FliK
0.00880431728416	1217	nicotinamide riboside transporter PnuC
0.00879708284103	1216	D-hexose-6-phosphate mutarotase
0.0087898483979	1215	xanthorhodopsin
0.0087898483979	1215	band 7 protein
0.0087898483979	1215	VRR-NUC domain-containing protein
0.00877537951165	1213	carboxynorspermidine decarboxylase
0.00876814506853	1212	dethiobiotin synthase
0.0087609106254	1211	sulfur oxidation c-type cytochrome SoxX
0.0087609106254	1211	NADH pyrophosphatase
0.0087609106254	1211	6-carboxytetrahydropterin synthase
0.0087609106254	1211	nucleotidyl transferase AbiEii/AbiGii toxin family protein
0.00875367618227	1210	ubiquinone-binding protein
0.00873920729602	1208	sensor domain-containing diguanylate cyclase
0.00872473840977	1206	PIN domain nuclease
0.00872473840977	1206	group 1 glycosyl transferase
0.00869580063727	1202	ribonuclease Z
0.00868856619414	1201	F0F1 ATP synthase subunit epsilon
0.00868133175102	1200	DUF4390 domain-containing protein
0.00866686286476	1198	protein RarD
0.00865962842164	1197	7-carboxy-7-deazaguanine synthase QueE
0.00865239397851	1196	serine/threonine-protein phosphatase
0.00865239397851	1196	MOSC domain-containing protein
0.00863792509226	1194	P-II family nitrogen regulator
0.00863792509226	1194	16S rRNA pseudouridine(516) synthase
0.00863069064914	1193	endothelin-converting protein
0.00863069064914	1193	nodulation protein NodJ
0.00859451843351	1188	MULTISPECIES: rod shape-determining protein
0.00858004954725	1186	aminodeoxychorismate synthase, component I
0.00858004954725	1186	DUF484 domain-containing protein
0.00857281510413	1185	electron transporter RnfB
0.00857281510413	1185	CoA-disulfide reductase
0.008565580661	1184	RNA polymerase subunit sigma-70
0.00855834621788	1183	peptidoglycan endopeptidase
0.00855111177475	1182	acetate kinase
0.00854387733162	1181	DinB family protein
0.00854387733162	1181	sodium:proton exchanger
0.00854387733162	1181	DNA ligase-associated DEXH box helicase
0.00852940844537	1179	bifunctional 3-demethylubiquinol 3-O-methyltransferase/2-polyprenyl-6-hydroxyphenol methylase
0.00852940844537	1179	peptidase M14
0.00851493955912	1177	CoA pyrophosphatase
0.008507705116	1176	aspartate 1-decarboxylase
0.00850047067287	1175	aminoacyl-histidine dipeptidase
0.00850047067287	1175	protein kinase
0.00848600178662	1173	CarD family transcriptional regulator
0.00848600178662	1173	tungsten formylmethanofuran dehydrogenase
0.00846429845724	1170	zinc carboxypeptidase
0.00846429845724	1170	DUF1993 domain-containing protein
0.00846429845724	1170	alpha-rhamnosidase
0.00845706401411	1169	DUF3833 domain-containing protein
0.00845706401411	1169	photosynthetic reaction center subunit L
0.00845706401411	1169	4,5-DOPA dioxygenase extradiol
0.00844982957099	1168	thioredoxin-dependent thiol peroxidase
0.00844259512786	1167	disulfide bond formation protein B
0.00843536068474	1166	L-fucose:H+ symporter permease
0.00843536068474	1166	magnesium/cobalt efflux protein
0.00842089179849	1164	metallophosphatase
0.00841365735536	1163	methionine aminotransferase
0.00840642291223	1162	DNA methylase N-4
0.00839918846911	1161	penicillin amidase
0.00839918846911	1161	RusA family crossover junction endodeoxyribonuclease
0.00838471958286	1159	c-type cytochrome biogenesis protein CcmI
0.0083702506966	1157	taurine dioxygenase
0.00835578181035	1155	tricarballylate dehydrogenase
0.0083413129241	1153	D-alanyl-D-alanine endopeptidase
0.00833407848098	1152	glycosyl hydrolase family 32
0.00832684403785	1151	DUF853 domain-containing protein
0.00832684403785	1151	prolyl aminopeptidase
0.00831960959472	1150	ferric iron uptake transcriptional regulator
0.0083123751516	1149	DNA alkylation repair protein
0.0083123751516	1149	xylosidase
0.0083123751516	1149	gliding motility-associated ABC transporter ATP-binding subunit GldA
0.00830514070847	1148	3-hydroxyisobutyryl-CoA hydrolase
0.00829790626535	1147	carnitine dehydratase
0.00829067182222	1146	Rieske (2Fe-2S) protein
0.00829067182222	1146	NADPH-dependent 7-cyano-7-deazaguanine reductase QueF
0.00827620293597	1144	DUF2851 domain-containing protein
0.00827620293597	1144	heme ABC exporter ATP-binding protein CcmA
0.00827620293597	1144	translation elongation factor Tu
0.00826896849284	1143	peptide ABC transporter ATP-binding protein
0.00825449960659	1141	carboxylase
0.00824726516347	1140	copper chaperone PCu(A)C
0.00824003072034	1139	mechanosensitive ion channel family protein
0.00824003072034	1139	alkylhydroperoxidase
0.00823279627721	1138	2-succinyl-5-enolpyruvyl-6-hydroxy-3-cyclohexene-1-carboxylate synthase
0.00821832739096	1136	PEP-CTERM sorting domain-containing protein
0.00820385850471	1134	2-hydroxy-3-oxopropionate reductase
0.00817492073221	1130	DUF2779 domain-containing protein
0.00817492073221	1130	molybdenum cofactor biosynthesis protein MoaE
0.00817492073221	1130	xanthine dehydrogenase accessory protein XdhC
0.00816768628908	1129	cobalt ABC transporter ATP-binding protein
0.00816045184595	1128	NADH:ubiquinone oxidoreductase subunit L
0.00816045184595	1128	CDP-alcohol phosphatidyltransferase
0.00815321740283	1127	malate:quinone oxidoreductase
0.00815321740283	1127	D-galactarate dehydratase
0.0081170451872	1122	carbamoyltransferase
0.00810981074407	1121	MULTISPECIES: elongation factor 4
0.00810981074407	1121	co-chaperone YbbN
0.00810257630095	1120	propionyl-CoA synthetase
0.0080881074147	1118	(Fe-S)-binding protein
0.00808087297157	1117	class II glutamine amidotransferase
0.00808087297157	1117	family 65 glycosyl hydrolase
0.00808087297157	1117	mannosyltransferase
0.00807363852844	1116	alpha-N-arabinofuranosidase
0.00807363852844	1116	GLPGLI family protein
0.00807363852844	1116	alpha-2-macroglobulin
0.00806640408532	1115	DUF4270 domain-containing protein
0.00805916964219	1114	malate synthase A
0.00805916964219	1114	DUF4835 domain-containing protein
0.00805916964219	1114	adenine deaminase
0.00805916964219	1114	glutamate carboxypeptidase
0.00805916964219	1114	recombination-associated protein RdgC
0.00804470075594	1112	spore maturation protein
0.00804470075594	1112	DUF3416 domain-containing protein
0.00804470075594	1112	low-specificity L-threonine aldolase
0.00803023186969	1110	lipopolysaccharide biosynthesis protein
0.00802299742656	1109	glucosylceramidase
0.00802299742656	1109	acetylornithine carbamoyltransferase
0.00802299742656	1109	DUF4290 domain-containing protein
0.00802299742656	1109	DUF971 domain-containing protein
0.00800852854031	1107	stress response serine/threonine protein kinase YihE
0.00799405965406	1105	urease accessory protein UreG
0.00798682521093	1104	tripartite tricarboxylate transporter substrate binding protein BugE
0.00796512188156	1101	acetylornithine transaminase
0.00795788743843	1100	rubrerythrin
0.00795788743843	1100	heme-copper oxidase subunit III
0.00795788743843	1100	2OG-Fe(II) oxygenase
0.00795788743843	1100	magnesium and cobalt efflux protein CorC
0.00793618410905	1097	haloalkane dehalogenase
0.00791448077968	1094	MULTISPECIES: preprotein translocase subunit SecY
0.00790724633655	1093	O-succinylbenzoic acid--CoA ligase
0.00790001189342	1092	HHIP-like protein 1
0.0078927774503	1091	DUF420 domain-containing protein
0.0078927774503	1091	DUF179 domain-containing protein
0.0078927774503	1091	5-dehydro-4-deoxy-D-glucuronate isomerase
0.00788554300717	1090	methylisocitrate lyase
0.00788554300717	1090	LPS biosynthesis protein
0.0078638396778	1087	sarcosine oxidase subunit alpha family protein
0.00785660523467	1086	heme exporter protein CcmB
0.00784937079154	1085	phosphate acetyltransferase
0.00783490190529	1083	hydrolase TatD
0.00782766746217	1082	starch synthase
0.00782043301904	1081	DUF3109 domain-containing protein
0.00781319857591	1080	cysteine methyltransferase
0.00781319857591	1080	outer membrane protein assembly factor BamE
0.00780596413279	1079	MULTISPECIES: RNA polymerase sigma factor RpoD
0.00779872968966	1078	TIGR00645 family protein
0.00779872968966	1078	nitrate/sulfonate/bicarbonate ABC transporter ATP-binding protein
0.00779149524654	1077	adenosylmethionine--8-amino-7-oxononanoate aminotransferase BioA
0.00779149524654	1077	tRNA pseudouridine(38-40) synthase
0.00779149524654	1077	receptor
0.00779149524654	1077	MULTISPECIES: dihydroxy-acid dehydratase
0.00777702636029	1075	FAD:protein FMN transferase
0.00777702636029	1075	N-acylglucosamine 2-epimerase
0.00777702636029	1075	heparan N-sulfatase
0.00776979191716	1074	Fe-S cluster assembly transcriptional regulator IscR
0.00776255747403	1073	phosphoenolpyruvate carboxykinase
0.00775532303091	1072	maleylacetoacetate isomerase
0.00775532303091	1072	acetyl-CoA carboxylase carboxyl transferase subunit beta
0.00775532303091	1072	Phasin (PHA-granule associated protein)
0.00774808858778	1071	polyketide cyclase
0.00774085414466	1070	pantothenate kinase
0.00773361970153	1069	beta-hydroxyacyl-ACP dehydratase
0.00773361970153	1069	malate/lactate/ureidoglycolate dehydrogenase
0.0077263852584	1068	DUF3570 domain-containing protein
0.0077263852584	1068	lipid-transfer protein
0.0077263852584	1068	DUF2452 domain-containing protein
0.00771915081528	1067	3-oxoadipyl-CoA thiolase
0.00771915081528	1067	flagellar hook-associated protein 3
0.00771191637215	1066	MULTISPECIES: AcrB/AcrD/AcrF family protein
0.00771191637215	1066	MurR/RpiR family transcriptional regulator
0.00770468192903	1065	NAD(P)H-hydrate dehydratase
0.00769021304277	1063	tetracycline resistance MFS efflux pump
0.00769021304277	1063	allophanate hydrolase
0.00768297859965	1062	nodulation factor ABC transporter ATP-binding protein NodI
0.00768297859965	1062	alkyl/aryl-sulfatase
0.00767574415652	1061	bacteriochlorophyll/chlorophyll a synthase
0.0076685097134	1060	major capsid protein
0.0076685097134	1060	galactonate dehydratase
0.0076685097134	1060	multidrug transporter subunit MdtB
0.00766127527027	1059	flagellar biosynthetic protein FliR
0.00766127527027	1059	S-methyl-5-thioribose-1-phosphate isomerase
0.00765404082715	1058	non-canonical purine NTP pyrophosphatase, RdgB/HAM1 family
0.00764680638402	1057	CinA family protein
0.00763957194089	1056	DUF4337 domain-containing protein
0.00763957194089	1056	lipoprotein signal peptidase
0.00763233749777	1055	pyrophosphatase
0.00763233749777	1055	ferredoxin--NADP reductase
0.00762510305464	1054	IS630 family transposase
0.00762510305464	1054	cysteine--1-D-myo-inosityl 2-amino-2-deoxy-alpha-D-glucopyranoside ligase
0.00760339972526	1051	3,4-dihydroxyphenylacetate 2,3-dioxygenase
0.00758893083901	1049	50S ribosomal protein L29
0.00758169639589	1048	cation:proton antiporter
0.00757446195276	1047	cation/H(+) antiporter
0.00755999306651	1045	G-D-S-L family lipolytic protein
0.00755275862338	1044	heparinase
0.00755275862338	1044	damage-inducible protein CinA
0.00755275862338	1044	peptidase S45
0.00754552418026	1043	competence protein ComEC
0.00753828973713	1042	lipopolysaccharide transport periplasmic protein LptA
0.00753828973713	1042	nitroreductase family protein
0.00753828973713	1042	50S ribosomal protein L33
0.00752382085088	1040	peptidase C39
0.00751658640775	1039	tannase/feruloyl esterase family alpha/beta hydrolase
0.00750935196463	1038	methylated-DNA-
0.00750935196463	1038	bifunctional 1-(5-phosphoribosyl)-5-((5-phosphoribosylamino)methylideneamino)imidazole-4-carboxamide isomerase/phosphoribosylanthranilate isomerase PriA
0.00748041419213	1034	glucose/galactose MFS transporter
0.00748041419213	1034	glyoxylate/hydroxypyruvate reductase A
0.00745871086275	1031	50S ribosomal protein L30
0.00745871086275	1031	group II intron reverse transcriptase/maturase
0.00745147641962	1030	ribulokinase
0.00745147641962	1030	squalene synthase HpnC
0.00743700753337	1028	DNA-binding protein YbiB
0.00742977309024	1027	ribosome recycling factor
0.00741530420399	1025	sn-glycerol-3-phosphate ABC transporter substrate-binding protein
0.00740806976087	1024	NADH-quinone oxidoreductase subunit B
0.00740806976087	1024	molybdenum cofactor guanylyltransferase
0.00738636643149	1021	keto-deoxy-phosphogluconate aldolase
0.00738636643149	1021	DNA-directed RNA polymerase subunit beta', partial
0.00738636643149	1021	glutamine cyclotransferase
0.00737913198836	1020	dihydroorotate dehydrogenase
0.00737913198836	1020	nicotinic acid mononucleotide adenylyltransferase
0.00737913198836	1020	rhamnulokinase
0.00736466310211	1018	ZapD family protein
0.00736466310211	1018	hydantoin utilization protein A
0.00735019421586	1016	iron ABC transporter ATP-binding protein
0.00735019421586	1016	50S ribosomal protein L32
0.00733572532961	1014	cytidyltransferase
0.00732849088648	1013	CoA transferase subunit B
0.00732125644336	1012	DUF1599 domain-containing protein
0.00729955311398	1009	16S rRNA (guanine(966)-N(2))-methyltransferase RsmD
0.00729955311398	1009	septum formation protein Maf
0.00729955311398	1009	30S ribosomal protein S6--L-glutamate ligase
0.00729955311398	1009	DUF3501 domain-containing protein
0.00729231867085	1008	teicoplanin resistance protein VanZ
0.00729231867085	1008	N-acetyl-1-D-myo-inositol-2-amino-2-deoxy-alpha-D-glucopyranoside deacetylase
0.00729231867085	1008	Na+/H+ antiporter NhaA
0.00729231867085	1008	Fe-S protein assembly co-chaperone HscB
0.00728508422773	1007	uridine kinase
0.0072778497846	1006	L-idonate 5-dehydrogenase
0.0072778497846	1006	DUF4440 domain-containing protein
0.00727061534148	1005	magnesium-translocating P-type ATPase
0.00727061534148	1005	adenylyltransferase/sulfurtransferase MoeZ
0.00726338089835	1004	alpha-glucuronidase
0.00726338089835	1004	GHMP kinase
0.00725614645522	1003	cobyric acid synthase CobQ
0.00725614645522	1003	PTS fructose transporter subunit IIA
0.0072489120121	1002	aminoacylase
0.00723444312585	1000	type I polyketide synthase
0.00723444312585	1000	DUF2480 domain-containing protein
0.00723444312585	1000	membrane dipeptidase
0.00723444312585	1000	DUF2256 domain-containing protein
0.00722720868272	999	OmpA/MotB domain-containing protein
0.00721997423959	998	DUF4954 domain-containing protein
0.00721997423959	998	isomerase
0.00721273979647	997	monothiol glutaredoxin, Grx4 family
0.00720550535334	996	protein A*, partial
0.00720550535334	996	OmpW family protein
0.00719827091022	995	disulfide isomerase
0.00719103646709	994	cell division/cell wall cluster transcriptional repressor MraZ
0.00719103646709	994	autotransporter domain-containing protein
0.00717656758084	992	secretion protein HlyD
0.00717656758084	992	type III restriction endonuclease subunit R
0.00717656758084	992	3-hydroxy-2-methylbutyryl-CoA dehydrogenase
0.00716933313771	991	DNA-protecting protein DprA
0.00716209869459	990	50S ribosomal protein L35
0.00715486425146	989	organic solvent tolerance protein OstA
0.00715486425146	989	cysteine hydrolase
0.00714762980834	988	cyclophilin
0.00714039536521	987	L-rhamnose mutarotase
0.00713316092208	986	bifunctional isocitrate dehydrogenase kinase/phosphatase
0.00711869203583	984	cysteine synthase
0.00711869203583	984	urea ABC transporter ATP-binding protein UrtD
0.00710422314958	982	collagen-like protein
0.00710422314958	982	MexH family multidrug efflux RND transporter periplasmic adaptor subunit
0.00709698870646	981	citrate synthase
0.00709698870646	981	DUF4105 domain-containing protein
0.00709698870646	981	5-methyltetrahydropteroyltriglutamate--homocysteine S-methyltransferase
0.00709698870646	981	phosphonoacetate hydrolase
0.00708975426333	980	nitrobenzoate reductase
0.0070825198202	979	flagellar basal body rod protein FlgC
0.0070825198202	979	aromatic amino acid aminotransferase
0.0070825198202	979	methylmalonyl-CoA epimerase
0.00706805093395	977	peptidase M17
0.00706805093395	977	septum site-determining protein MinD
0.00706081649083	976	xanthine dehydrogenase
0.00706081649083	976	phosphatidylglycerophosphatase A
0.0070535820477	975	pyridoxal 5'-phosphate synthase glutaminase subunit PdxT
0.00704634760457	974	trimethylamine methyltransferase
0.00703911316145	973	dipeptidyl carboxypeptidase II
0.00703187871832	972	urea carboxylase
0.00703187871832	972	succinylglutamate desuccinylase
0.00703187871832	972	threonine ammonia-lyase, biosynthetic
0.0070246442752	971	CopD family protein
0.0070246442752	971	type II and III secretion system protein
0.00701740983207	970	ribonuclease G
0.00701740983207	970	gluconolaconase
0.00701740983207	970	4-hydroxybutyrate CoA-transferase
0.00700294094582	968	alpha-D-glucose phosphate-specific phosphoglucomutase
0.00700294094582	968	GTP cyclohydrolase
0.00698847205957	966	noncanonical pyrimidine nucleotidase, YjjG family
0.00697400317332	964	o-succinylbenzoate--CoA ligase
0.00696676873019	963	glucuronate isomerase
0.00696676873019	963	metal-binding protein
0.00696676873019	963	chromosome partitioning protein ParA
0.00695953428706	962	IS4 family transposase
0.00695953428706	962	rhamnose/proton symporter RhaT
0.00695953428706	962	4a-hydroxytetrahydrobiopterin dehydratase
0.00693783095769	959	dihydroorotate dehydrogenase B catalytic subunit
0.00693783095769	959	metalloendopeptidase
0.00693059651456	958	MULTISPECIES: CusA/CzcA family heavy metal efflux RND transporter
0.00693059651456	958	tRNA pseudouridine synthase A
0.00692336207144	957	sugar dehydrogenase
0.00691612762831	956	DUF1330 domain-containing protein
0.00690165874206	954	oxalyl-CoA decarboxylase
0.00690165874206	954	type II secretion system protein GspG
0.00689442429893	953	MULTISPECIES: amidohydrolase
0.00687995541268	951	MULTISPECIES: excinuclease ABC subunit B
0.00687995541268	951	DUF2490 domain-containing protein
0.00687995541268	951	barnase inhibitor
0.00687995541268	951	muraminidase
0.00687995541268	951	DUF1566 domain-containing protein
0.00687272096955	950	cell division protein ZapD
0.00687272096955	950	hydrogen peroxide-inducible genes activator
0.00686548652643	949	protease Do
0.00686548652643	949	cytochrome c biogenesis protein CcmE
0.00683654875393	945	tRNA (guanine(46)-N(7))-methyltransferase
0.0068293143108	944	peptidase C25
0.0068293143108	944	DUF501 domain-containing protein
0.00682207986767	943	protein-disulfide reductase DsbD
0.00681484542455	942	phenylacetate-CoA oxygenase subunit PaaA
0.0068003765383	940	preQ(1) synthase
0.00679314209517	939	filamentous hemagglutinin
0.00679314209517	939	5,10-methylenetetrahydrofolate reductase
0.00679314209517	939	2-hydroxymuconic semialdehyde dehydrogenase
0.00678590765204	938	serine/threonine-protein kinase
0.00678590765204	938	glutamate-1-semialdehyde-2,1-aminomutase
0.00678590765204	938	GMP reductase
0.00677867320892	937	glucose dehydrogenase
0.00677143876579	936	protein BatD
0.00677143876579	936	nitrate reductase subunit alpha
0.00675696987954	934	thiolase
0.00674973543641	933	YajQ family cyclic di-GMP-binding protein
0.00674250099329	932	aconitate hydratase 1
0.00674250099329	932	thiol:disulfide interchange protein DsbD
0.00674250099329	932	DUF1178 domain-containing protein
0.00673526655016	931	type VI secretion protein
0.00672803210704	930	dual-specificity RNA methyltransferase RlmN
0.00672079766391	929	YkgJ family cysteine cluster protein
0.00672079766391	929	DUF934 domain-containing protein
0.00671356322079	928	apocarotenoid-15,15'-oxygenase
0.00669185989141	925	photosynthetic reaction center subunit H
0.00669185989141	925	4-carboxy-4-hydroxy-2-oxoadipate aldolase/oxaloacetate decarboxylase
0.00668462544828	924	acyl-CoA thioesterase II
0.00668462544828	924	O-succinylbenzoate synthase
0.00667739100516	923	CoA-transferase
0.00667015656203	922	family 2 glycosyl transferase
0.0066629221189	921	HslU--HslV peptidase ATPase subunit
0.0066629221189	921	pyruvate:ferredoxin (flavodoxin) oxidoreductase
0.00665568767578	920	DUF1255 domain-containing protein
0.00664845323265	919	choline-sulfatase
0.00664845323265	919	cell surface protein
0.0066339843464	917	bifunctional 3-demethylubiquinone 3-O-methyltransferase/2-octaprenyl-6-hydroxy phenol methylase
0.00662674990328	916	alpha-1,2-mannosidase
0.00662674990328	916	recombination factor protein RarA
0.00661951546015	915	dTDP-4-keto-6-deoxy-D-glucose epimerase
0.00661951546015	915	3-hydroxyacyl
0.00661228101702	914	tryptophan-rich sensory protein
0.00661228101702	914	secretion system protein
0.00661228101702	914	cytochrome oxidase I
0.0066050465739	913	peptidase S11
0.0066050465739	913	ADP-ribosylglycohydrolase family protein
0.00659781213077	912	PepSY domain-containing protein
0.00659781213077	912	6-pyruvoyl tetrahydrobiopterin synthase
0.00659057768765	911	acyl transferase
0.00658334324452	910	gluconate transporter
0.00658334324452	910	glucose-methanol-choline oxidoreductase
0.00658334324452	910	DUF3089 domain-containing protein
0.00658334324452	910	DUF1684 domain-containing protein
0.00657610880139	909	zinc/iron-chelating domain-containing protein
0.00656887435827	908	integration host factor subunit alpha
0.00656887435827	908	2-oxo-hepta-3-ene-1,7-dioic acid hydratase
0.00656887435827	908	bifunctional RNase H/acid phosphatase
0.00655440547202	906	MULTISPECIES: CoA transferase
0.00655440547202	906	2-phosphosulfolactate phosphatase
0.00655440547202	906	lipoate--protein ligase
0.00655440547202	906	thiosulfate oxidation carrier complex protein SoxZ
0.00654717102889	905	DUF1376 domain-containing protein
0.00653993658577	904	right-handed parallel beta-helix repeat-containing protein
0.00653270214264	903	DUF1841 domain-containing protein
0.00651823325639	901	aminodeoxychorismate synthase component I
0.00650376437014	899	resolvase
0.00649652992701	898	type I secretion C-terminal target domain-containing protein
0.00649652992701	898	sugar porter family MFS transporter
0.00647482659763	895	MULTISPECIES: peptidylprolyl isomerase
0.00647482659763	895	zinc-binding dehydrogenase
0.00647482659763	895	hemolysin
0.00646759215451	894	YggT family protein
0.00646035771138	893	DUF2520 domain-containing protein
0.00646035771138	893	HPr family phosphocarrier protein
0.00645312326826	892	phosphate regulon transcriptional regulatory protein PhoB
0.00644588882513	891	acetylhydrolase
0.00644588882513	891	bifunctional aldolase/short-chain dehydrogenase
0.006438654382	890	acetyl-CoA carboxylase, biotin carboxyl carrier protein
0.006438654382	890	urease accessory protein UreF
0.006438654382	890	DUF2237 domain-containing protein
0.00643141993888	889	capsular biosynthesis protein
0.00643141993888	889	ATP-dependent DNA helicase PcrA
0.00643141993888	889	MULTISPECIES: ABC transporter
0.00642418549575	888	alpha-1,4-glucan--maltose-1-phosphate maltosyltransferase
0.00641695105263	887	3-isopropylmalate dehydratase
0.00641695105263	887	hydantoin utilization protein B
0.00641695105263	887	MULTISPECIES: replicative DNA helicase
0.0064097166095	886	gliding motility protein GldL
0.0064097166095	886	ATP-dependent Clp endopeptidase, proteolytic subunit ClpP
0.00640248216637	885	sodium:proline symporter
0.00640248216637	885	Zn-dependent alcohol dehydrogenase
0.00639524772325	884	DNA polymerase III subunit chi
0.00638801328012	883	exodeoxyribonuclease VII small subunit
0.006380778837	882	Hsp33 chaperonin
0.00637354439387	881	DUF3857 domain-containing protein
0.00636630995075	880	SURF1 family protein
0.00635907550762	879	iduronate-2-sulfatase
0.00635184106449	878	DUF4197 domain-containing protein
0.00635184106449	878	ATP-dependent RecD-like DNA helicase
0.00633737217824	876	GxxExxY protein
0.00633737217824	876	globin
0.00633013773512	875	DoxX family membrane protein
0.00633013773512	875	FmdB family transcriptional regulator
0.00632290329199	874	GDP-mannose pyrophosphorylase
0.00632290329199	874	cytochrome bc complex cytochrome b subunit
0.00631566884886	873	coniferyl aldehyde dehydrogenase
0.00630843440574	872	PDZ domain-containing protein
0.00630843440574	872	bifunctional hydroxymethylpyrimidine kinase/phosphomethylpyrimidine kinase
0.00630843440574	872	NIPSNAP family protein
0.00630119996261	871	hydroxymethylglutaryl-CoA reductase, degradative
0.00630119996261	871	IS66 family transposase
0.00630119996261	871	Fe-S cluster assembly scaffold IscU
0.00628673107636	869	alpha-glycosidase
0.00627949663323	868	Uma2 family endonuclease
0.00627949663323	868	recombination regulator RecX
0.00627226219011	867	glycogen debranching enzyme
0.00627226219011	867	SRPBCC family protein
0.00626502774698	866	amidinotransferase
0.00625779330386	865	phosphomannomutase
0.00625055886073	864	MULTISPECIES: gfo/Idh/MocA family oxidoreductase
0.00625055886073	864	CHAT domain-containing protein
0.00624332441761	863	threonine dehydratase
0.00624332441761	863	MULTISPECIES: 50S ribosomal protein L16
0.00624332441761	863	AsmA family protein
0.00622885553135	861	deoxyribonuclease IV
0.00622885553135	861	ribosome silencing factor RsfS
0.00622885553135	861	septal ring lytic transglycosylase RlpA family lipoprotein
0.00622162108823	860	lysozyme
0.00620715220198	858	DUF945 domain-containing protein
0.0061854488726	855	flagellar biosynthesis protein FlgA
0.0061854488726	855	VIT family protein
0.0061854488726	855	ring-hydroxylating oxygenase subunit alpha
0.00617821442947	854	PASTA domain-containing protein
0.00617821442947	854	CBS domain-containing protein
0.00617097998635	853	DUF3025 domain-containing protein
0.00617097998635	853	iron-sulfur cluster assembly protein IscA
0.00616374554322	852	DUF3127 domain-containing protein
0.00614927665697	850	2-octaprenyl-3-methyl-6-methoxy-1,4-benzoquinol hydroxylase
0.00613480777072	848	1-aminocyclopropane-1-carboxylate deaminase
0.00609863555509	843	DUF4080 domain-containing protein
0.00609863555509	843	SOS mutagenesis and repair protein UmuC
0.00609863555509	843	glycogen debranching protein
0.00609863555509	843	ATP-dependent Clp protease adaptor ClpS
0.00609140111196	842	aldose epimerase
0.00609140111196	842	DUF1593 domain-containing protein
0.00609140111196	842	DUF4159 domain-containing protein
0.00609140111196	842	thiosulfate oxidation carrier protein SoxY
0.00607693222571	840	cell cycle protein
0.00607693222571	840	CPBP family intramembrane metalloprotease
0.00607693222571	840	beta-xylosidase
0.00606969778259	839	TIGR02757 family protein
0.00606969778259	839	DUF1415 domain-containing protein
0.00606969778259	839	DUF1071 domain-containing protein
0.00606246333946	838	sugar ABC transporter
0.00605522889633	837	tol-pal system-associated acyl-CoA thioesterase
0.00605522889633	837	16S rRNA processing protein RimM
0.00605522889633	837	DUF3237 domain-containing protein
0.00604799445321	836	calcium-binding protein
0.00604799445321	836	MULTISPECIES: excinuclease ABC subunit A
0.00604799445321	836	prenyltransferase
0.00604076001008	835	1,2-phenylacetyl-CoA epoxidase subunit A
0.00604076001008	835	MULTISPECIES: cytochrome c oxidase subunit I
0.00603352556696	834	DUF3078 domain-containing protein
0.00602629112383	833	phenylalanine 4-monooxygenase
0.00602629112383	833	tryptophan 7-halogenase
0.00602629112383	833	N-ethylammeline chlorohydrolase
0.00602629112383	833	glutaredoxin
0.0060190566807	832	magnesium protoporphyrin IX methyltransferase
0.00599735335133	829	peptide-binding protein
0.0059901189082	828	NADH-dependent alcohol dehydrogenase
0.00597565002195	826	bifunctional phosphoribosyl-AMP cyclohydrolase/phosphoribosyl-ATP diphosphatase
0.00596841557882	825	lytic murein transglycosylase
0.00595394669257	823	MULTISPECIES: MBL fold metallo-hydrolase
0.00594671224945	822	phage holin family protein
0.00594671224945	822	glyoxalase/bleomycin resistance/dioxygenase family protein
0.00593947780632	821	cytochrome C oxidase subunit II
0.00593224336319	820	recombinase XerC
0.00592500892007	819	coenzyme A pyrophosphatase
0.00592500892007	819	NADH-ubiquinone oxidoreductase subunit 6
0.00590330559069	816	molybdopterin-binding oxidoreductase
0.00590330559069	816	gliding motility-associated ABC transporter permease subunit GldF
0.00590330559069	816	CPBP family intramembrane metalloprotease domain-containing protein
0.00590330559069	816	phosphonate ABC transporter substrate-binding protein
0.00589607114756	815	peptide ABC transporter
0.00589607114756	815	nodulation protein NolG
0.00588883670444	814	kinase
0.00588883670444	814	(2Fe-2S) ferredoxin
0.00588160226131	813	L-arabinose isomerase
0.00588160226131	813	phosphatidylinositol mannoside acyltransferase
0.00586713337506	811	nucleoid-associated protein, YbaB/EbfC family
0.00586713337506	811	DUF59 domain-containing protein
0.00585989893194	810	beta-phosphoglucomutase
0.00585989893194	810	twitching motility protein PilT
0.00585989893194	810	DUF4287 domain-containing protein
0.00585266448881	809	phenylacetate-CoA oxygenase subunit PaaJ
0.00584543004568	808	penicillin-binding protein 1C
0.00584543004568	808	MULTISPECIES: 30S ribosomal protein S7
0.00584543004568	808	MULTISPECIES: type I glyceraldehyde-3-phosphate dehydrogenase
0.00583819560256	807	protein TolA
0.00583096115943	806	DUF2331 domain-containing protein
0.00583096115943	806	MULTISPECIES: translational GTPase TypA
0.00583096115943	806	molybdenum ABC transporter substrate-binding protein
0.00582372671631	805	IS481 family transposase
0.00581649227318	804	protein of unknown function DUF1549
0.00581649227318	804	iron-sulfur protein
0.00580925783005	803	addiction module toxin RelE
0.00580925783005	803	N-acetylgalactosamine 6-sulfate sulfatase
0.00580925783005	803	electron transport complex subunit RsxC
0.00580202338693	802	protein meaA
0.0057947889438	801	DUF3047 domain-containing protein
0.0057947889438	801	acyl dehydratase
0.0057947889438	801	peptidase S49
0.00577308561443	798	NADPH-dependent 2,4-dienoyl-CoA reductase
0.00577308561443	798	NADP oxidoreductase
0.00575861672817	796	RelE/ParE family toxin
0.00575138228505	795	AsnC family transcriptional regulator
0.00575138228505	795	UDP-N-acetyl-D-mannosamine dehydrogenase
0.00574414784192	794	lysylphosphatidylglycerol synthetase family protein
0.0057369133988	793	chromosomal replication initiator protein DnaA
0.0057369133988	793	DNA/RNA non-specific endonuclease
0.0057369133988	793	MULTISPECIES: 30S ribosomal protein S11
0.00572967895567	792	polyhydroxyalkanoate synthesis repressor PhaR
0.00572967895567	792	voltage-gated chloride channel protein
0.00572967895567	792	gamma-glutamylcyclotransferase
0.00572967895567	792	acetylornithine aminotransferase
0.00572967895567	792	Fe-S metabolism protein SufE
0.00572244451254	791	DUF3305 domain-containing protein
0.00572244451254	791	DUF4403 domain-containing protein
0.00571521006942	790	DUF748 domain-containing protein
0.00570797562629	789	pyrroloquinoline quinone biosynthesis protein PqqE
0.00570797562629	789	asparagine synthase B
0.00570074118317	788	NADH oxidase
0.00569350674004	787	peptide methionine sulfoxide reductase
0.00567903785379	785	MULTISPECIES: 50S ribosomal protein L14
0.00567180341066	784	PTS sugar transporter subunit IIA
0.00566456896754	783	beta-mannosidase
0.00566456896754	783	kinase/pyrophosphorylase
0.00566456896754	783	glutaredoxin 3
0.00566456896754	783	chemotaxis response regulator protein-glutamate methylesterase
0.00565010008129	781	ubiquinone biosynthesis protein UbiA
0.00564286563816	780	IS1595 family transposase
0.00563563119503	779	carboxypeptidase regulatory-like domain-containing protein
0.00562839675191	778	chlorophyllide reductase subunit Z
0.00562116230878	777	MULTISPECIES: DNA-directed RNA polymerase subunit alpha
0.00562116230878	777	Na+:solute symporter
0.00562116230878	777	DUF3623 domain-containing protein
0.00562116230878	777	4-aminobutyrate--2-oxoglutarate transaminase
0.00561392786566	776	ISC system 2Fe-2S type ferredoxin
0.00561392786566	776	3'(2'),5'-bisphosphate nucleotidase CysQ
0.00560669342253	775	bifunctional proline dehydrogenase/L-glutamate gamma-semialdehyde dehydrogenase
0.00560669342253	775	cytochrome oxidase assembly protein
0.00560669342253	775	TROVE domain-containing protein
0.00560669342253	775	NAD(P)(+) transhydrogenase (Re/Si-specific) subunit beta
0.00559945897941	774	nitrate transporter
0.00559945897941	774	sarcosine oxidase subunit beta family protein
0.00558499009315	772	endonuclease MutS2
0.00558499009315	772	DSBA oxidoreductase
0.00557775565003	771	low specificity L-threonine aldolase
0.00557775565003	771	MULTISPECIES: ATP-dependent Clp protease ATP-binding subunit ClpX
0.0055705212069	770	DUF2189 domain-containing protein
0.0055705212069	770	DUF2889 domain-containing protein
0.0055705212069	770	ribose-5-phosphate isomerase
0.0055705212069	770	peptide transporter
0.00556328676378	769	Na+ dependent nucleoside transporter domain-containing protein
0.00556328676378	769	murein L,D-transpeptidase
0.00555605232065	768	CoB--CoM heterodisulfide reductase
0.00555605232065	768	catechol 1,2-dioxygenase
0.00554881787752	767	MULTISPECIES: enoyl-CoA hydratase
0.00554881787752	767	bifunctional 2-C-methyl-D-erythritol 4-phosphate cytidylyltransferase/2-C-methyl-D-erythritol 2,4-cyclodiphosphate synthase
0.00553434899127	765	malonyl-CoA decarboxylase
0.00553434899127	765	4-hydroxyphenyl-beta-ketoacyl-CoA hydrolase
0.00553434899127	765	Twin-arginine translocation pathway signal
0.00552711454815	764	helix-turn-helix transcriptional regulator
0.00552711454815	764	DUF4395 domain-containing protein
0.00551988010502	763	catalase
0.0055126456619	762	2,4-dihydroxyhept-2-ene-1,7-dioic acid aldolase
0.0055126456619	762	chloride transporter
0.0055126456619	762	Fe-S protein
0.0055126456619	762	2-(1,2-epoxy-1,2-dihydrophenyl)acetyl-CoA isomerase
0.00550541121877	761	flagellar basal body rod protein FlgB
0.00549817677564	760	YbjN domain-containing protein
0.00549094233252	759	glucosamine-6-phosphate synthase
0.00549094233252	759	dehypoxanthine futalosine cyclase
0.00547647344627	757	MULTISPECIES: threonine--tRNA ligase
0.00546923900314	756	S-adenosylmethionine tRNA ribosyltransferase
0.00546200456001	755	hemerythrin
0.00546200456001	755	5'-methylthioadenosine/S-adenosylhomocysteine nucleosidase
0.00545477011689	754	FABP family protein
0.00545477011689	754	ADP-ribose pyrophosphatase
0.00545477011689	754	MULTISPECIES: transcription termination/antitermination protein NusA
0.00544753567376	753	low molecular weight phosphotyrosine protein phosphatase
0.00544753567376	753	aminofutalosine synthase MqnE
0.00544753567376	753	3-oxoacyl-ACP synthase III
0.00544030123064	752	DUF2069 domain-containing protein
0.00544030123064	752	bifunctional DNA primase/helicase
0.00543306678751	751	MULTISPECIES: phosphopyruvate hydratase
0.00543306678751	751	DeoR/GlpR transcriptional regulator
0.00542583234438	750	DUF4153 domain-containing protein
0.00542583234438	750	iron-sulfur cluster scaffold-like protein
0.00541859790126	749	phosphate-binding protein
0.00541136345813	748	DUF5107 domain-containing protein
0.00541136345813	748	MULTISPECIES: preprotein translocase subunit SecA
0.00541136345813	748	succinate dehydrogenase, hydrophobic membrane anchor protein
0.00540412901501	747	1,4-alpha-glucan-branching protein
0.00539689457188	746	HDOD domain-containing protein
0.00538966012876	745	NAD-glutamate dehydrogenase
0.00538966012876	745	chlorophyllide reductase iron protein subunit X
0.00538966012876	745	dihydrofolate synthase
0.00538966012876	745	D-3-phosphoglycerate dehydrogenase
0.00538242568563	744	cell division protein ZapA
0.00538242568563	744	DUF2817 domain-containing protein
0.00538242568563	744	RNA-splicing ligase RtcB
0.00538242568563	744	pyruvate carboxylase subunit B
0.00536795679938	742	flagella basal body P-ring formation protein FlgA
0.00536795679938	742	blue light sensor protein
0.00536795679938	742	gliding motility lipoprotein GldK
0.00536795679938	742	1,4-dihydroxy-2-naphthoate octaprenyltransferase
0.00536072235625	741	J domain-containing protein
0.00536072235625	741	flagellar motor switch protein FliN
0.00535348791313	740	DUF87 domain-containing protein
0.00533901902687	738	GGDEF-domain containing protein
0.00533178458375	737	ornithine cyclodeaminase
0.00533178458375	737	daunorubicin resistance protein DrrA family ABC transporter ATP-binding protein
0.00533178458375	737	redoxin
0.00532455014062	736	MULTISPECIES: N-acetyltransferase
0.00532455014062	736	guanosine monophosphate reductase
0.00532455014062	736	KamA family radical SAM protein
0.0053173156975	735	arabinogalactan endo-1,4-beta-galactosidase
0.0053173156975	735	MULTISPECIES: ketol-acid reductoisomerase
0.00531008125437	734	acylneuraminate cytidylyltransferase
0.00531008125437	734	segregation and condensation protein A
0.00531008125437	734	MULTISPECIES: type I glutamate--ammonia ligase
0.00531008125437	734	RNA polymerase sigma factor RpoE
0.00530284681125	733	peptidase S58 family protein
0.00530284681125	733	copper homeostasis protein CutC
0.00530284681125	733	UV damage endonuclease UvsE
0.00530284681125	733	nicotinate (nicotinamide) nucleotide adenylyltransferase
0.00529561236812	732	dihydrouridine synthase
0.00529561236812	732	MULTISPECIES: ATP-dependent helicase
0.00528837792499	731	DUF4268 domain-containing protein
0.00528837792499	731	sulfotransferase
0.00528114348187	730	protein TolR
0.00527390903874	729	TraB/GumN family protein
0.00526667459562	728	alpha-glucan family phosphorylase
0.00525944015249	727	TIGR00374 family protein
0.00524497126624	725	tRNA pseudouridine(55) synthase
0.00523773682311	724	SGNH/GDSL hydrolase family protein
0.00523050237999	723	butyryl-CoA dehydrogenase
0.00522326793686	722	PhnA protein
0.00522326793686	722	TIGR01244 family protein
0.00522326793686	722	UPF0261 family protein
0.00522326793686	722	aldehyde-activating protein
0.00521603349374	721	amino acid deaminase
0.00520879905061	720	LytR family transcriptional regulator
0.00520879905061	720	urease accessory protein ureD
0.00520879905061	720	ClpXP protease specificity-enhancing factor
0.00520879905061	720	heme-degrading domain-containing protein
0.00520879905061	720	general secretion pathway protein GspE
0.00520879905061	720	twin-arginine translocation pathway signal
0.00520156460748	719	nitrogen regulatory protein P-II 1
0.00519433016436	718	MULTISPECIES: molecular chaperone DnaK
0.00519433016436	718	glycerol-3-phosphate transporter permease
0.00519433016436	718	MULTISPECIES: adenosylhomocysteinase
0.00519433016436	718	sprT domain-containing protein
0.00519433016436	718	hydroxymethylglutaryl-CoA synthase
0.00519433016436	718	peptidase S1
0.00518709572123	717	MULTISPECIES: aldehyde dehydrogenase
0.00518709572123	717	3-ketoacyl-ACP reductase
0.00518709572123	717	2-keto-4-pentenoate hydratase
0.00517986127811	716	ribulose-bisphosphate carboxylase large subunit
0.00517986127811	716	lysophospholipase
0.00517986127811	716	MULTISPECIES: 30S ribosomal protein S1
0.00517986127811	716	octanoyltransferase
0.00517986127811	716	lactate utilization protein
0.00517986127811	716	molecular chaperone HscA
0.00517262683498	715	HAMP domain-containing histidine kinase
0.00517262683498	715	thiamine diphosphokinase
0.00517262683498	715	Hsp70 family protein
0.00516539239185	714	30S ribosomal protein S21
0.00516539239185	714	DUF2805 domain-containing protein
0.00516539239185	714	ACP S-malonyltransferase
0.00516539239185	714	3-phosphoserine/phosphohydroxythreonine aminotransferase
0.00516539239185	714	MULTISPECIES: SAM-dependent methyltransferase
0.00515815794873	713	NIPSNAP family containing protein
0.0051509235056	712	TIGR00266 family protein
0.0051509235056	712	MULTISPECIES: aspartate--tRNA ligase
0.0051509235056	712	rubrerythrin family protein
0.0051509235056	712	indolepyruvate oxidoreductase
0.00514368906248	711	addiction module antidote protein, HigA family
0.00514368906248	711	inositol 2-dehydrogenase
0.00514368906248	711	assimilatory sulfite reductase (NADPH) hemoprotein subunit
0.00513645461935	710	Vi polysaccharide biosynthesis protein VipA/TviB
0.00512922017623	709	hydantoinase
0.00512922017623	709	BrnT family toxin
0.0051219857331	708	DUF494 domain-containing protein
0.00511475128997	707	type I pantothenate kinase
0.00510751684685	706	MazG family protein
0.00510751684685	706	homospermidine synthase
0.00510751684685	706	23S rRNA (adenine(1618)-N(6))-methyltransferase
0.00510751684685	706	integron integrase
0.00510028240372	705	ATP-dependent DNA helicase UvrD2
0.00510028240372	705	2-dehydro-3-deoxyglucarate aldolase
0.00510028240372	705	MULTISPECIES: transketolase
0.00510028240372	705	methyltransferase type 12
0.0050930479606	704	bifunctional D-altronate/D-mannonate dehydratase
0.00508581351747	703	DUF3048 domain-containing protein
0.00508581351747	703	riboflavin synthase subunit alpha
0.00507857907434	702	glutathione-dependent disulfide-bond oxidoreductase
0.00506411018809	700	NAD(P) transhydrogenase subunit alpha
0.00506411018809	700	oligoendopeptidase F
0.00505687574497	699	MULTISPECIES: ATP-dependent Clp protease ATP-binding subunit
0.00505687574497	699	zinc-binding alcohol dehydrogenase
0.00505687574497	699	glycerol-3-phosphate cytidylyltransferase
0.00504240685872	697	cytochrome c class I
0.00504240685872	697	M20 peptidase family dipeptidase
0.00504240685872	697	cardiolipin synthase
0.00503517241559	696	23S rRNA pseudouridine synthase F
0.00503517241559	696	chromosome segregation protein ScpA
0.00503517241559	696	type II toxin-antitoxin system PemK/MazF family toxin
0.00502793797246	695	folate-binding protein YgfZ
0.00502793797246	695	DUF86 domain-containing protein
0.00502070352934	694	peptidase S24
0.00501346908621	693	NADP-dependent 6-phosphogluconate dehydrogenase
0.00501346908621	693	aminotransferase class IV
0.00501346908621	693	membrane-bound dehydrogenase domain protein
0.00500623464309	692	DNA mismatch repair protein MutT
0.00500623464309	692	DUF983 domain-containing protein
0.00500623464309	692	MULTISPECIES: 50S ribosomal protein L36
0.00500623464309	692	MULTISPECIES: 50S ribosomal protein L2
0.00499176575683	690	acetoacetate--CoA ligase
0.00499176575683	690	DUF3027 domain-containing protein
0.00499176575683	690	peptidase C69
0.00498453131371	689	DUF1854 domain-containing protein
0.00497729687058	688	carbon-monoxide dehydrogenase large subunit
0.00497729687058	688	thiol:disulfide oxidoreductase
0.00497729687058	688	NADP-dependent isocitrate dehydrogenase
0.00497006242746	687	NYN domain-containing protein
0.00497006242746	687	2-iminoacetate synthase ThiH
0.00497006242746	687	DUF423 domain-containing protein
0.00497006242746	687	lipocalin
0.00496282798433	686	flagellum-specific ATP synthase FliI
0.0049555935412	685	dimethylmenaquinone methyltransferase
0.0049555935412	685	GDSL family lipase
0.0049555935412	685	ATP-dependent metalloprotease
0.00494835909808	684	alkyl sulfatase
0.00494835909808	684	biotin synthase
0.00494112465495	683	TIGR03364 family FAD-dependent oxidoreductase
0.00494112465495	683	CYTH domain-containing protein
0.00494112465495	683	thiamine biosynthesis protein ApbE
0.00494112465495	683	DUF2721 domain-containing protein
0.00493389021183	682	23S rRNA pseudouridine(1911/1915/1917) synthase
0.00493389021183	682	osmotically inducible protein C
0.00493389021183	682	sulfate adenylyltransferase subunit CysN
0.00493389021183	682	MULTISPECIES: formate dehydrogenase
0.00493389021183	682	DUF4442 domain-containing protein
0.00493389021183	682	carboxylesterase family protein
0.0049266557687	681	ribosomal RNA small subunit methyltransferase I
0.0049266557687	681	NDMA-dependent alcohol dehydrogenase
0.00491942132558	680	50S ribosomal protein L34
0.00491218688245	679	ATP-dependent helicase, partial
0.00490495243932	678	cytosine deaminase
0.00490495243932	678	bifunctional glutamine-synthetase adenylyltransferase/deadenyltransferase
0.00490495243932	678	peptide synthetase
0.0048977179962	677	peptidase M19
0.0048977179962	677	nicotinate-nucleotide adenylyltransferase
0.0048977179962	677	OstA-like protein
0.00488324910995	675	haloacid dehalogenase-like hydrolase
0.00488324910995	675	flagellar biosynthesis protein FlhF
0.00488324910995	675	ribosomal-protein-alanine N-acetyltransferase
0.00488324910995	675	flavin oxidoreductase
0.00487601466682	674	MULTISPECIES: aspartate kinase
0.00484707689432	670	ATP-dependent Clp protease adapter ClpS
0.00483984245119	669	DUF2800 domain-containing protein
0.00483260800807	668	MULTISPECIES: ATP-dependent Clp protease proteolytic subunit
0.00483260800807	668	phosphonoacetaldehyde dehydrogenase
0.00483260800807	668	cytochrome C biogenesis protein CcdA
0.00482537356494	667	pentapeptide repeat-containing protein
0.00481813912181	666	cytochrome c oxidase subunit III
0.00481813912181	666	MULTISPECIES: succinate--CoA ligase subunit beta
0.00480367023556	664	multidrug efflux protein
0.00480367023556	664	Two component regulator three Y domain protein
0.00480367023556	664	DUF2807 domain-containing protein
0.00480367023556	664	methylhydantoinase
0.00480367023556	664	L-rhamnose isomerase
0.00480367023556	664	heat-shock protein
0.00479643579244	663	arsenate reductase
0.00479643579244	663	MULTISPECIES: glutamine synthetase
0.00479643579244	663	MULTISPECIES: NADP-dependent malic enzyme
0.00478920134931	662	PAP2 family protein
0.00478920134931	662	iron donor protein CyaY
0.00478920134931	662	MULTISPECIES: 50S ribosomal protein L11
0.00478196690618	661	N-6 DNA methylase
0.00477473246306	660	transferase
0.00476749801993	659	NAD-dependent epimerase/dehydratase
0.00476749801993	659	potassium channel protein
0.00476749801993	659	DUF3987 domain-containing protein
0.00476749801993	659	phosphonate ABC transporter permease
0.00476749801993	659	D-2-hydroxyacid dehydrogenase
0.00476749801993	659	cyanophycinase
0.00476026357681	658	GtrA family protein
0.00475302913368	657	YraN family protein
0.00475302913368	657	prevent-host-death protein
0.00475302913368	657	acyclic terpene utilization AtuA family protein
0.00475302913368	657	lipid hydroperoxide peroxidase
0.00474579469056	656	chlorophyllide a reductase iron protein subunit X
0.00473856024743	655	MULTISPECIES: adenylosuccinate synthase
0.00473856024743	655	guanylate cyclase
0.0047313258043	654	cobyrinic acid a,c-diamide synthase
0.0047313258043	654	2-vinyl bacteriochlorophyllide hydratase
0.00471685691805	652	guanine deaminase
0.00471685691805	652	type I secretion protein TolC
0.00471685691805	652	pyrimidine 5'-nucleotidase
0.00470962247493	651	DUF2892 domain-containing protein
0.00470962247493	651	DUF2400 domain-containing protein
0.00470962247493	651	DUF4292 domain-containing protein
0.0047023880318	650	colicin V production protein
0.00469515358867	649	aldehyde ferredoxin oxidoreductase
0.00468068470242	647	ATP synthase subunit I
0.0046734502593	646	type IA DNA topoisomerase
0.0046734502593	646	ROK family transcriptional regulator
0.0046734502593	646	racemase
0.0046734502593	646	chemotaxis protein CheW
0.00466621581617	645	flavodoxin reductase
0.00465898137305	644	MULTISPECIES: molecular chaperone DnaJ
0.00465898137305	644	type I restriction endonuclease subunit M
0.00465898137305	644	demethoxyubiquinone hydroxylase family protein
0.00465174692992	643	secretion system protein E
0.00465174692992	643	efflux transporter periplasmic adaptor subunit
0.00465174692992	643	urea ABC transporter ATP-binding subunit UrtE
0.00465174692992	643	FMN-dependent monooxygenase
0.00465174692992	643	MULTISPECIES: short-chain dehydrogenase
0.00465174692992	643	rubredoxin
0.00464451248679	642	desaturase
0.00464451248679	642	MULTISPECIES: malate dehydrogenase
0.00464451248679	642	aspartate ammonia-lyase
0.00464451248679	642	TIGR02453 family protein
0.00464451248679	642	DUF2797 domain-containing protein
0.00463727804367	641	DUF2271 domain-containing protein
0.00463727804367	641	MULTISPECIES: thymidylate synthase
0.00463727804367	641	transposase, partial
0.00463004360054	640	stress response kinase A
0.00462280915742	639	ribosomal RNA small subunit methyltransferase A
0.00462280915742	639	chemotaxis protein CheR
0.00461557471429	638	DUF4149 domain-containing protein
0.00461557471429	638	pyridoxal-5'-phosphate-dependent protein subunit beta
0.00460834027116	637	DUF2132 domain-containing protein
0.00460834027116	637	4-hydroxythreonine-4-phosphate dehydrogenase
0.00460834027116	637	MULTISPECIES: 3-hydroxyacyl-CoA dehydrogenase
0.00460110582804	636	MULTISPECIES: pyridoxal phosphate-dependent aminotransferase
0.00459387138491	635	MULTISPECIES: acetyl-CoA acetyltransferase
0.00458663694179	634	MULTISPECIES: NAD(P)/FAD-dependent oxidoreductase
0.00457940249866	633	beta-carotene hydroxylase
0.00457940249866	633	bifunctional cbb3-type cytochrome C oxidase subunit I/II
0.00457940249866	633	ISL3 family transposase
0.00457216805554	632	peptidase U62
0.00456493361241	631	5-oxopent-3-ene-1,2,5-tricarboxylate decarboxylase
0.00456493361241	631	polysaccharide pyruvyl transferase family protein
0.00455769916928	630	glycerol-3-phosphate transporter
0.00455769916928	630	DUF4136 domain-containing protein
0.00454323028303	628	FUSC family protein
0.00454323028303	628	HupE / UreJ protein
0.00454323028303	628	cytochrome c-type biogenesis protein CcmH
0.00453599583991	627	2-oxoacid:ferredoxin oxidoreductase subunit beta
0.00453599583991	627	branched-chain alpha-keto acid dehydrogenase subunit E2
0.00452876139678	626	L-asparaginase
0.00452876139678	626	tRNA-dihydrouridine synthase C
0.00452876139678	626	aerotolerance regulator BatA
0.00452152695365	625	carotenoid biosynthesis protein
0.00451429251053	624	ATP synthase F0 subunit B
0.00451429251053	624	MULTISPECIES: peroxiredoxin
0.00451429251053	624	DUF493 domain-containing protein
0.00451429251053	624	microcin ABC transporter ATP-binding protein
0.0045070580674	623	RsmD family RNA methyltransferase
0.0045070580674	623	Txe/YoeB family addiction module toxin
0.0045070580674	623	autotransporter strand-loop-strand O-heptosyltransferase
0.0045070580674	623	2-aminoethylphosphonate--pyruvate transaminase
0.00449982362428	622	DNA modification methylase
0.00449982362428	622	FkbM family methyltransferase
0.00449982362428	622	MULTISPECIES: 30S ribosomal protein S12
0.00449258918115	621	membrane-bound O-acyltransferase family protein
0.00449258918115	621	acetylglucosamine transferase
0.00448535473802	620	GSCFA domain-containing protein
0.0044781202949	619	antitoxin
0.00447088585177	618	ligand-gated channel protein
0.00447088585177	618	deoxyribonuclease HsdR
0.00445641696552	616	class II aldolase family protein
0.0044491825224	615	IS4/IS5 family transposase
0.0044491825224	615	CysB family transcriptional regulator
0.0044491825224	615	gliding motility lipoprotein GldD
0.0044491825224	615	30s ribosomal protein S12 methylthiotransferase accessory protein YcaO
0.00444194807927	614	6-carboxyhexanoate--CoA ligase
0.00443471363614	613	2-dehydro-3-deoxy-6-phosphogalactonate aldolase
0.00443471363614	613	FAD/NAD(P)-binding oxidoreductase
0.00442747919302	612	laccase domain-containing protein
0.00441301030677	610	F0F1 ATP synthase subunit C
0.00441301030677	610	DUF2863 domain-containing protein
0.00440577586364	609	GspE family protein
0.00439854142051	608	GlcNAc-PI de-N-acetylase
0.00439130697739	607	citrate (Si)-synthase, eukaryotic
0.00439130697739	607	hydroxyproline-2-epimerase
0.00438407253426	606	multidrug ABC transporter permease
0.00438407253426	606	molybdenum cofactor guanylyltransferase MobA
0.00437683809114	605	polyketide synthase
0.00436960364801	604	ChbG/HpnK family deacetylase
0.00436960364801	604	oxidase
0.00436960364801	604	ATP synthase F1 subunit delta
0.00436960364801	604	amidohydrolase/deacetylase family metallohydrolase
0.00436236920489	603	dihydroorotate dehydrogenase electron transfer subunit
0.00436236920489	603	sulfoacetaldehyde acetyltransferase
0.00436236920489	603	nucleotide pyrophosphohydrolase
0.00435513476176	602	VOC family virulence protein
0.00435513476176	602	proline hydroxylase
0.00435513476176	602	NADH dehydrogenase (quinone) subunit G
0.00434790031863	601	phosphate ABC transporter permease
0.00434790031863	601	2-dehydro-3-deoxygalactonokinase
0.00434790031863	601	multidrug ABC transporter ATPase
0.00434066587551	600	MULTISPECIES: FAD-binding oxidoreductase
0.00434066587551	600	3-oxoadipate enol-lactonase
0.00433343143238	599	phage Gp37/Gp68 family protein
0.00433343143238	599	L-histidine N(alpha)-methyltransferase
0.00433343143238	599	undecaprenyl-phosphate galactose phosphotransferase WbaP
0.00433343143238	599	MULTISPECIES: ribonucleoside-diphosphate reductase subunit alpha
0.00433343143238	599	diguanylate phosphodiesterase
0.00432619698926	598	cytochrome b6
0.00431896254613	597	indole-3-glycerol phosphate synthase
0.004311728103	596	sugar phosphate isomerase
0.004311728103	596	6-carboxytetrahydropterin synthase QueD
0.00430449365988	595	mannose-6-phosphate isomerase, class I
0.00430449365988	595	mannitol dehydrogenase family protein
0.00430449365988	595	dihydrolipoamide acetyltransferase
0.00429725921675	594	diphosphomevalonate decarboxylase
0.00429725921675	594	biopolymer transporter
0.00429725921675	594	PrpF protein
0.00429002477363	593	MULTISPECIES: serine--tRNA ligase
0.00429002477363	593	methanol dehydrogenase
0.0042827903305	592	LrgB family protein
0.0042827903305	592	DNA protecting protein DprA
0.00427555588738	591	MULTISPECIES: class I SAM-dependent methyltransferase
0.00427555588738	591	tail protein
0.00427555588738	591	MULTISPECIES: FAD-dependent oxidoreductase
0.00427555588738	591	Sec-independent protein translocase TatB
0.00427555588738	591	DUF962 domain-containing protein
0.00427555588738	591	DNA-binding transcriptional regulator OxyR
0.00427555588738	591	ClpV1 family T6SS ATPase
0.00426832144425	590	MULTISPECIES: aspartate carbamoyltransferase
0.00426832144425	590	DUF4432 domain-containing protein
0.00426832144425	590	glutathione-disulfide reductase
0.00426108700112	589	1-(5-phosphoribosyl)-5-((5-phosphoribosylamino)methylideneamino)imidazole-4-carboxamide isomerase
0.00426108700112	589	DNA replication/repair protein RecF
0.00426108700112	589	crotonyl-CoA carboxylase/reductase
0.004253852558	588	formimidoylglutamate deiminase
0.004253852558	588	hydrolase Nlp/P60
0.004253852558	588	zinc ABC transporter substrate-binding protein
0.004253852558	588	phage recombination protein Bet
0.00424661811487	587	DNA processing protein DprA
0.00424661811487	587	3-hydroxyanthranilate 3,4-dioxygenase
0.00424661811487	587	DUF599 domain-containing protein
0.00424661811487	587	primosomal replication protein N
0.00423938367175	586	naphthoate synthase
0.00423938367175	586	cytochrome C precursor
0.00423214922862	585	MULTISPECIES: F0F1 ATP synthase subunit beta
0.00423214922862	585	MULTISPECIES: sensor histidine kinase
0.00423214922862	585	secretion protein
0.00423214922862	585	DUF1738 domain-containing protein
0.00422491478549	584	class II aldolase/adducin family protein
0.00421768034237	583	alpha-1,2-fucosyltransferase
0.00421768034237	583	MULTISPECIES: 30S ribosomal protein S4
0.00421768034237	583	DUF2306 domain-containing protein
0.00421768034237	583	multidrug transporter subunit MdtC
0.00421044589924	582	urease accessory protein UreE
0.00421044589924	582	DUF3429 domain-containing protein
0.00420321145612	581	ergothioneine biosynthesis protein EgtB
0.00420321145612	581	folate hydrolase
0.00419597701299	580	acetyl/propionyl/methylcrotonyl-CoA carboxylase subunit alpha
0.00418874256987	579	MULTISPECIES: bifunctional (p)ppGpp synthetase/guanosine-3',5'-bis(diphosphate) 3'-pyrophosphohydrolase
0.00418150812674	578	MULTISPECIES: serine hydroxymethyltransferase
0.00417427368361	577	protein A*
0.00417427368361	577	LmbE family protein
0.00417427368361	577	TM2 domain-containing protein
0.00416703924049	576	pyruvate carboxylase subunit A
0.00415980479736	575	DUF3276 domain-containing protein
0.00415980479736	575	HDIG domain-containing protein
0.00415980479736	575	methylglyoxal synthase
0.00415257035424	574	NADH dehydrogenase (quinone) subunit D
0.00413810146798	572	peptidase S16
0.00413810146798	572	acetoin dehydrogenase
0.00413810146798	572	aminoacyl-tRNA deacylase
0.00413086702486	571	succinate-semialdehyde dehydrogenase (NADP(+))
0.00413086702486	571	branched-chain amino acid ABC transporter ATP-binding protein
0.00412363258173	570	cyclohexanecarboxylate-CoA ligase
0.00412363258173	570	STAS domain-containing protein
0.00411639813861	569	DUF3000 domain-containing protein
0.00411639813861	569	MULTISPECIES: NADH dehydrogenase subunit D
0.00410916369548	568	transcriptional activator NhaR
0.00410916369548	568	photosystem II q(b) protein
0.00410192925236	567	chaperonin GroEL
0.00410192925236	567	cell division protein FtsL
0.00409469480923	566	ribosomal-protein-alanine N-acetyltransferase RimI
0.00409469480923	566	ADP-heptose synthase
0.0040874603661	565	double-strand break repair helicase AddA
0.0040874603661	565	phenylacetic acid degradation protein PaaN
0.00408022592298	564	RNA ligase (ATP)
0.00408022592298	564	AmpG family muropeptide MFS transporter
0.00407299147985	563	AzlD domain-containing protein
0.00406575703673	562	dTDP-4-amino-4,6-dideoxy-D-glucose transaminase
0.00406575703673	562	urea ABC transporter permease subunit UrtB
0.00406575703673	562	MULTISPECIES: isocitrate lyase
0.00406575703673	562	MULTISPECIES: GMP synthase (glutamine-hydrolyzing)
0.0040585225936	561	glutamate formimidoyltransferase
0.0040585225936	561	M18 family aminopeptidase
0.0040585225936	561	geranylgeranylglyceryl/heptaprenylglyceryl phosphate synthase
0.0040585225936	561	laccase
0.00405128815047	560	putative iron-sulfur protein
0.00405128815047	560	MULTISPECIES: HNH endonuclease
0.00405128815047	560	amino acid-binding protein
0.00404405370735	559	endoglucanase
0.00404405370735	559	linear amide C-N hydrolase
0.00403681926422	558	DUF3159 domain-containing protein
0.00403681926422	558	MULTISPECIES: 30S ribosomal protein S3
0.00403681926422	558	multidrug DMT transporter permease
0.0040295848211	557	DNA starvation/stationary phase protection protein
0.0040295848211	557	MULTISPECIES: beta-ketoacyl
0.0040295848211	557	cell wall hydrolase
0.0040295848211	557	DUF2244 domain-containing protein
0.0040295848211	557	aminomethyltransferase
0.00402235037797	556	phosphoribosylpyrophosphate synthetase
0.00402235037797	556	MULTISPECIES: citrate (Si)-synthase
0.00402235037797	556	DUF554 domain-containing protein
0.00401511593484	555	DUF45 domain-containing protein
0.00400788149172	554	DUF3579 domain-containing protein
0.00400788149172	554	DUF3810 domain-containing protein
0.00400788149172	554	carboxyl-terminal protease
0.00400064704859	553	molybdopterin dehydrogenase
0.00400064704859	553	nucleotidyltransferase domain-containing protein
0.00399341260547	552	mycothiol synthase
0.00399341260547	552	cysteine desulfurase-like protein
0.00398617816234	551	carboxylate-amine ligase
0.00398617816234	551	dihydrolipoamide dehydrogenase
0.00397894371922	550	DUF3500 domain-containing protein
0.00397170927609	549	translation initiation factor IF-2, partial
0.00397170927609	549	sodium/hydrogen exchanger
0.00397170927609	549	MULTISPECIES: DNA gyrase subunit A
0.00396447483296	548	C-5 sterol desaturase
0.00396447483296	548	MULTISPECIES: succinate dehydrogenase flavoprotein subunit
0.00396447483296	548	sodium:calcium symporter
0.00395724038984	547	acyl CoA:acetate/3-ketoacid CoA transferase
0.00395724038984	547	MULTISPECIES: IMP dehydrogenase
0.00395724038984	547	UvrD/REP helicase
0.00395000594671	546	nicotinate-nucleotide--dimethylbenzimidazole phosphoribosyltransferase
0.00395000594671	546	PLxRFG domain-containing protein
0.00395000594671	546	chaperone protein ClpB
0.00394277150359	545	X-Pro dipeptidyl-peptidase
0.00394277150359	545	5-aminolevulinate synthase
0.00394277150359	545	glycoside hydrolase family 127 protein
0.00394277150359	545	MULTISPECIES: ATP-dependent chaperone ClpB
0.00394277150359	545	photosystem I core protein PsaA
0.00394277150359	545	MULTISPECIES: 30S ribosomal protein S18
0.00393553706046	544	galactose oxidase
0.00393553706046	544	ribonuclease E
0.00393553706046	544	apolipoprotein acyltransferase
0.00393553706046	544	carboxypeptidase M32
0.00392830261733	543	IS3 family transposase, partial
0.00392830261733	543	MULTISPECIES: integrase
0.00392830261733	543	ankyrin repeat domain-containing protein
0.00392830261733	543	chitinase
0.00392106817421	542	fucose isomerase
0.00392106817421	542	TIGR03643 family protein
0.00392106817421	542	cyclic beta 1-2 glucan synthetase
0.00392106817421	542	chlorophyllide reductase subunit Y
0.00392106817421	542	gliding motility lipoprotein GldB
0.00392106817421	542	MULTISPECIES: 30S ribosomal protein S19
0.00391383373108	541	succinate-semialdehyde dehydrogenase
0.00391383373108	541	protease HtpX
0.00390659928796	540	endonuclease/exonuclease/phosphatase
0.00390659928796	540	L-asparaginase 1
0.00389936484483	539	cobalamin biosynthesis protein CbiX
0.00389936484483	539	type III PLP-dependent enzyme
0.00389936484483	539	protein sphX
0.00389936484483	539	ubiquinol-cytochrome c reductase
0.00389936484483	539	osmotically inducible protein OsmC
0.00389936484483	539	DsbE family thiol:disulfide interchange protein
0.00389936484483	539	4-carboxymuconolactone decarboxylase
0.00389213040171	538	N-(5'-phosphoribosyl)anthranilate isomerase
0.00388489595858	537	alanine-phosphoribitol ligase
0.00388489595858	537	UbiD family decarboxylase
0.00388489595858	537	pseudouridine-5'-phosphate glycosidase
0.00387766151545	536	selenocysteine synthase
0.00387766151545	536	carbohydrate-binding protein
0.00387042707233	535	SIMPL domain-containing protein
0.00387042707233	535	cytochrome d ubiquinol oxidase subunit II
0.00387042707233	535	glutamate:protein symporter
0.00387042707233	535	4,5-dihydroxyphthalate dehydrogenase
0.0038631926292	534	cell division protein FtsB
0.00385595818608	533	glycolate oxidase
0.00385595818608	533	MULTISPECIES: 30S ribosomal protein S9
0.00385595818608	533	hemagglutinin
0.00384872374295	532	intein-containing replicative DNA helicase
0.00384872374295	532	7,8-didemethyl-8-hydroxy-5-deazariboflavin synthase
0.00384148929982	531	NAD-dependent deacetylase
0.00384148929982	531	cytochrome c-type biogenesis protein CcmF
0.0038342548567	530	sialidase
0.0038342548567	530	Fe/S-dependent 2-methylisocitrate dehydratase AcnD
0.0038342548567	530	biotin transporter BioY
0.0038342548567	530	2-octaprenyl-6-methoxyphenyl hydroxylase
0.0038342548567	530	ferrous iron transport protein A
0.0038342548567	530	outer membrane adhesin-like protein
0.0038342548567	530	glutamate-1-semialdehyde aminotransferase
0.00382702041357	529	dehydrogenase, partial
0.00382702041357	529	O-antigen ligase domain-containing protein
0.00381978597045	528	alpha-mannosyltransferase
0.00381978597045	528	MULTISPECIES: isocitrate dehydrogenase (NADP(+))
0.00381255152732	527	fluoride ion transporter CrcB
0.0038053170842	526	DUF3467 domain-containing protein
0.0038053170842	526	benzoate transporter
0.0038053170842	526	gliding motility protein GldC
0.0038053170842	526	5-dehydro-2-deoxygluconokinase
0.00379808264107	525	DUF4340 domain-containing protein
0.00379808264107	525	2-isopropylmalate synthase, partial
0.00379808264107	525	DUF1549 domain-containing protein
0.00379084819794	524	5-deoxy-glucuronate isomerase
0.00379084819794	524	MFS transporter permease
0.00379084819794	524	ethanolamine utilization protein
0.00379084819794	524	MULTISPECIES: type IIA DNA topoisomerase subunit B
0.00378361375482	523	MULTISPECIES: amino acid ABC transporter permease
0.00378361375482	523	MULTISPECIES: oxidoreductase
0.00378361375482	523	arsenate reductase (glutaredoxin)
0.00377637931169	522	alpha-L-arabinofuranosidase
0.00376914486857	521	DUF3106 domain-containing protein
0.00376914486857	521	glyoxylate carboligase
0.00376914486857	521	MULTISPECIES: efflux RND transporter periplasmic adaptor subunit
0.00376914486857	521	dihydropyrimidine dehydrogenase
0.00376191042544	520	GDP-mannose 4,6 dehydratase
0.00375467598231	519	regulator
0.00375467598231	519	metal-dependent phosphohydrolase
0.00375467598231	519	MULTISPECIES: ATP-dependent Clp protease ATP-binding subunit ClpA
0.00375467598231	519	NADPH-dependent oxidoreductase
0.00375467598231	519	GAF domain-containing protein
0.00374744153919	518	sporulation protein
0.00374744153919	518	glucose transporter
0.00374744153919	518	agmatine deiminase
0.00374744153919	518	polynucleotide adenylyltransferase
0.00374744153919	518	MULTISPECIES: transposase
0.00374020709606	517	DUF1611 domain-containing protein
0.00373297265294	516	IS5 family transposase
0.00373297265294	516	outer membrane porin, OprD family
0.00372573820981	515	MULTISPECIES: translation initiation factor IF-1
0.00371850376669	514	phosphofructokinase
0.00371850376669	514	aliphatic sulfonates ABC transporter substrate-binding protein
0.00371126932356	513	carboxyl-terminal processing protease
0.00371126932356	513	MULTISPECIES: arginine--tRNA ligase
0.00371126932356	513	MULTISPECIES: superoxide dismutase
0.00370403488043	512	MULTISPECIES: acetolactate synthase small subunit
0.00369680043731	511	TIGR04348 family glycosyltransferase
0.00369680043731	511	type I pullulanase
0.00369680043731	511	poly-gamma-glutamate biosynthesis protein
0.00369680043731	511	MULTISPECIES: response regulator
0.00369680043731	511	DUF4294 domain-containing protein
0.00369680043731	511	DUF4369 domain-containing protein
0.00368956599418	510	DNA mismatch repair protein
0.00368956599418	510	glucan biosynthesis glucosyltransferase H
0.00368233155106	509	zinc chelation protein SecC
0.00367509710793	508	sulfatase-modifying factor protein
0.00367509710793	508	twin-arginine translocase TatA/TatE family subunit
0.0036678626648	507	transcriptional initiation protein Tat
0.0036678626648	507	MULTISPECIES: succinate--CoA ligase subunit alpha
0.0036678626648	507	N-carbamoylputrescine amidase
0.0036678626648	507	phosphoenolpyruvate hydrolase family protein
0.00366062822168	506	hybrid non-ribosomal peptide synthetase/type I polyketide synthase
0.00366062822168	506	superoxide dismutase, Ni
0.00366062822168	506	MULTISPECIES: cold-shock protein
0.00366062822168	506	MULTISPECIES: 50S ribosomal protein L13
0.00365339377855	505	ECF transporter S component
0.00365339377855	505	TIGR03862 family flavoprotein
0.00365339377855	505	adenylate cyclase
0.00365339377855	505	zinc-finger domain-containing protein
0.00365339377855	505	phenylacetic acid degradation protein PaaD
0.00364615933543	504	aspartate--tRNA(Asn) ligase
0.0036389248923	503	MULTISPECIES: haloacid dehalogenase type II
0.0036389248923	503	MULTISPECIES: NADH dehydrogenase
0.0036389248923	503	potassium-transporting ATPase subunit B
0.00363169044917	502	MULTISPECIES: GntR family transcriptional regulator
0.00363169044917	502	DUF499 domain-containing protein
0.00363169044917	502	DNA-3-methyladenine glycosylase
0.00363169044917	502	segregation and condensation protein B
0.00363169044917	502	MULTISPECIES: cell division protein FtsA
0.00363169044917	502	MULTISPECIES: 3-isopropylmalate dehydratase large subunit
0.00362445600605	501	cytochrome c oxidase, cbb3-type subunit I
0.00362445600605	501	glycoside hydrolase family 19
0.00361722156292	500	urease subunit beta
0.00361722156292	500	DTW domain-containing protein
0.00361722156292	500	4-hydroxy-2-oxovalerate aldolase
0.00361722156292	500	adenine methyltransferase
0.00361722156292	500	MULTISPECIES: 23S rRNA (adenine(2503)-C(2))-methyltransferase RlmN
0.00361722156292	500	AP endonuclease
0.00361722156292	500	5-dehydro-4-deoxyglucarate dehydratase
0.00361722156292	500	MULTISPECIES: dihydrolipoyl dehydrogenase
0.00361722156292	500	DUF4861 domain-containing protein
0.0036099871198	499	MULTISPECIES: hydrogenase
0.0036099871198	499	MULTISPECIES: 50S ribosomal protein L33
0.0036099871198	499	undecaprenyl-phosphate alpha-N-acetylglucosaminyl 1-phosphate transferase
0.0036099871198	499	cobalamin biosynthesis protein CobW
0.0036099871198	499	N-acyl-D-aspartate/D-glutamate deacylase
0.00360275267667	498	nucleoid-associated protein
0.00360275267667	498	malonyl
0.00360275267667	498	ubiquinol-cytochrome C reductase
0.00360275267667	498	MULTISPECIES: deoxyribodipyrimidine photo-lyase
0.00360275267667	498	DUF4091 domain-containing protein
0.00359551823355	497	S-(hydroxymethyl)glutathione dehydrogenase/class III alcohol dehydrogenase
0.00359551823355	497	ubiquinone biosynthesis protein UbiB
0.00359551823355	497	rhamnogalacturonan acetylesterase
0.00358828379042	496	alpha-D-ribose 1-methylphosphonate 5-triphosphate diphosphatase
0.00358104934729	495	ionic transporter y4hA
0.00358104934729	495	flagellar hook-basal body complex protein FliE
0.00358104934729	495	MULTISPECIES: aspartate aminotransferase family protein
0.00358104934729	495	winged helix-turn-helix domain-containing protein
0.00358104934729	495	selenocysteine-specific translation elongation factor
0.00357381490417	494	DUF805 domain-containing protein
0.00357381490417	494	MULTISPECIES: aldo/keto reductase
0.00357381490417	494	dipeptidase
0.00357381490417	494	DNA repair protein
0.00356658046104	493	heavy metal transporter
0.00355934601792	492	quinoprotein dehydrogenase-associated putative ABC transporter substrate-binding protein
0.00355934601792	492	magnesium chelatase ATPase subunit D
0.00355934601792	492	MULTISPECIES: transcription-repair coupling factor
0.00355934601792	492	Mur ligase
0.00355934601792	492	4-oxalomesaconate hydratase
0.00355934601792	492	phosphonate monoester hydrolase
0.00355211157479	491	light-harvesting protein
0.00354487713166	490	MULTISPECIES: methionine adenosyltransferase
0.00354487713166	490	ABC transporter ATP-binding protein, partial
0.00354487713166	490	peptidylglycine monooxygenase
0.00353764268854	489	tRNA 2-methylthio-N6-isopentenyl adenosine(37) hydroxylase MiaE
0.00353764268854	489	DUF5069 domain-containing protein
0.00353764268854	489	HflC protein
0.00353764268854	489	molecular chaperone Hsp33
0.00353764268854	489	diacylglyceryl transferase
0.00353764268854	489	polysaccharide export protein
0.00353040824541	488	cobaltochelatase subunit CobN
0.00353040824541	488	NADH-quinone oxidoreductase subunit I, partial
0.00353040824541	488	general secretion pathway protein GspK
0.00352317380229	487	cobaltochelatase subunit CobS
0.00352317380229	487	hydratase
0.00352317380229	487	MULTISPECIES: ATP synthase subunit alpha
0.00352317380229	487	MULTISPECIES: succinyl-CoA--3-ketoacid-CoA transferase
0.00351593935916	486	nitrile hydratase subunit beta
0.00351593935916	486	heptosyltransferase
0.00351593935916	486	RNA chaperone Hfq
0.00350870491604	485	bifunctional 4-hydroxy-2-oxoglutarate aldolase/2-dehydro-3-deoxy-phosphogluconate aldolase
0.00350870491604	485	MULTISPECIES: 50S ribosomal protein L5
0.00350147047291	484	fatty acid--CoA ligase
0.00350147047291	484	flagellar biosynthetic protein FliQ
0.00349423602978	483	DUF1289 domain-containing protein
0.00349423602978	483	CDP-4-keto-6-deoxy-D-glucose-3-dehydrase
0.00349423602978	483	peptidase A8
0.00349423602978	483	type IV secretion protein Rhs
0.00349423602978	483	septal ring lytic transglycosylase RlpA family protein
0.00349423602978	483	NAD(+) synthetase
0.00348700158666	482	9-O-acetylesterase
0.00348700158666	482	MULTISPECIES: histidine kinase
0.00348700158666	482	DNA ligase
0.00347976714353	481	pseudaminic acid cytidylyltransferase
0.00347976714353	481	iron-dependent repressor
0.00347253270041	480	DUF3971 domain-containing protein
0.00346529825728	479	dipeptide/oligopeptide/nickel ABC transporter ATP-binding protein
0.00346529825728	479	MULTISPECIES: Holliday junction branch migration DNA helicase RuvB
0.00346529825728	479	S-layer protein
0.00346529825728	479	MULTISPECIES: 30S ribosomal protein S21
0.00346529825728	479	MULTISPECIES: class II fructose-bisphosphate aldolase
0.00345806381415	478	dimethylglycine dehydrogenase
0.00345806381415	478	D-xylose ABC transporter ATP-binding protein
0.00345082937103	477	toxin RelE
0.00345082937103	477	MULTISPECIES: energy-dependent translational throttle protein EttA
0.0034435949279	476	glycine zipper 2TM domain-containing protein
0.0034435949279	476	MULTISPECIES: 50S ribosomal protein L20
0.0034435949279	476	DUF1569 domain-containing protein
0.0034435949279	476	AzlC family protein
0.0034435949279	476	sulfonate ABC transporter ATP-binding protein
0.0034435949279	476	ATP synthase subunit A
0.0034435949279	476	isocitrate dehydrogenase, NADP-dependent
0.0034435949279	476	double-strand break repair protein AddB
0.0034435949279	476	galactitol-1-phosphate 5-dehydrogenase
0.00343636048478	475	MULTISPECIES: transporter
0.00343636048478	475	DUF779 domain-containing protein
0.00342912604165	474	beta-glucuronidase
0.00342912604165	474	amino acid synthesis family protein
0.00342912604165	474	cyclopropane-fatty-acyl-phospholipid synthase
0.00342912604165	474	NAD(+) kinase
0.00342912604165	474	DNAase
0.00342912604165	474	disulfide bond formation protein DsbD
0.00342912604165	474	MULTISPECIES: thioredoxin
0.00342189159853	473	2Fe-2S ferredoxin
0.0034146571554	472	MULTISPECIES: glycosyl transferase
0.0034146571554	472	outer membrane lipoprotein LolB
0.0034146571554	472	Mg chelatase-like protein
0.0034146571554	472	lactate utilization protein B/C
0.0034146571554	472	tRNA pseudouridine synthase B
0.0034146571554	472	salicylaldehyde dehydrogenase
0.00340742271227	471	lytic transglycosylase F
0.00340742271227	471	MULTISPECIES: NADH-quinone oxidoreductase subunit K
0.00340742271227	471	MULTISPECIES: ATP-binding protein
0.00340742271227	471	Vi polysaccharide biosynthesis protein VipB/TviC
0.00340742271227	471	ATP-dependent RNA helicase RhlE
0.00340018826915	470	MULTISPECIES: AraC family transcriptional regulator
0.00340018826915	470	phosphoglycerate mutase
0.00340018826915	470	quercetin 2,3-dioxygenase
0.00340018826915	470	MULTISPECIES: aconitate hydratase
0.00340018826915	470	photosystem II chlorophyll-binding protein CP47
0.00340018826915	470	phenylacetic acid degradation bifunctional protein PaaZ
0.00339295382602	469	DUF4837 domain-containing protein
0.00339295382602	469	host specificity protein J
0.00339295382602	469	gluconokinase
0.00339295382602	469	type II toxin-antitoxin system HicB family antitoxin
0.00339295382602	469	adhesin
0.0033857193829	468	NupC/NupG family nucleoside CNT transporter
0.0033857193829	468	cobaltochelatase subunit CobT
0.0033857193829	468	malonic semialdehyde reductase
0.0033857193829	468	CHAP domain-containing protein
0.00337848493977	467	bifunctional enoyl-CoA hydratase/phosphate acetyltransferase
0.00337125049664	466	MULTISPECIES: ferredoxin
0.00337125049664	466	short-chain dehydrogenase/reductase
0.00337125049664	466	MULTISPECIES: polyribonucleotide nucleotidyltransferase
0.00337125049664	466	YafY family transcriptional regulator
0.00336401605352	465	glutaminase
0.00336401605352	465	MULTISPECIES: MoxR family ATPase
0.00335678161039	464	SirA family protein
0.00335678161039	464	DUF3619 domain-containing protein
0.00335678161039	464	NAD(P)(+) transhydrogenase
0.00334954716727	463	HoxN/HupN/NixA family nickel/cobalt transporter
0.00334954716727	463	histone deacetylase family protein
0.00334231272414	462	septum site-determining protein MinC
0.00334231272414	462	YigZ family protein
0.00334231272414	462	carbohydrate porin
0.00333507828102	461	coenzyme F420 hydrogenase
0.00333507828102	461	large-conductance mechanosensitive channel protein
0.00333507828102	461	MULTISPECIES: penicillin-binding protein 2
0.00333507828102	461	MULTISPECIES: 50S ribosomal protein L1
0.00332784383789	460	malonate transporter subunit MadM
0.00332784383789	460	phosphoglucomutase
0.00332784383789	460	HPr(Ser) kinase/phosphatase
0.00332784383789	460	S1/P1 Nuclease
0.00332784383789	460	MULTISPECIES: 30S ribosomal protein S2
0.00332784383789	460	MULTISPECIES: molybdopterin oxidoreductase
0.00332784383789	460	pteridine reductase
0.00332784383789	460	mycofactocin radical SAM maturase
0.00332060939476	459	MULTISPECIES: leucine--tRNA ligase
0.00332060939476	459	DUF4115 domain-containing protein
0.00332060939476	459	6-bladed beta-propeller
0.00332060939476	459	GTP cyclohydrolase II
0.00332060939476	459	DUF2088 domain-containing protein
0.00331337495164	458	MULTISPECIES: aminotransferase
0.00331337495164	458	MULTISPECIES: 30S ribosomal protein S5
0.00331337495164	458	Signal peptidase-like protein
0.00331337495164	458	cobalt ABC transporter permease
0.00331337495164	458	epoxyqueuosine reductase
0.00331337495164	458	flagellar export chaperone FliS
0.00330614050851	457	L-fuconate dehydratase
0.00330614050851	457	L-lactate permease
0.00330614050851	457	TrpB-like pyridoxal phosphate-dependent enzyme
0.00330614050851	457	LPS biosynthesis protein WbpP
0.00329890606539	456	cytochrome c family protein
0.00329890606539	456	proteasome ATPase
0.00329890606539	456	xanthine dehydrogenase subunit D
0.00329890606539	456	AbrB/MazE/SpoVT family DNA-binding domain-containing protein
0.00329890606539	456	D-aminoacylase
0.00329167162226	455	DUF1009 domain-containing protein
0.00329167162226	455	MULTISPECIES: 2-oxoglutarate dehydrogenase subunit E1
0.00328443717913	454	hydroxyisourate hydrolase
0.00328443717913	454	glycerophosphoryl diester phosphodiesterase
0.00328443717913	454	MULTISPECIES: Lrp/AsnC family transcriptional regulator
0.00328443717913	454	MULTISPECIES: fumarate hydratase
0.00328443717913	454	MULTISPECIES: cysteine--tRNA ligase
0.00328443717913	454	cytochrome b561
0.00328443717913	454	mevalonate kinase
0.00327720273601	453	sulfite oxidase-like oxidoreductase
0.00327720273601	453	putative 2-aminoethylphosphonate ABC transporter substrate-binding protein
0.00327720273601	453	peptidase C26
0.00327720273601	453	MULTISPECIES: DNA polymerase III subunit beta
0.00326996829288	452	ethanolamine ammonia-lyase
0.00326996829288	452	type II secretion system protein GspI
0.00326996829288	452	MULTISPECIES: 30S ribosomal protein S13
0.00326273384976	451	DUF2341 domain-containing protein
0.00325549940663	450	DUF1631 domain-containing protein
0.00325549940663	450	patched family protein
0.00324826496351	449	thiamine ABC transporter substrate-binding protein
0.00324826496351	449	iron-regulated protein
0.00324826496351	449	DUF3800 domain-containing protein
0.00324826496351	449	S-methyl-5'-thioadenosine phosphorylase
0.00324103052038	448	MULTISPECIES: amino acid permease
0.00323379607725	447	DNA-directed RNA polymerase subunit A'/A''
0.00323379607725	447	bifunctional cbb3-type cytochrome c oxidase subunit I/II
0.00323379607725	447	cell division protein FtsX
0.00323379607725	447	MULTISPECIES: YebC/PmpR family DNA-binding transcriptional regulator
0.00323379607725	447	DUF3822 domain-containing protein
0.00322656163413	446	thiamine biosynthesis protein ThiS
0.00322656163413	446	septum formation initiator
0.00322656163413	446	MULTISPECIES: nitrogen regulatory protein P-II 1
0.003219327191	445	MULTISPECIES: chromosomal replication initiation protein DnaA
0.00321209274788	444	antitermination protein NusG
0.00321209274788	444	photosystem II 44 kDa subunit reaction center protein
0.00320485830475	443	mannitol dehydrogenase
0.00320485830475	443	aminotransferase class III
0.00320485830475	443	short-chain dehydrogenase/reductase SDR
0.00320485830475	443	cell division protein FtsI
0.00320485830475	443	DUF421 domain-containing protein
0.00319762386162	442	superoxide dismutase family protein
0.00319762386162	442	MULTISPECIES: GDP-mannose 4,6-dehydratase
0.00319762386162	442	phage protein
0.00319762386162	442	MULTISPECIES: valine--tRNA ligase
0.0031903894185	441	tyramine oxidase
0.0031903894185	441	peptidase U35
0.0031903894185	441	DUF4139 domain-containing protein
0.0031903894185	441	MaoC family dehydratase
0.00318315497537	440	DeoR family transcriptional regulator
0.00318315497537	440	cytochrome c1
0.00317592053225	439	autotransporter-associated beta strand repeat protein
0.00317592053225	439	MULTISPECIES: LacI family transcriptional regulator
0.00316868608912	438	MULTISPECIES: methionine--tRNA ligase
0.00316868608912	438	ATP synthase F0 subunit C
0.00316868608912	438	N-carbamoyl-D-amino-acid hydrolase
0.00316868608912	438	CbbX protein
0.00316145164599	437	hemolysin III
0.00316145164599	437	hemolysin D
0.00316145164599	437	drug/metabolite-transporting permease
0.00316145164599	437	MULTISPECIES: ATPase
0.00316145164599	437	MULTISPECIES: argininosuccinate synthase
0.00316145164599	437	MULTISPECIES: glutathione S-transferase
0.00316145164599	437	Myo-inositol oxygenase
0.00315421720287	436	DUF4193 domain-containing protein
0.00315421720287	436	twin-arginine translocase subunit TatA
0.00315421720287	436	DUF3320 domain-containing protein
0.00314698275974	435	esterase family protein
0.00314698275974	435	DNA invertase
0.00314698275974	435	cysteine dioxygenase
0.00314698275974	435	acetyl-CoA hydrolase
0.00314698275974	435	MULTISPECIES: 30S ribosomal protein S8
0.00314698275974	435	MULTISPECIES: site-specific DNA-methyltransferase
0.00314698275974	435	DUF4199 domain-containing protein
0.00314698275974	435	damage-inducible protein DinB
0.00313974831662	434	alpha-xylosidase
0.00313974831662	434	peptide synthase
0.00313974831662	434	damage-inducible protein
0.00313974831662	434	phosphatidylserine synthase
0.00313251387349	433	MULTISPECIES: XRE family transcriptional regulator
0.00313251387349	433	DUF3488 domain-containing protein
0.00312527943037	432	cbb3-type cytochrome oxidase assembly protein CcoS
0.00312527943037	432	urease subunit gamma
0.00312527943037	432	methionine gamma-lyase
0.00312527943037	432	MULTISPECIES: DUF1501 domain-containing protein
0.00311804498724	431	pseudouridylate synthase
0.00311804498724	431	MULTISPECIES: helicase
0.00311804498724	431	pilin
0.00311804498724	431	toxin-antitoxin system HicB family antitoxin
0.00311804498724	431	beta-hexosaminidase
0.00311081054411	430	dolichol-phosphate mannosyltransferase
0.00311081054411	430	type II secretion system protein
0.00311081054411	430	pesticidal protein Cry7Aa
0.00311081054411	430	sucrose phosphorylase
0.00310357610099	429	DUF3306 domain-containing protein
0.00310357610099	429	bilirubin oxidase
0.00310357610099	429	2,4-dienoyl-CoA reductase
0.00310357610099	429	methyltetrahydrofolate--corrinoid methyltransferase
0.00310357610099	429	MULTISPECIES: elongation factor Ts
0.00309634165786	428	type II CRISPR RNA-guided endonuclease Cas9
0.00309634165786	428	biotin carboxylase
0.00309634165786	428	arsenical resistance protein ArsH
0.00309634165786	428	MULTISPECIES: pyruvate dehydrogenase (acetyl-transferring), homodimeric type
0.00309634165786	428	cobalt ECF transporter T component CbiQ
0.00309634165786	428	glutamate/aspartate:proton symporter GltP
0.00308910721474	427	NADP transhydrogenase subunit alpha
0.00308910721474	427	protein translocase subunit SecA
0.00308187277161	426	cyclohexanone monooxygenase
0.00307463832848	425	Fe(2+)-trafficking protein
0.00307463832848	425	VanZ family protein
0.00307463832848	425	MULTISPECIES: EamA family transporter
0.00307463832848	425	pyrroloquinoline quinone biosynthesis protein B
0.00307463832848	425	cytosine methyltransferase
0.00306740388536	424	ArsC family reductase
0.00306740388536	424	carotenoid oxygenase
0.00306740388536	424	exodeoxyribonuclease I
0.00306740388536	424	MULTISPECIES: phospho-N-acetylmuramoyl-pentapeptide-transferase
0.00306740388536	424	putative 2-oxoglutarate dehydrogenase E1 component
0.00306740388536	424	family 88 glycosyl hydrolase
0.00306016944223	423	MULTISPECIES: RelA/SpoT family protein
0.00305293499911	422	MULTISPECIES: glycosyltransferase family 1 protein
0.00305293499911	422	ferritin
0.00304570055598	421	DUF4160 domain-containing protein
0.00304570055598	421	MULTISPECIES: 50S ribosomal protein L34
0.00303846611286	420	DUF3039 domain-containing protein
0.00303123166973	419	signal protein PDZ
0.00303123166973	419	DUF4271 domain-containing protein
0.00303123166973	419	FO synthase
0.0030239972266	418	MULTISPECIES: 50S ribosomal protein L21
0.0030239972266	418	30S ribosomal protein S12 methylthiotransferase accessory protein YcaO
0.00301676278348	417	phage terminase large subunit
0.00301676278348	417	DUF4956 domain-containing protein
0.00301676278348	417	VirB4 family type IV secretion/conjugal transfer ATPase
0.00300952834035	416	3-carboxy-cis,cis-muconate cycloisomerase
0.00300952834035	416	immunogenic protein
0.00300952834035	416	hsp70 family protein
0.00300952834035	416	MULTISPECIES: DNA polymerase III subunit alpha
0.00300952834035	416	endonuclease I
0.00300952834035	416	DUF3817 domain-containing protein
0.00300952834035	416	MULTISPECIES: cell division ATP-binding protein FtsE
0.00300952834035	416	DUF2815 domain-containing protein
0.00300952834035	416	glycosylase
0.00300952834035	416	MULTISPECIES: long-chain fatty acid--CoA ligase
0.00300229389723	415	D-mannonate oxidoreductase
0.00300229389723	415	DUF4191 domain-containing protein
0.00300229389723	415	MULTISPECIES: co-chaperone GroES
0.00300229389723	415	MULTISPECIES: 30S ribosomal protein S14
0.0029950594541	414	N-formylglutamate amidohydrolase
0.0029950594541	414	dihydroneopterin triphosphate diphosphatase
0.0029950594541	414	universal stress protein UspA
0.0029950594541	414	MULTISPECIES: aspartate-semialdehyde dehydrogenase
0.0029950594541	414	DUF5017 domain-containing protein
0.0029950594541	414	poly(A) polymerase
0.0029950594541	414	DUF255 domain-containing protein
0.00298782501097	413	DUF927 domain-containing protein
0.00298782501097	413	collagenase-like protease
0.00298782501097	413	NrdH-redoxin
0.00298782501097	413	ribosome assembly cofactor RimP
0.00298059056785	412	alanyl aminopeptidase
0.00298059056785	412	gliding motility-associated lipoprotein
0.00298059056785	412	aldose 1-epimerase
0.00298059056785	412	DUF4254 domain-containing protein
0.00298059056785	412	DUF5131 domain-containing protein
0.00297335612472	411	radical SAM/SPASM domain-containing protein
0.00297335612472	411	TIGR02594 family protein
0.0029661216816	410	pilus assembly protein PilM
0.0029661216816	410	type III glutamate--ammonia ligase
0.0029661216816	410	MULTISPECIES: hybrid sensor histidine kinase/response regulator
0.0029661216816	410	macrolide ABC transporter ATP-binding protein
0.00295888723847	409	pilus assembly protein
0.00295888723847	409	SUF system NifU family Fe-S cluster assembly protein
0.00295888723847	409	DUF1275 domain-containing protein
0.00295165279535	408	MULTISPECIES: amino acid ABC transporter substrate-binding protein
0.00295165279535	408	tRNA (adenine-N(6)-)-methyltransferase
0.00295165279535	408	exopolysaccharide phosphotransferase
0.00295165279535	408	MULTISPECIES: tryptophan synthase subunit beta
0.00294441835222	407	carboxymuconolactone decarboxylase
0.00293718390909	406	ribonuclease BN
0.00293718390909	406	DUF2909 domain-containing protein
0.00293718390909	406	SUF system Fe-S cluster assembly protein
0.00292994946597	405	FHA domain-containing protein
0.00292994946597	405	phenylacetate-CoA oxygenase subunit PaaI
0.00292994946597	405	Trk system potassium transport protein TrkA
0.00292994946597	405	MULTISPECIES: ATP-dependent metalloprotease
0.00292271502284	404	asparagine amidohydrolase
0.00292271502284	404	laminarinase
0.00292271502284	404	MULTISPECIES: acyl-CoA synthetase
0.00291548057972	403	LamB/YcsF family protein
0.00291548057972	403	molybdopterin oxidoreductase, iron-sulfur-binding subunit
0.00291548057972	403	DHH family phosphoesterase
0.00291548057972	403	spermidine/putrescine ABC transporter ATP-binding protein
0.00291548057972	403	S-formylglutathione hydrolase
0.00291548057972	403	phosphoribulokinase
0.00290824613659	402	SRPBCC domain-containing protein
0.00290824613659	402	DNA-directed RNA polymerase sigma-70 factor
0.00290101169346	401	MULTISPECIES: alanine--tRNA ligase
0.00290101169346	401	carbamoyl phosphate synthase
0.00290101169346	401	MULTISPECIES: RagB/SusD family nutrient uptake outer membrane protein
0.00290101169346	401	copper resistance protein CopD
0.00289377725034	400	MULTISPECIES: ribosome biogenesis GTPase Der
0.00288654280721	399	MULTISPECIES: 30S ribosomal protein S12 methylthiotransferase RimO
0.00288654280721	399	thioredoxin TrxC
0.00288654280721	399	FADH(2)-oxidizing methylenetetrahydrofolate--tRNA-(uracil(54)-C(5))-methyltransferase TrmFO
0.00288654280721	399	MULTISPECIES: dihydroorotase
0.00288654280721	399	sulfatase-modifying factor
0.00287930836409	398	MULTISPECIES: Fe-S cluster assembly protein SufB
0.00287930836409	398	MULTISPECIES: 50S ribosomal protein L28
0.00287930836409	398	MULTISPECIES: ketoacyl-ACP synthase III
0.00287930836409	398	DUF2279 domain-containing protein
0.00287930836409	398	proline racemase
0.00287930836409	398	multi-sensor hybrid histidine kinase
0.00287207392096	397	UDP-2,4-diacetamido-2,4,6-trideoxy-beta-L-altropyranose hydrolase
0.00286483947784	396	MULTISPECIES: glutamate synthase subunit beta
0.00286483947784	396	succinate dehydrogenase assembly factor 2
0.00286483947784	396	DUF1761 domain-containing protein
0.00286483947784	396	translation initiation factor
0.00286483947784	396	DUF433 domain-containing protein
0.00286483947784	396	DUF1156 domain-containing protein
0.00285760503471	395	carbon-phosphorus lyase complex subunit PhnI
0.00285760503471	395	carbon-nitrogen hydrolase
0.00285760503471	395	MULTISPECIES: sugar ABC transporter permease
0.00285760503471	395	nucleotide excision repair endonuclease
0.00285760503471	395	tRNA dihydrouridine(16) synthase DusC
0.00285760503471	395	MULTISPECIES: sugar ABC transporter ATP-binding protein
0.00285760503471	395	MULTISPECIES: terminase
0.00285760503471	395	3-methyladenine DNA glycosylase
0.00285037059158	394	isobutyryl-CoA mutase large subunit
0.00285037059158	394	ketosteroid isomerase
0.00285037059158	394	ribonuclease H
0.00285037059158	394	UDP-diphosphatase
0.00285037059158	394	type II toxin-antitoxin system death-on-curing family toxin
0.00285037059158	394	MULTISPECIES: RecA-like recombinase protein
0.00284313614846	393	cadmium-translocating P-type ATPase
0.00284313614846	393	MULTISPECIES: TRAP transporter large permease
0.00284313614846	393	adenylosuccinate synthetase
0.00283590170533	392	trifunctional transcriptional regulator/proline dehydrogenase/L-glutamate gamma-semialdehyde dehydrogenase
0.00283590170533	392	flippase
0.00282866726221	391	DUF159 family protein
0.00282866726221	391	T9SS C-terminal target domain-containing protein, partial
0.00282866726221	391	MULTISPECIES: TetR/AcrR family transcriptional regulator
0.00282866726221	391	MULTISPECIES: Asp-tRNA(Asn)/Glu-tRNA(Gln) amidotransferase GatCAB subunit B
0.00282866726221	391	L-glyceraldehyde 3-phosphate reductase
0.00282143281908	390	polyphosphate:AMP phosphotransferase
0.00282143281908	390	DUF1049 domain-containing protein
0.00282143281908	390	1,4-dihydroxy-6-naphthoate synthase
0.00282143281908	390	DUF2252 domain-containing protein
0.00281419837595	389	MULTISPECIES: ParA family protein
0.00281419837595	389	type II toxin-antitoxin system Phd/YefM family antitoxin
0.00281419837595	389	NADH-quinone oxidoreductase chain 13
0.00281419837595	389	glycerate dehydrogenase
0.00280696393283	388	RtcB family protein
0.00280696393283	388	glyoxalase/bleomycin resistance/extradiol dioxygenase family protein
0.00280696393283	388	cytochrome C oxidase subunit I
0.0027997294897	387	alginate lyase
0.0027997294897	387	MULTISPECIES: C4-dicarboxylate ABC transporter
0.0027997294897	387	pseudouridine-5-phosphate glycosidase
0.00279249504658	386	MULTISPECIES: glutamine--fructose-6-phosphate aminotransferase
0.00279249504658	386	5'-methylthioadenosine phosphorylase
0.00279249504658	386	acetylneuraminic acid synthetase
0.00279249504658	386	L-ribulose-5-phosphate 4-epimerase
0.00278526060345	385	QacE family quaternary ammonium compound efflux SMR transporter
0.00278526060345	385	UV damage repair endonuclease UvsE
0.00277802616033	384	homoprotocatechuate degradation operon regulator HpaR
0.00277802616033	384	MULTISPECIES: cytochrome b
0.00277802616033	384	MULTISPECIES: elongation factor P
0.0027707917172	383	sodium:dicarboxylate symporter
0.0027707917172	383	capsule biosynthesis protein
0.0027707917172	383	DUF1840 domain-containing protein
0.0027707917172	383	Pup--protein ligase
0.0027707917172	383	inorganic polyphosphate kinase
0.0027707917172	383	DUF2339 domain-containing protein
0.0027707917172	383	potassium-transporting ATPase subunit KdpA
0.00276355727407	382	carbamoyl-phosphate synthase large chain
0.00276355727407	382	electron transporter RnfD
0.00276355727407	382	GMP synthase
0.00276355727407	382	poly-beta-hydroxybutyrate polymerase
0.00276355727407	382	twin-arginine translocase subunit TatB
0.00276355727407	382	ISAs1 family transposase
0.00276355727407	382	C4-dicarboxylate transporter DctA
0.00275632283095	381	maltose ABC transporter permease
0.00275632283095	381	pyridine nucleotide transhydrogenase
0.00274908838782	380	pirin
0.0027418539447	379	MULTISPECIES: NADH-quinone oxidoreductase subunit A
0.0027418539447	379	isoaspartyl peptidase/L-asparaginase
0.0027418539447	379	Cu(2+)-exporting ATPase
0.0027418539447	379	UDP-N-acetylglucosamine pyrophosphorylase
0.0027418539447	379	isoprenyl synthetase
0.0027418539447	379	BatE protein
0.00273461950157	378	protoporphyrinogen oxidase
0.00273461950157	378	daunorubicin/doxorubicin resistance ABC transporter ATP-binding protein DrrA
0.00273461950157	378	CMP deaminase
0.00273461950157	378	pimeloyl
0.00273461950157	378	protocatechuate 3,4-dioxygenase subunit beta
0.00273461950157	378	ribonuclease HIII
0.00272738505844	377	MULTISPECIES: DNA-binding protein
0.00272738505844	377	molybdopterin synthase sulfur carrier subunit
0.00272738505844	377	diguanylate cyclase response regulator
0.00272015061532	376	MULTISPECIES: 50S ribosomal protein L23
0.00272015061532	376	gentisate 1,2-dioxygenase
0.00272015061532	376	DUF479 domain-containing protein
0.00272015061532	376	MULTISPECIES: methylmalonate-semialdehyde dehydrogenase (CoA acylating)
0.00272015061532	376	ATP-dependent Clp protease ATP-binding protein
0.00272015061532	376	DUF3043 domain-containing protein
0.00271291617219	375	flagellar protein FlgN
0.00271291617219	375	DUF2071 domain-containing protein
0.00271291617219	375	dTDP-4-amino-4,6-dideoxygalactose transaminase
0.00271291617219	375	type II 3-dehydroquinate dehydratase
0.00271291617219	375	methyltransferase FkbM family
0.00270568172907	374	MULTISPECIES: 50S ribosomal protein L22
0.00270568172907	374	extradiol dioxygenase
0.00270568172907	374	transcription/translation regulatory transformer protein RfaH
0.00270568172907	374	UPF0365 family protein
0.00270568172907	374	MULTISPECIES: phosphoenolpyruvate synthase
0.00269844728594	373	metallopeptidase
0.00269844728594	373	alpha-(1-2)-phosphatidylinositol mannosyltransferase
0.00269121284281	372	NAD(P)H-quinone dehydrogenase
0.00269121284281	372	formyltransferase
0.00269121284281	372	3-methylcrotonyl-CoA carboxylase subunit alpha
0.00268397839969	371	translocation/assembly module TamB
0.00268397839969	371	response regulator SirA
0.00268397839969	371	DUF3417 domain-containing protein
0.00267674395656	370	fructose-bisphosphate aldolase class I
0.00267674395656	370	cell division protein ZipA
0.00267674395656	370	50S ribosomal protein L36
0.00267674395656	370	MULTISPECIES: outer membrane protein assembly factor BamA
0.00267674395656	370	response regulator receiver protein
0.00267674395656	370	PIG-L domain-containing protein
0.00266950951344	369	MULTISPECIES: HU family DNA-binding protein
0.00266950951344	369	pilus assembly protein PilC
0.00266950951344	369	putative addiction module antidote protein
0.00266950951344	369	DUF4347 domain-containing protein
0.00266227507031	368	luciferase family oxidoreductase
0.00266227507031	368	paraslipin
0.00266227507031	368	multidrug transporter subunit MdtA
0.00265504062719	367	putative oxidoreductase
0.00265504062719	367	nitrile hydratase subunit alpha
0.00265504062719	367	pyroglutamyl-peptidase I
0.00265504062719	367	3-hexulose-6-phosphate synthase
0.00265504062719	367	DUF3604 domain-containing protein
0.00264780618406	366	N-formylglutamate deformylase
0.00264780618406	366	MULTISPECIES: amidophosphoribosyltransferase
0.00264780618406	366	MULTISPECIES: adenylosuccinate lyase
0.00264057174093	365	tRNA cyclic N6-threonylcarbamoyladenosine(37) synthase TcdA
0.00264057174093	365	Tat pathway signal protein
0.00264057174093	365	tripartite tricarboxylate transporter substrate binding protein BugD
0.00264057174093	365	alkylphosphonate utilization protein
0.00264057174093	365	hydroxyquinol 1,2-dioxygenase
0.00264057174093	365	NADH dehydrogenase subunit B
0.00264057174093	365	bifunctional tRNA (5-methylaminomethyl-2-thiouridine)(34)-methyltransferase MnmD/FAD-dependent 5-carboxymethylaminomethyl-2-thiouridine(34) oxidoreductase MnmC
0.00264057174093	365	SpoVR family protein
0.00264057174093	365	2-dehydro-3-deoxygluconokinase
0.00263333729781	364	external scaffolding protein D
0.00263333729781	364	1,4-beta-xylanase
0.00263333729781	364	formate dehydrogenase subunit beta
0.00262610285468	363	MULTISPECIES: NADH-quinone oxidoreductase subunit M
0.00262610285468	363	sodium:proton symporter
0.00262610285468	363	DNA gyrase inhibitor YacG
0.00262610285468	363	DUF1653 domain-containing protein
0.00262610285468	363	galactose mutarotase
0.00262610285468	363	cytochrome C biogenesis protein ResB
0.00261886841156	362	phosphopantothenoylcysteine decarboxylase
0.00261886841156	362	NADH dehydrogenase subunit G
0.00261163396843	361	DUF2878 domain-containing protein
0.00261163396843	361	MULTISPECIES: DNA ligase (NAD(+)) LigA
0.00261163396843	361	topoisomerase
0.00261163396843	361	DUF4214 domain-containing protein
0.00261163396843	361	MULTISPECIES: two-component sensor histidine kinase
0.0026043995253	360	MULTISPECIES: HPr kinase/phosphorylase
0.0026043995253	360	DUF2442 domain-containing protein
0.0026043995253	360	NarK/NasA family nitrate transporter
0.0026043995253	360	MULTISPECIES: gamma-glutamyltransferase
0.0026043995253	360	dipeptidase E
0.00258993063905	358	DUF2062 domain-containing protein
0.00258993063905	358	uroporphyrin-III methyltransferase
0.00258993063905	358	D-cysteine desulfhydrase
0.00258993063905	358	YeeE/YedE
0.00258993063905	358	heme-binding domain-containing protein
0.00258269619593	357	phosphohistidine phosphatase
0.00258269619593	357	2-oxoglutarate dehydrogenase
0.00258269619593	357	tyrosine protein kinase
0.00258269619593	357	nucleoside-diphosphate-sugar epimerase
0.0025754617528	356	Asp/Glu/hydantoin racemase
0.0025754617528	356	MULTISPECIES: DNA repair protein RadA
0.00256822730968	355	MULTISPECIES: glutamate synthase large subunit
0.00256822730968	355	4,5-dihydroxyphthalate decarboxylase
0.00256822730968	355	DUF4838 domain-containing protein
0.00256822730968	355	exporter
0.00256822730968	355	MULTISPECIES: excinuclease ABC subunit C
0.00256099286655	354	HPP family protein
0.00256099286655	354	L-threonylcarbamoyladenylate synthase
0.00256099286655	354	NADP(H)-dependent aldo-keto reductase
0.00255375842342	353	ribonuclease activity regulator RraA
0.00255375842342	353	NAD-dependent deacylase
0.00255375842342	353	anti-sigma factor antagonist
0.00255375842342	353	HPr kinase
0.00255375842342	353	type I restriction-modification protein subunit M
0.00255375842342	353	flagellar protein FliS
0.00255375842342	353	sugar hydrolase
0.00255375842342	353	ketohydroxyglutarate aldolase
0.0025465239803	352	redox-regulated molecular chaperone Hsp33
0.0025465239803	352	taurine catabolism dioxygenase TauD
0.0025465239803	352	plasmid stabilization protein
0.0025465239803	352	aminobenzoate synthetase
0.00253928953717	351	MULTISPECIES: CTP synthetase
0.00253928953717	351	molybdenum cofactor biosynthesis protein
0.00253928953717	351	portal vertex protein
0.00253928953717	351	MULTISPECIES: potassium transporter Kup
0.00253928953717	351	DUF91 domain-containing protein
0.00253928953717	351	MULTISPECIES: GTP-binding protein YchF
0.00253928953717	351	cytochrome C oxidase subunit IV
0.00253205509405	350	protein PucC
0.00253205509405	350	TIGR02687 family protein
0.00253205509405	350	ATP-dependent Lon protease
0.00253205509405	350	colicin V synthesis protein
0.00252482065092	349	MULTISPECIES: SsrA-binding protein
0.00252482065092	349	inositol phosphorylceramide synthase
0.00252482065092	349	mannose-1-phosphate guanyltransferase
0.00252482065092	349	toluene tolerance protein
0.00252482065092	349	fibronectin type III domain-containing protein
0.00252482065092	349	crotonase
0.00252482065092	349	D-amino acid aminotransferase
0.00251758620779	348	aspartyl beta-hydroxylase
0.00251758620779	348	MULTISPECIES: acetyl-CoA carboxylase carboxyl transferase subunit alpha
0.00251758620779	348	peptidase S9 family protein
0.00251035176467	347	PrkA family serine protein kinase
0.00251035176467	347	peptidase M50
0.00251035176467	347	DUF4043 domain-containing protein
0.00251035176467	347	heat-shock protein Hsp70
0.00250311732154	346	DUF485 domain-containing protein
0.00250311732154	346	putative selenate ABC transporter substrate-binding protein
0.00250311732154	346	MULTISPECIES: methionine synthase
0.00250311732154	346	MULTISPECIES: cysteine synthase A
0.00250311732154	346	MULTISPECIES: dCTP deaminase
0.00249588287842	345	MULTISPECIES: GTPase Era
0.00249588287842	345	MULTISPECIES: pyruvate kinase
0.00249588287842	345	4Fe-4S binding protein
0.00249588287842	345	MULTISPECIES: 30S ribosomal protein S20
0.00248864843529	344	fuconate dehydratase
0.00248864843529	344	glucan-binding protein
0.00248141399217	343	ATP-dependent acyl-CoA ligase
0.00248141399217	343	DUF2264 domain-containing protein
0.00248141399217	343	RNA-binding protein S4
0.00248141399217	343	FAD-dependent thymidylate synthase
0.00247417954904	342	metal ABC transporter substrate-binding protein
0.00247417954904	342	YitT family protein
0.00247417954904	342	DNA packaging protein
0.00247417954904	342	MULTISPECIES: acetyl-CoA carboxylase biotin carboxylase subunit
0.00247417954904	342	DUF2795 domain-containing protein
0.00247417954904	342	enterotoxin
0.00246694510591	341	MULTISPECIES: NADH-quinone oxidoreductase subunit G
0.00246694510591	341	PhoPQ-activated pathogenicity-like protein PqaA type
0.00246694510591	341	DUF2970 domain-containing protein
0.00246694510591	341	squalene--hopene cyclase
0.00246694510591	341	DUF3052 domain-containing protein
0.00246694510591	341	MULTISPECIES: acetyl-coenzyme A synthetase
0.00246694510591	341	DUF305 domain-containing protein
0.00245971066279	340	SNF2 family helicase
0.00245971066279	340	DUF2461 domain-containing protein
0.00245971066279	340	MULTISPECIES: endopeptidase La
0.00245971066279	340	MULTISPECIES: proline--tRNA ligase
0.00245971066279	340	isopentenyl-diphosphate delta-isomerase
0.00245247621966	339	MULTISPECIES:
0.00244524177654	338	reactive intermediate/imine deaminase
0.00244524177654	338	7-cyano-7-deazaguanine synthase QueC
0.00244524177654	338	electron transport complex subunit RsxB
0.00244524177654	338	MULTISPECIES: GTPase ObgE
0.00244524177654	338	Flp pilus assembly protein CpaB
0.00244524177654	338	DNA-directed RNA polymerase subunit gamma
0.00244524177654	338	DUF3567 domain-containing protein
0.00243800733341	337	homoserine acetyltransferase
0.00243800733341	337	proteasome accessory factor PafA2
0.00243800733341	337	rRNA cytosine-C5-methyltransferase
0.00243077289028	336	glycoside hydrolase family 1 protein
0.00243077289028	336	ferredoxin family protein
0.00243077289028	336	MULTISPECIES: NADH-quinone oxidoreductase subunit N
0.00243077289028	336	MULTISPECIES: sigma-54-dependent Fis family transcriptional regulator
0.00243077289028	336	DUF418 domain-containing protein
0.00243077289028	336	RNA polymerase-binding ATPase
0.00243077289028	336	DUF3098 domain-containing protein
0.00243077289028	336	7-cyano-7-deazaguanine reductase
0.00243077289028	336	MULTISPECIES: RNA polymerase sigma factor
0.00242353844716	335	acetamidase
0.00242353844716	335	type II secretion system protein GspH
0.00242353844716	335	MULTISPECIES: phosphoribosylformylglycinamidine cyclo-ligase
0.00242353844716	335	NUDIX pyrophosphatase
0.00242353844716	335	DUF808 domain-containing protein
0.00242353844716	335	naphthalene 1,2-dioxygenase
0.00241630400403	334	MULTISPECIES: exodeoxyribonuclease III
0.00241630400403	334	glycine reductase
0.00241630400403	334	sulfoacetaldehyde dehydrogenase
0.00241630400403	334	MULTISPECIES: VWA domain-containing protein
0.00241630400403	334	peptidase M66
0.00241630400403	334	MULTISPECIES: peptide chain release factor 1
0.00241630400403	334	CopG family transcriptional regulator
0.00241630400403	334	NrdJb
0.00240906956091	333	DNA-deoxyinosine glycosylase
0.00240906956091	333	DUF2855 domain-containing protein
0.00240906956091	333	maleylacetate reductase
0.00240906956091	333	ImmA/IrrE family metallo-endopeptidase
0.00240906956091	333	DUF1028 domain-containing protein
0.00240906956091	333	auracyanin family protein
0.00240183511778	332	LL-diaminopimelate aminotransferase
0.00240183511778	332	MULTISPECIES: peptidase
0.00240183511778	332	DUF3297 domain-containing protein
0.00240183511778	332	2-phospho-L-lactate transferase
0.00240183511778	332	MULTISPECIES: tryptophan--tRNA ligase
0.00240183511778	332	flagellar basal-body rod protein FlgG
0.00240183511778	332	MULTISPECIES: 50S ribosomal protein L6
0.00239460067466	331	MULTISPECIES: amino acid ABC transporter ATP-binding protein
0.00239460067466	331	MULTISPECIES: DUF3560 domain-containing protein
0.00238736623153	330	nucleotide sugar epimerase
0.00238736623153	330	MULTISPECIES: phosphate ABC transporter ATP-binding protein
0.00238736623153	330	protein pucC
0.00238736623153	330	nodulation protein
0.00238736623153	330	formimidoylglutamase
0.00238736623153	330	MULTISPECIES: transcription termination factor Rho
0.0023801317884	329	pyrroloquinoline quinone biosynthesis protein C
0.0023801317884	329	glutathione ABC transporter ATP-binding protein
0.0023801317884	329	quinonprotein alcohol dehydrogenase
0.0023801317884	329	MULTISPECIES: 50S ribosomal protein L15
0.00237289734528	328	toxin
0.00237289734528	328	D-arabino 3-hexulose 6-phosphate aldehyde lyase
0.00237289734528	328	DUF2200 domain-containing protein
0.00237289734528	328	BatB protein
0.00236566290215	327	glycosyl transferase group 1
0.00236566290215	327	RHS repeat-associated core domain-containing protein
0.00236566290215	327	ferric aerobactin receptor
0.00236566290215	327	DUF72 domain-containing protein
0.00236566290215	327	protein phosphatase
0.00236566290215	327	DUF1697 domain-containing protein
0.00236566290215	327	rRNA large subunit methyltransferase I
0.00236566290215	327	MULTISPECIES: 50S ribosomal protein L7/L12
0.00235842845903	326	3-ketoacyl-CoA thiolase
0.00235842845903	326	FtsH protease activity modulator HflK
0.00235842845903	326	MULTISPECIES: acyl carrier protein
0.00235842845903	326	MULTISPECIES: 50S ribosomal protein L32
0.00235842845903	326	MULTISPECIES: UMP kinase
0.00235842845903	326	cation-efflux pump
0.00235842845903	326	electron transport complex subunit RsxE
0.0023511940159	325	thiamine biosynthesis protein ThiF
0.0023511940159	325	MULTISPECIES: exopolyphosphatase
0.0023511940159	325	MULTISPECIES: carbon monoxide dehydrogenase
0.0023511940159	325	MULTISPECIES: RidA family protein
0.0023511940159	325	MULTISPECIES: GNAT family N-acetyltransferase
0.0023511940159	325	iron-sulfur cluster assembly scaffold protein
0.0023511940159	325	RNA polymerase sigma-70 factor
0.0023511940159	325	DUF1924 domain-containing protein
0.00234395957277	324	EmrB/QacA family drug resistance transporter
0.00234395957277	324	MULTISPECIES: ammonium transporter
0.00234395957277	324	MULTISPECIES: 30S ribosomal protein S15
0.00234395957277	324	ethanolamine utilization protein EutA
0.00233672512965	323	phosphoketolase
0.00233672512965	323	MULTISPECIES: DNA topoisomerase IV subunit B
0.00233672512965	323	nitrate reductase subunit beta
0.00233672512965	323	iron deficiency-induced protein A
0.00233672512965	323	MULTISPECIES: RNA degradosome polyphosphate kinase
0.00233672512965	323	thiol oxidoreductase
0.00233672512965	323	MULTISPECIES: 3-isopropylmalate dehydratase small subunit
0.00233672512965	323	signal transduction protein
0.00233672512965	323	photosystem I core protein PsaB
0.00233672512965	323	MULTISPECIES: 50S ribosomal protein L17
0.00232949068652	322	GGDEF domain-containing response regulator
0.00232949068652	322	ethanolamine permease
0.00232949068652	322	ribulose 1,5-bisphosphate carboxylase
0.0023222562434	321	pyridoxamine 5'-phosphate oxidase family protein
0.0023222562434	321	3'-5' exonuclease domain-containing protein 2
0.0023222562434	321	MULTISPECIES: NADH-quinone oxidoreductase subunit L
0.0023222562434	321	peptidyl-tRNA hydrolase
0.0023222562434	321	MULTISPECIES: 30S ribosomal protein S17
0.0023222562434	321	microcin C ABC transporter permease YejB
0.0023222562434	321	MULTISPECIES: sugar kinase
0.0023222562434	321	DUF3460 domain-containing protein
0.0023222562434	321	phosphonate utilization protein
0.0023222562434	321	cyanate hydratase
0.0023222562434	321	filamentous hemagglutinin family N-terminal domain-containing protein, partial
0.00231502180027	320	flavocytochrome C sulfide dehydrogenase
0.00231502180027	320	chloramphenicol acetyltransferase
0.00231502180027	320	MULTISPECIES: lipoyl synthase
0.00231502180027	320	MULTISPECIES: acetylglutamate kinase
0.00231502180027	320	MULTISPECIES: UDP-3-O
0.00231502180027	320	serine/threonine dehydratase
0.00230778735715	319	DNA topoisomerase
0.00230778735715	319	phospholipid/glycerol acyltransferase
0.00230778735715	319	MULTISPECIES: Crp/Fnr family transcriptional regulator
0.00230778735715	319	phage head morphogenesis protein
0.00230778735715	319	pyruvate ferredoxin oxidoreductase
0.00230778735715	319	beta-glucanase
0.00230778735715	319	phosphatidylglycerophosphatase
0.00230778735715	319	MULTISPECIES: IclR family transcriptional regulator
0.00230055291402	318	LytTR family transcriptional regulator
0.00230055291402	318	glycosyl transferase 51
0.00230055291402	318	MULTISPECIES: cell division protein FtsZ
0.00230055291402	318	MULTISPECIES: methyltransferase
0.00230055291402	318	gliding motility lipoprotein GldH
0.00229331847089	317	polyamine ABC transporter permease
0.00229331847089	317	photosystem II D2 protein (photosystem q(a) protein)
0.00229331847089	317	MULTISPECIES: ribose-phosphate pyrophosphokinase
0.00229331847089	317	16S rRNA methyltransferase
0.00229331847089	317	MULTISPECIES: 4-hydroxy-3-methylbut-2-en-1-yl diphosphate synthase
0.00229331847089	317	MULTISPECIES: 3-oxoacyl-ACP reductase
0.00228608402777	316	5'-methylthioadenosine nucleosidase
0.00228608402777	316	MULTISPECIES: GTPase HflX
0.00228608402777	316	MULTISPECIES: homoserine O-acetyltransferase
0.00228608402777	316	formate dehydrogenase-N subunit alpha
0.00228608402777	316	ribosome maturation factor
0.00228608402777	316	MULTISPECIES: phosphoglycerate dehydrogenase
0.00228608402777	316	MULTISPECIES: (2Fe-2S)-binding protein
0.00228608402777	316	MULTISPECIES: 50S ribosomal protein L35
0.00228608402777	316	MULTISPECIES: 50S ribosomal protein L3
0.00228608402777	316	cell division topological specificity factor MinE
0.00228608402777	316	iron ABC transporter
0.00228608402777	316	GTPase
0.00227884958464	315	DUF1553 domain-containing protein
0.00227884958464	315	glycosyl hydrolase family 88
0.00227884958464	315	GNAT family acetyltransferase
0.00227884958464	315	MULTISPECIES: formate dehydrogenase subunit alpha
0.00227161514152	314	MULTISPECIES: minor spike protein H
0.00227161514152	314	DUF2213 domain-containing protein
0.00227161514152	314	multidrug MFS transporter
0.00227161514152	314	MULTISPECIES: phosphoglucosamine mutase
0.00227161514152	314	Tim44 domain-containing protein
0.00227161514152	314	sulfolactate dehydrogenase
0.00226438069839	313	DUF445 domain-containing protein
0.00226438069839	313	tRNA (N6-threonylcarbamoyladenosine(37)-N6)-methyltransferase TrmO
0.00226438069839	313	acetoin:2,6-dichlorophenolindophenol oxidoreductase subunit alpha
0.00226438069839	313	MULTISPECIES: magnesium and cobalt transport protein CorA
0.00225714625526	312	MULTISPECIES: glycosyltransferase
0.00225714625526	312	MULTISPECIES: glycosyltransferase family 2 protein
0.00225714625526	312	DUF1232 domain-containing protein
0.00225714625526	312	MULTISPECIES: DNA polymerase I
0.00225714625526	312	glutamyl-tRNA synthetase
0.00224991181214	311	MULTISPECIES: type I methionyl aminopeptidase
0.00224991181214	311	type II secretory pathway, component PulD
0.00224991181214	311	glycine/betaine ABC transporter ATP-binding protein
0.00224991181214	311	DUF1364 domain-containing protein
0.00224991181214	311	MULTISPECIES: ribosome-recycling factor
0.00224991181214	311	anaerobic sulfatase maturase
0.00224991181214	311	molecular chaperone Skp
0.00224991181214	311	MULTISPECIES: tRNA 2-thiouridine(34) synthase MnmA
0.00224267736901	310	DUF935 domain-containing protein
0.00224267736901	310	MULTISPECIES: 2-oxoglutarate dehydrogenase E1 component
0.00224267736901	310	L-seryl-tRNA(Sec) selenium transferase
0.00224267736901	310	GlxA family transcriptional regulator
0.00224267736901	310	MULTISPECIES: GTP-binding protein
0.00224267736901	310	MULTISPECIES: 4-hydroxy-3-methylbut-2-enyl diphosphate reductase
0.00224267736901	310	2-oxoglutarate ferredoxin oxidoreductase subunit beta
0.00224267736901	310	3'-5' exoribonuclease
0.00223544292589	309	DUF1998 domain-containing protein
0.00223544292589	309	methionine ABC transporter ATP-binding protein
0.00223544292589	309	cysteine sulfinate desulfinase
0.00223544292589	309	oxidoreductase molybdopterin-binding subunit
0.00223544292589	309	MULTISPECIES: PhoH family protein
0.00223544292589	309	metal-independent alpha-mannosidase
0.00223544292589	309	N-acetylgalactosamine 6-sulfate sulfatase (GALNS)
0.00223544292589	309	DUF4188 domain-containing protein
0.00223544292589	309	penicillin epimerase
0.00223544292589	309	DNA damage-inducible protein D
0.00223544292589	309	uroporphyrinogen III synthase
0.00222820848276	308	filamentous hemagglutinin outer membrane protein
0.00222820848276	308	elongation factor 3
0.00222820848276	308	FMN-binding protein
0.00222820848276	308	DUF385 domain-containing protein
0.00222820848276	308	MULTISPECIES: PAS domain-containing sensor histidine kinase
0.00222097403963	307	peptidase M24
0.00222097403963	307	peptidoglycan-binding protein LysM
0.00222097403963	307	polymerase
0.00222097403963	307	MULTISPECIES: single-stranded DNA-binding protein
0.00222097403963	307	muramoyltetrapeptide carboxypeptidase
0.00221373959651	306	2-methylaconitate cis-trans isomerase PrpF
0.00221373959651	306	aryl-sulfate sulfohydrolase
0.00221373959651	306	NADH dehydrogenase subunit C
0.00221373959651	306	MULTISPECIES: VOC family protein
0.00221373959651	306	MULTISPECIES: transcription termination/antitermination protein NusG
0.00221373959651	306	NAD(P)(+) transhydrogenase (Si-specific)
0.00221373959651	306	cytochrome c biosynthesis protein
0.00220650515338	305	arsenical pump-driving ATPase
0.00220650515338	305	DUF3263 domain-containing protein
0.00220650515338	305	phenylacetate-CoA oxygenase subunit PaaB
0.00220650515338	305	MULTISPECIES: metal-dependent hydrolase
0.00220650515338	305	ribose ABC transporter permease
0.00220650515338	305	chorismate lyase
0.00220650515338	305	cyclohexadienyl dehydrogenase
0.00220650515338	305	DNA-dependent helicase
0.00220650515338	305	DUF1727 domain-containing protein
0.00219927071026	304	4-oxalocrotonate tautomerase
0.00219927071026	304	2-polyprenylphenol 6-hydroxylase
0.00219927071026	304	OsmC family protein
0.00219927071026	304	dihydropyrimidine dehydrogenase subunit B
0.00219927071026	304	glucose-6-phosphate dehydrogenase (NADP(+))
0.00219927071026	304	fructose bisphosphate aldolase
0.00219203626713	303	glycosyl transferase family protein
0.00219203626713	303	DUF4386 domain-containing protein
0.00218480182401	302	electron transport complex subunit A
0.00218480182401	302	cytochrome-c oxidase, cbb3-type subunit II
0.00218480182401	302	spore coat protein CotH
0.00218480182401	302	MULTISPECIES: 50S ribosomal protein L31
0.00218480182401	302	shikimate 5-dehydrogenase
0.00218480182401	302	glutaredoxin family protein
0.00218480182401	302	Asp/Glu racemase
0.00217756738088	301	DUF1073 domain-containing protein
0.00217756738088	301	competence protein
0.00217756738088	301	outer membrane chaperone Skp
0.00217756738088	301	cholesterol oxidase
0.00217756738088	301	aromatic compound catabolic protein
0.00217033293775	300	DUF3499 domain-containing protein
0.00217033293775	300	aromatic compound degradation protein PaaI
0.00217033293775	300	glycoside hydrolase family 3
0.00217033293775	300	iron-sulfur cluster biogenesis protein NfuA
0.00217033293775	300	N-acetylneuraminic acid synthase
0.00217033293775	300	TIGR01459 family HAD-type hydrolase
0.00217033293775	300	long-chain fatty acid transporter
0.00217033293775	300	addiction module protein
0.00217033293775	300	catalase HPII
0.00216309849463	299	anthranilate/aminodeoxychorismate synthase component II
0.00216309849463	299	MULTISPECIES: GMC family oxidoreductase
0.00216309849463	299	potassium transporter Trk
0.00216309849463	299	type II toxin-antitoxin system HicA family toxin
0.00216309849463	299	aldehyde reductase
0.00216309849463	299	recombinase RecX
0.00216309849463	299	FAD-linked oxidoreductase
0.00216309849463	299	MULTISPECIES: peptidase S41
0.0021558640515	298	Fe2+-dependent dioxygenase
0.0021558640515	298	DUF521 domain-containing protein
0.0021558640515	298	DUF3667 domain-containing protein
0.0021558640515	298	(deoxy)nucleoside triphosphate pyrophosphohydrolase
0.0021558640515	298	ATP-dependent Clp protease ATP-binding subunit ClpC
0.0021558640515	298	DUF4286 domain-containing protein
0.0021558640515	298	MULTISPECIES: pyridoxamine 5'-phosphate oxidase
0.00214862960838	297	ribosome maturation protein RimP
0.00214862960838	297	oxidoreductase iron-sulfur subunit/oxidoreductase molybdopterin-binding subunit
0.00214862960838	297	N-methylproline demethylase
0.00214862960838	297	MULTISPECIES: lysine--tRNA ligase
0.00214862960838	297	2-keto-myo-inositol dehydratase
0.00214862960838	297	xylulose kinase
0.00214139516525	296	arabinose isomerase
0.00214139516525	296	phytoene dehydrogenase
0.00214139516525	296	SPFH domain-containing protein
0.00214139516525	296	DUF2752 domain-containing protein
0.00214139516525	296	N-acyl-D-amino-acid deacylase
0.00213416072212	295	carbon-phosphorus lyase
0.00213416072212	295	DUF4252 domain-containing protein
0.002126926279	294	ATP-dependent DNA helicase DinG
0.002126926279	294	MULTISPECIES: 50S ribosomal protein L27
0.002126926279	294	MULTISPECIES: RNA methyltransferase
0.002126926279	294	GCN5 family acetyltransferase
0.002126926279	294	nitrate ABC transporter permease
0.002126926279	294	propanediol utilization protein
0.002126926279	294	MULTISPECIES: protein translocase subunit SecD
0.002126926279	294	MULTISPECIES: DNA recombination/repair protein RecA
0.00211969183587	293	anion transporter
0.00211969183587	293	MULTISPECIES: acyltransferase
0.00211969183587	293	MULTISPECIES: argininosuccinate lyase
0.00211969183587	293	metallophosphatase family protein
0.00211245739275	292	MULTISPECIES: sodium:solute symporter
0.00211245739275	292	arginine repressor
0.00211245739275	292	sphingosine kinase
0.00211245739275	292	DUF559 domain-containing protein
0.00211245739275	292	DUF4407 domain-containing protein
0.00211245739275	292	alkanesulfonate monooxygenase
0.00211245739275	292	MULTISPECIES: threonine synthase
0.00211245739275	292	CcoQ/FixQ family Cbb3-type cytochrome c oxidase assembly chaperone
0.00211245739275	292	exonuclease V subunit alpha
0.00210522294962	291	MULTISPECIES: dTDP-glucose 4,6-dehydratase
0.00210522294962	291	acetyl-CoA carboxylase subunit beta
0.00210522294962	291	altronate hydrolase
0.00210522294962	291	teichoic acid ABC transporter ATP-binding protein
0.00210522294962	291	general secretion pathway protein GspN
0.00210522294962	291	MULTISPECIES: 1-acyl-sn-glycerol-3-phosphate acyltransferase
0.00210522294962	291	stringent starvation protein B
0.00210522294962	291	arsenite S-adenosylmethyltransferase
0.00210522294962	291	chemotaxis protein CheB
0.00210522294962	291	NAD(P)H-nitrite reductase
0.00210522294962	291	ATP-dependent dethiobiotin synthetase BioD
0.00210522294962	291	MULTISPECIES: tRNA (N6-isopentenyl adenosine(37)-C2)-methylthiotransferase MiaB
0.00210522294962	291	RNA-directed DNA polymerase
0.0020979885065	290	MULTISPECIES: phosphoenolpyruvate--protein phosphotransferase
0.0020979885065	290	DUF541 domain-containing protein
0.0020979885065	290	DUF11 domain-containing protein
0.0020979885065	290	DUF3383 domain-containing protein
0.0020979885065	290	capsular polysaccharide biosynthesis protein
0.0020979885065	290	2-amino-3-carboxymuconate-6-semialdehyde decarboxylase
0.0020979885065	290	MULTISPECIES: sulfurtransferase
0.0020979885065	290	phospholipase D family protein
0.0020979885065	290	DUF3516 domain-containing protein
0.00209075406337	289	MULTISPECIES: LemA family protein
0.00209075406337	289	MULTISPECIES: 2-isopropylmalate synthase
0.00209075406337	289	arabinan endo-1,5-alpha-L-arabinosidase
0.00209075406337	289	MULTISPECIES: pyruvate dehydrogenase (acetyl-transferring) E1 component subunit alpha
0.00209075406337	289	MULTISPECIES: DNA topoisomerase I
0.00209075406337	289	thymidylate kinase
0.00209075406337	289	lipoprotein ABC transporter ATP-binding protein
0.00209075406337	289	FAD binding domain-containing protein
0.00209075406337	289	MULTISPECIES: phytoene desaturase
0.00209075406337	289	DUF2793 domain-containing protein
0.00209075406337	289	acyl-CoA dehydrogenase, partial
0.00208351962024	288	dTDP-Rha--alpha-D-GlcNAc-pyrophosphate polyprenol alpha-3-L-rhamnosyltransferase
0.00208351962024	288	N-acyl homoserine lactonase family protein
0.00208351962024	288	Clp protease ClpS
0.00208351962024	288	DNA sulfur modification protein DndD
0.00208351962024	288	MULTISPECIES: isoleucine--tRNA ligase
0.00208351962024	288	aminotransferase A
0.00207628517712	287	MULTISPECIES: cytochrome c oxidase subunit II
0.00207628517712	287	phosphoribosylformylglycinamidine synthase subunit PurS
0.00207628517712	287	nucleotidyl transferase
0.00207628517712	287	MULTISPECIES: phosphoribosylaminoimidazolesuccinocarboxamide synthase
0.00207628517712	287	Nin-like protein
0.00207628517712	287	cation diffusion facilitator family transporter
0.00207628517712	287	integral membrane sensor signal transduction histidine kinase
0.00206905073399	286	peptidase S14
0.00206905073399	286	EAL domain-containing protein
0.00206905073399	286	MULTISPECIES: 50S ribosomal protein L24
0.00206905073399	286	DUF1329 domain-containing protein
0.00206905073399	286	iron permease
0.00206905073399	286	MULTISPECIES: transcription elongation factor GreA
0.00206905073399	286	carbamoyl-phosphate synthase large subunit
0.00206905073399	286	aspartyl-tRNA amidotransferase subunit B
0.00206905073399	286	AlpA family phage regulatory protein
0.00206905073399	286	ComEC family competence protein
0.00206905073399	286	RES domain-containing protein
0.00206905073399	286	MULTISPECIES: glutamate--tRNA ligase
0.00206181629087	285	molybdate metabolism transcriptional regulator
0.00206181629087	285	aliphatic nitrilase
0.00206181629087	285	hypoxanthine-guanine phosphoribosyltransferase
0.00206181629087	285	MULTISPECIES: hydrolase
0.00206181629087	285	MoaD/ThiS family protein
0.00206181629087	285	MULTISPECIES: cytochrome c
0.00206181629087	285	TIGR00159 family protein
0.00205458184774	284	two-component system sensor histidine kinase/response regulator
0.00205458184774	284	wax ester/triacylglycerol synthase family O-acyltransferase
0.00205458184774	284	porin family protein
0.00205458184774	284	MotA/TolQ/ExbB proton channel family protein
0.00205458184774	284	fasciclin
0.00205458184774	284	MULTISPECIES: aromatic ring-hydroxylating dioxygenase subunit alpha
0.00205458184774	284	recombinase RecB
0.00205458184774	284	dimethyladenosine transferase
0.00204734740461	283	BioY family transporter
0.00204734740461	283	PBSX family phage terminase large subunit
0.00204734740461	283	stearoyl-CoA 9-desaturase
0.00204734740461	283	YebC/PmpR family DNA-binding regulatory protein
0.00204734740461	283	50S rRNA methyltransferase
0.00204734740461	283	DNA polymerase III subunit alpha, partial
0.00204734740461	283	MULTISPECIES: beta-ketoacyl-ACP reductase
0.00204734740461	283	GTP pyrophosphokinase
0.00204734740461	283	tRNA methyltransferase
0.00204734740461	283	4-coumarate--CoA ligase
0.00204734740461	283	gamma-glutamyl-gamma-aminobutyrate hydrolase
0.00204011296149	282	GTP-binding protein TypA
0.00204011296149	282	pyrroloquinoline quinone-dependent dehydrogenase
0.00203287851836	281	carbamoyltransferase HypF
0.00203287851836	281	UDP-4-amino-4-deoxy-L-arabinose-oxoglutarate aminotransferase
0.00203287851836	281	copper chaperone
0.00203287851836	281	metalloprotease
0.00203287851836	281	MULTISPECIES: imidazoleglycerol-phosphate dehydratase
0.00203287851836	281	thiol reductase thioredoxin
0.00203287851836	281	ADP-heptose--LPS heptosyltransferase RfaF
0.00203287851836	281	type II toxin-antitoxin system mRNA interferase toxin, RelE/StbE family
0.00202564407524	280	threonine/serine dehydratase
0.00202564407524	280	acetoacetate decarboxylase
0.00202564407524	280	IS91 family transposase
0.00202564407524	280	flagellar protein export ATPase FliI
0.00202564407524	280	bacitracin ABC transporter ATP-binding protein
0.00202564407524	280	MULTISPECIES: pyruvate, phosphate dikinase
0.00202564407524	280	molecular chaperone DnaK, partial
0.00201840963211	279	carbon-nitrogen hydrolase family protein
0.00201840963211	279	Na+/H+ antiporter
0.00201840963211	279	MULTISPECIES: cell division protein FtsH
0.00201840963211	279	RecX family transcriptional regulator
0.00201117518899	278	META domain-containing protein
0.00201117518899	278	RNA polymerase-binding protein RbpA
0.00201117518899	278	MULTISPECIES: cysteine desulfurase
0.00201117518899	278	type II citrate synthase
0.00201117518899	278	acetylglucosamine-6-sulfatase
0.00201117518899	278	MULTISPECIES: multidrug efflux RND transporter permease subunit
0.00201117518899	278	drug:proton antiporter
0.00201117518899	278	Oar protein
0.00200394074586	277	recombinase XerD
0.00200394074586	277	glycine/betaine ABC transporter substrate-binding protein
0.00200394074586	277	urease accessory protein
0.00200394074586	277	MULTISPECIES: DNA cytosine methyltransferase
0.00200394074586	277	phosphopantetheine adenylyltransferase
0.00200394074586	277	glycoside hydrolase family 43 protein
0.00200394074586	277	MULTISPECIES: signal recognition particle-docking protein FtsY
0.00200394074586	277	recombinase RecD
0.00199670630273	276	oligopeptide transporter, OPT family
0.00199670630273	276	MULTISPECIES: Asp-tRNA(Asn)/Glu-tRNA(Gln) amidotransferase GatCAB subunit A
0.00199670630273	276	MULTISPECIES: peptide chain release factor 3
0.00199670630273	276	AMP-dependent ligase
0.00198947185961	275	MULTISPECIES: recombination protein RecR
0.00198947185961	275	acetyl-CoA carboxylase carboxyltransferase subunit
0.00198947185961	275	phosphate/phosphite/phosphonate ABC transporter substrate-binding protein
0.00198947185961	275	MULTISPECIES: sodium-translocating pyrophosphatase
0.00198947185961	275	MULTISPECIES: phosphoglycerate kinase
0.00198947185961	275	YhcH/YjgK/YiaL family protein
0.00198947185961	275	bifunctional phosphoglucose/phosphomannose isomerase
0.00198947185961	275	DUF2828 domain-containing protein
0.00198947185961	275	MULTISPECIES: MarR family transcriptional regulator
0.00198947185961	275	ligand-gated channel
0.00198223741648	274	subclass B1 metallo-beta-lactamase
0.00198223741648	274	cellulose synthase
0.00198223741648	274	indolepyruvate oxidoreductase subunit B
0.00198223741648	274	Rossman fold protein, TIGR00730 family
0.00198223741648	274	serine/threonine protein kinase, partial
0.00197500297336	273	peptidase S10
0.00197500297336	273	sodium:alanine symporter family protein
0.00197500297336	273	tripartite tricarboxylate transporter receptor protein
0.00197500297336	273	3-oxoacyl-ACP reductase FabG
0.00197500297336	273	MULTISPECIES: nucleoside-diphosphate kinase
0.00197500297336	273	acyl--CoA ligase
0.00197500297336	273	endolysin
0.00197500297336	273	TRAP transporter permease DctM
0.00196776853023	272	tRNA hydroxylase
0.00196776853023	272	ABC transporter ATPase
0.00196776853023	272	addiction module toxin, HicA family
0.00196776853023	272	cytochrome C assembly protein
0.00196776853023	272	MULTISPECIES: inorganic pyrophosphatase
0.0019605340871	271	DUF2177 domain-containing protein
0.0019605340871	271	MULTISPECIES: short chain dehydrogenase
0.0019605340871	271	nucleotide sugar dehydrogenase, partial
0.0019605340871	271	MULTISPECIES: translation initiation factor IF-2
0.0019605340871	271	2-succinyl-6-hydroxy-2,4-cyclohexadiene-1-carboxylate synthase
0.0019605340871	271	polysulfide reductase NrfD
0.0019605340871	271	MULTISPECIES: 50S ribosomal protein L4
0.00195329964398	270	MULTISPECIES: histidine phosphatase family protein
0.00195329964398	270	MULTISPECIES: EamA/RhaT family transporter
0.00195329964398	270	MULTISPECIES: hypoxanthine phosphoribosyltransferase
0.00195329964398	270	DUF2493 domain-containing protein
0.00195329964398	270	pullulanase-type alpha-1,6-glucosidase
0.00195329964398	270	MULTISPECIES: GGDEF domain-containing protein
0.00195329964398	270	MULTISPECIES: peptide deformylase
0.00195329964398	270	MULTISPECIES: 50S ribosomal protein L10
0.00195329964398	270	DUF3419 domain-containing protein
0.00194606520085	269	MULTISPECIES: phosphoserine transaminase
0.00194606520085	269	MULTISPECIES: F0F1 ATP synthase subunit gamma
0.00194606520085	269	S-(hydroxymethyl)glutathione dehydrogenase
0.00194606520085	269	glucose sorbosone dehydrogenase
0.00194606520085	269	DUF924 domain-containing protein
0.00194606520085	269	Na+/solute symporter
0.00194606520085	269	transcription termination factor NusA
0.00194606520085	269	dipeptide ABC transporter ATP-binding protein DppD
0.00194606520085	269	allophanate hydrolase subunit 1
0.00193883075773	268	MULTISPECIES: alanine dehydrogenase
0.00193883075773	268	MULTISPECIES: anthranilate synthase component I
0.00193883075773	268	MULTISPECIES: sugar ABC transporter substrate-binding protein
0.00193883075773	268	mycofactocin system FadH/OYE family oxidoreductase 2
0.00193883075773	268	MULTISPECIES: F0F1 ATP synthase subunit alpha
0.00193883075773	268	MULTISPECIES: 50S ribosomal protein L9
0.00193883075773	268	glutamine--tRNA ligase, partial
0.00193883075773	268	MFS transporter, partial
0.0019315963146	267	bifunctional sulfate adenylyltransferase subunit 1/adenylylsulfate kinase
0.0019315963146	267	cytochrome o ubiquinol oxidase
0.0019315963146	267	MULTISPECIES: tRNA guanosine(34) transglycosylase Tgt
0.0019315963146	267	membrane-bound dehydrogenase domain-containing protein
0.0019315963146	267	MULTISPECIES: phosphoribosylformylglycinamidine synthase
0.0019315963146	267	citrate synthase/methylcitrate synthase
0.00192436187148	266	MULTISPECIES: bifunctional demethylmenaquinone methyltransferase/2-methoxy-6-polyprenyl-1,4-benzoquinol methylase
0.00192436187148	266	intradiol ring-cleavage dioxygenase
0.00192436187148	266	MULTISPECIES: DNA gyrase subunit B
0.00192436187148	266	flagellar protein FlgA
0.00192436187148	266	methionine aminopeptidase
0.00192436187148	266	transpeptidase
0.00192436187148	266	MULTISPECIES: DNA translocase FtsK
0.00192436187148	266	isopentenyl-diphosphate Delta-isomerase
0.00192436187148	266	DUF4293 domain-containing protein
0.00192436187148	266	modulator protein
0.00191712742835	265	phospholipid-binding protein
0.00191712742835	265	benzoylformate decarboxylase
0.00191712742835	265	DUF1543 domain-containing protein
0.00191712742835	265	MULTISPECIES: translation initiation factor IF-3
0.00191712742835	265	type VI secretion system-associated protein
0.00191712742835	265	thioesterase family protein
0.00191712742835	265	MULTISPECIES: electron transfer flavoprotein-ubiquinone oxidoreductase
0.00191712742835	265	geranyl transferase
0.00191712742835	265	MULTISPECIES: carbohydrate ABC transporter permease
0.00190989298522	264	MULTISPECIES: DEAD/DEAH box helicase
0.00190989298522	264	primosome assembly protein PriA
0.00190989298522	264	peptidase S8 and S53 subtilisin kexin sedolisin
0.00190989298522	264	squalene/phytoene synthase
0.00190989298522	264	MULTISPECIES: UDP-N-acetylmuramate--L-alanine ligase
0.00190989298522	264	stomatin 2
0.00190989298522	264	multicopper oxidase
0.00190989298522	264	bacterioferritin
0.00190989298522	264	amino acid ABC transporter
0.00190989298522	264	SPO1 DNA polymerase
0.00190989298522	264	MULTISPECIES: 50S ribosomal protein L19
0.0019026585421	263	alpha-glucosidase/alpha-galactosidase
0.0019026585421	263	MULTISPECIES: UDP-N-acetylglucosamine 1-carboxyvinyltransferase
0.0019026585421	263	DNA-directed DNA polymerase
0.0019026585421	263	cellulase
0.0019026585421	263	heat-shock protein HtpX
0.00189542409897	262	MULTISPECIES: phenylalanine--tRNA ligase subunit beta
0.00189542409897	262	MULTISPECIES: 1-deoxy-D-xylulose-5-phosphate synthase
0.00189542409897	262	ribonucleoside-diphosphate reductase, alpha chain
0.00189542409897	262	MULTISPECIES: DNA topoisomerase IV subunit A
0.00189542409897	262	ATP synthase subunit delta
0.00189542409897	262	3',5'-cyclic-nucleotide phosphodiesterase
0.00188818965585	261	DUF1345 domain-containing protein
0.00188818965585	261	Fe-S-cluster-containing hydrogenase components 1-like protein
0.00188818965585	261	DNA-directed RNA polymerase subunit beta, partial
0.00188818965585	261	MULTISPECIES: glutamate synthase subunit alpha
0.00188818965585	261	HYR domain-containing protein
0.00188818965585	261	TIGR02688 family protein
0.00188818965585	261	type Z 30S ribosomal protein S14
0.00188818965585	261	heme peroxidase
0.00188818965585	261	pimeloyl-CoA dehydrogenase small subunit
0.00188095521272	260	putrescine ABC transporter permease PotI
0.00188095521272	260	MULTISPECIES: phosphoribosylamine--glycine ligase
0.00188095521272	260	non-canonical purine NTP diphosphatase
0.00188095521272	260	ATP-dependent protease FtsH
0.00188095521272	260	MULTISPECIES: cytochrome P450
0.00188095521272	260	YtxH domain-containing protein
0.00188095521272	260	steroid monooxygenase
0.00188095521272	260	MULTISPECIES: phenylalanine--tRNA ligase subunit alpha
0.00188095521272	260	spore coat protein
0.00188095521272	260	molybdenum cofactor biosynthesis protein MoaA
0.00187372076959	259	DUF3445 domain-containing protein
0.00187372076959	259	chain-length determining protein
0.00187372076959	259	indolepyruvate ferredoxin subunit alpha
0.00187372076959	259	MULTISPECIES: NADH-quinone oxidoreductase subunit H
0.00187372076959	259	nitrous oxide reductase
0.00187372076959	259	MULTISPECIES: S9 family peptidase
0.00187372076959	259	MULTISPECIES: transaldolase
0.00187372076959	259	beta-1,3-glucosyltransferase
0.00186648632647	258	molybdenum cofactor biosynthesis protein MoeB
0.00186648632647	258	MULTISPECIES: tRNA uridine-5-carboxymethylaminomethyl(34) synthesis enzyme MnmG
0.00186648632647	258	MULTISPECIES: 30S ribosomal protein S6
0.00186648632647	258	myo-inositol catabolism protein IolH
0.00186648632647	258	DUF2975 domain-containing protein
0.00185925188334	257	MULTISPECIES: NADH-quinone oxidoreductase subunit I
0.00185925188334	257	MULTISPECIES: lytic transglycosylase
0.00185925188334	257	IS256 family transposase, partial
0.00185925188334	257	4-amino-4-deoxychorismate lyase
0.00185925188334	257	iduronate sulfatase
0.00185925188334	257	modification methylase
0.00185925188334	257	MipA/OmpV family protein
0.00185925188334	257	type III restriction protein res subunit
0.00185925188334	257	DUF2905 domain-containing protein
0.00185925188334	257	tripartite tricarboxylate transporter TctB
0.00185925188334	257	MULTISPECIES: NUDIX hydrolase
0.00185925188334	257	MULTISPECIES: methylmalonyl-CoA carboxyltransferase
0.00185925188334	257	fimbrial biogenesis outer membrane usher protein
0.00185925188334	257	DUF1013 domain-containing protein
0.00185201744022	256	DUF1957 domain-containing protein
0.00185201744022	256	MULTISPECIES: phosphoenolpyruvate carboxylase
0.00185201744022	256	MULTISPECIES: glutathione peroxidase
0.00185201744022	256	citrate transporter
0.00185201744022	256	methylitaconate delta2-delta3-isomerase
0.00185201744022	256	reverse transcriptase
0.00185201744022	256	phosphatidylethanolamine-binding protein
0.00185201744022	256	redox-sensing transcriptional repressor Rex
0.00185201744022	256	phage capsid protein
0.00184478299709	255	protein arginine kinase
0.00184478299709	255	penicillin-binding protein activator
0.00184478299709	255	MULTISPECIES: nucleotide sugar dehydrogenase
0.00184478299709	255	oxidative damage protection protein
0.00183754855397	254	MULTISPECIES: sugar phosphate isomerase/epimerase
0.00183754855397	254	citrate synthase 2
0.00183754855397	254	MULTISPECIES: diaminopimelate decarboxylase
0.00183754855397	254	glucoamylase
0.00183754855397	254	DUF3575 domain-containing protein
0.00183754855397	254	glutamate ABC transporter permease
0.00183754855397	254	MULTISPECIES: DNA primase
0.00183754855397	254	phosphotransferase
0.00183031411084	253	L-threonylcarbamoyladenylate synthase type 1 TsaC
0.00183031411084	253	DUF2184 domain-containing protein
0.00183031411084	253	MULTISPECIES: ribonucleoside-triphosphate reductase, adenosylcobalamin-dependent
0.00183031411084	253	MULTISPECIES: anion permease
0.00183031411084	253	iditol 2-dehydrogenase
0.00183031411084	253	MULTISPECIES: NADH-quinone oxidoreductase subunit F
0.00183031411084	253	2-oxoglutarate dehydrogenase E1 component, partial
0.00183031411084	253	phage capsid protein, partial
0.00183031411084	253	DUF2065 domain-containing protein
0.00182307966771	252	4-deoxy-4-formamido-L-arabinose-phosphoundecaprenol deformylase
0.00182307966771	252	general secretion pathway protein GspL
0.00182307966771	252	NADPH-dependent F420 reductase
0.00182307966771	252	MULTISPECIES: phosphomannomutase/phosphoglucomutase
0.00182307966771	252	MULTISPECIES: glycine dehydrogenase (aminomethyl-transferring)
0.00182307966771	252	Fur family transcriptional regulator
0.00181584522459	251	prevent-host-death family protein
0.00181584522459	251	type 1 glutamine amidotransferase domain-containing protein
0.00181584522459	251	MULTISPECIES: NADH dehydrogenase subunit B
0.00181584522459	251	MULTISPECIES: sorbosone dehydrogenase
0.00181584522459	251	type IV pilus biogenesis/stability protein PilW
0.00181584522459	251	polygalacturonase
0.00181584522459	251	ethanolamine ammonia lyase-activating protein
0.00181584522459	251	MULTISPECIES: NAD-dependent succinate-semialdehyde dehydrogenase
0.00180861078146	250	Ppx/GppA phosphatase
0.00180861078146	250	chromosome segregation protein
0.00180861078146	250	ABC transporter-like protein
0.00180861078146	250	MULTISPECIES: tyrosine--tRNA ligase
0.00180861078146	250	cysteine desulfurase NifS
0.00180861078146	250	dolichyl-phosphate beta-D-mannosyltransferase
0.00180861078146	250	conjugal transfer protein TraG
0.00180861078146	250	zinc-binding alcohol dehydrogenase family protein
0.00180861078146	250	TRAP transporter permease DctQ
0.00180861078146	250	aspartate dehydrogenase
0.00180861078146	250	MULTISPECIES: 3-deoxy-7-phosphoheptulonate synthase
0.00180137633834	249	MULTISPECIES: glucose-6-phosphate dehydrogenase
0.00180137633834	249	methylated-DNA--protein-cysteine methyltransferase
0.00180137633834	249	type 11 methyltransferase
0.00180137633834	249	ABC transporter related protein
0.00180137633834	249	VTC domain-containing protein
0.00180137633834	249	MULTISPECIES: signal recognition particle protein
0.00180137633834	249	6-aminohexanoate hydrolase
0.00180137633834	249	Zeta toxin family protein
0.00179414189521	248	MULTISPECIES: NADH oxidoreductase (quinone) subunit F
0.00179414189521	248	amino acid decarboxylase
0.00179414189521	248	adenylyltransferase
0.00179414189521	248	oligo-1,6-glucosidase
0.00179414189521	248	MULTISPECIES: histidinol dehydrogenase
0.00179414189521	248	type III restriction enzyme, res subunit
0.00179414189521	248	chromosomal replication initiation protein
0.00179414189521	248	MULTISPECIES: tRNA-guanine(34) transglycosylase
0.00179414189521	248	4-diphosphocytidyl-2C-methyl-D-erythritol kinase
0.00179414189521	248	carboxylate--amine ligase
0.00179414189521	248	ASCH domain-containing protein
0.00179414189521	248	cyanase
0.00179414189521	248	4-phosphopantetheinyl transferase
0.00178690745208	247	heptaprenyl diphosphate synthase
0.00178690745208	247	DUF1638 domain-containing protein
0.00178690745208	247	asparagine synthase
0.00178690745208	247	RraA family protein
0.00178690745208	247	MULTISPECIES: 5-(carboxyamino)imidazole ribonucleotide synthase
0.00178690745208	247	thiopurine S-methyltransferase
0.00178690745208	247	MULTISPECIES: 3-deoxy-7-phosphoheptulonate synthase class II
0.00178690745208	247	MULTISPECIES: pantetheine-phosphate adenylyltransferase
0.00178690745208	247	Sua5/YciO/YrdC/YwlC family protein
0.00178690745208	247	fatty acid oxidation complex subunit alpha FadB
0.00177967300896	246	MULTISPECIES: SusC/RagA family TonB-linked outer membrane protein
0.00177967300896	246	MULTISPECIES: 3-phosphoglycerate dehydrogenase
0.00177967300896	246	adenosylcobinamide-GDP ribazoletransferase
0.00177967300896	246	phosphonate C-P lyase system protein PhnK
0.00177967300896	246	MULTISPECIES: ornithine carbamoyltransferase
0.00177967300896	246	MULTISPECIES: NADH-quinone oxidoreductase subunit B
0.00177967300896	246	HD-GYP domain-containing protein
0.00177967300896	246	DUF4357 domain-containing protein
0.00177967300896	246	diphosphate--fructose-6-phosphate 1-phosphotransferase
0.00177967300896	246	MmcQ-like protein
0.00177967300896	246	ribonucleoside-triphosphate reductase
0.00177967300896	246	MULTISPECIES: UDP-N-acetylmuramoyl-L-alanyl-D-glutamate--2,6-diaminopimelate ligase
0.00177967300896	246	MULTISPECIES: acetolactate synthase large subunit
0.00177967300896	246	nitrilase
0.00177967300896	246	F0F1 ATP synthase subunit beta, partial
0.00177967300896	246	MULTISPECIES: 50S ribosomal protein L18
0.00177243856583	245	MULTISPECIES: adenylate kinase
0.00177243856583	245	CDP-paratose 2-epimerase
0.00177243856583	245	ketosamine-3-kinase
0.00177243856583	245	NAD(P)H-dependent glycerol-3-phosphate dehydrogenase
0.00177243856583	245	MULTISPECIES: histidinol-phosphate transaminase
0.00177243856583	245	hemolysin-type calcium-binding protein
0.00177243856583	245	MULTISPECIES: C4-dicarboxylate ABC transporter permease
0.00176520412271	244	spheroidene monooxygenase
0.00176520412271	244	IS200/IS605 family transposase
0.00176520412271	244	MULTISPECIES: aminoacyl-tRNA hydrolase
0.00176520412271	244	alanine transaminase
0.00175796967958	243	MULTISPECIES: molecular chaperone HtpG
0.00175796967958	243	MULTISPECIES: site-specific tyrosine recombinase XerD
0.00175796967958	243	class I fructose-bisphosphate aldolase
0.00175796967958	243	MULTISPECIES: cupin
0.00175796967958	243	TonB-dependent hemoglobin/transferrin/lactoferrin family receptor
0.00175796967958	243	sulfite oxidase
0.00175796967958	243	arylformamidase
0.00175796967958	243	Zn-dependent protease
0.00175073523645	242	CRTAC1 family protein
0.00175073523645	242	carboxypeptidase T
0.00175073523645	242	gliding motility-associated peptidyl-prolyl isomerase GldI
0.00175073523645	242	MULTISPECIES: aminopeptidase N
0.00175073523645	242	chondroitin AC lyase
0.00175073523645	242	gfo/Idh/MocA family oxidoreductase, partial
0.00174350079333	241	MULTISPECIES: type II secretion system protein GspE
0.00174350079333	241	ribonucleotide reductase
0.00174350079333	241	MULTISPECIES: 1,4-dihydroxy-2-naphthoyl-CoA synthase
0.00174350079333	241	L-iditol 2-dehydrogenase
0.00174350079333	241	MULTISPECIES: 3-deoxy-8-phosphooctulonate synthase
0.00174350079333	241	MULTISPECIES: heat-inducible transcriptional repressor HrcA
0.00174350079333	241	EF-P lysine aminoacylase GenX
0.00174350079333	241	hydrogenase expression protein
0.00174350079333	241	MULTISPECIES: guanylate kinase
0.00174350079333	241	DUF4833 domain-containing protein
0.00174350079333	241	circadian clock protein KaiC
0.0017362663502	240	formamidopyrimidine-DNA glycosylase
0.0017362663502	240	glucose-1-dehydrogenase
0.0017362663502	240	coenzyme F420-0:L-glutamate ligase
0.0017362663502	240	peptidase C14
0.0017362663502	240	MULTISPECIES: monooxygenase
0.0017362663502	240	cell division protein FtsH, partial
0.0017362663502	240	3-alpha-hydroxysteroid dehydrogenase
0.00172903190708	239	MULTISPECIES: homoserine kinase
0.00172903190708	239	flagellar biosynthesis anti-sigma factor FlgM
0.00172903190708	239	putative Fe-S cluster assembly protein SufT
0.00172179746395	238	gluconate kinase
0.00172179746395	238	SH3 domain-containing protein
0.00172179746395	238	large-conductance mechanosensitive channel
0.00172179746395	238	DUF1456 domain-containing protein
0.00172179746395	238	ABC transporter permease, partial
0.00172179746395	238	2-polyprenyl-6-methoxyphenol hydroxylase
0.00172179746395	238	DUF932 domain-containing protein
0.00172179746395	238	DUF1064 domain-containing protein
0.00172179746395	238	beta-glycosidase
0.00172179746395	238	FAD-dependent dehydrogenase
0.00172179746395	238	DUF2219 domain-containing protein
0.00171456302083	237	protocatechuate 4,5-dioxygenase subunit alpha
0.00171456302083	237	DNA polymerase II
0.00171456302083	237	iron dicitrate transport regulator FecR
0.00171456302083	237	general stress protein
0.00171456302083	237	MULTISPECIES: 23S rRNA (guanosine(2251)-2'-O)-methyltransferase RlmB
0.00171456302083	237	MULTISPECIES: 16S rRNA (cytidine(1402)-2'-O)-methyltransferase
0.00171456302083	237	FAD-dependent cmnm(5)s(2)U34 oxidoreductase
0.0017073285777	236	MULTISPECIES: xylose isomerase
0.0017073285777	236	bifunctional aminodeoxychorismate synthase component I/aminodeoxychorismate lyase
0.0017073285777	236	MULTISPECIES: thioredoxin-disulfide reductase
0.0017073285777	236	MULTISPECIES: integration host factor subunit beta
0.0017073285777	236	lysine 2,3-aminomutase
0.0017073285777	236	ATP synthase F1 subunit epsilon
0.0017073285777	236	MULTISPECIES: pantoate--beta-alanine ligase
0.0017073285777	236	DUF3871 domain-containing protein
0.0017073285777	236	molybdopterin-guanine dinucleotide biosynthesis protein MobB
0.0017073285777	236	adenine glycosylase
0.0017073285777	236	pilus assembly protein FimV
0.0017073285777	236	arylsulfatase A
0.0017073285777	236	DNA repair protein RadC
0.00170009413457	235	ATP-dependent Clp protease ATP-binding subunit, partial
0.00170009413457	235	MULTISPECIES: aminotransferase class V-fold PLP-dependent enzyme
0.00170009413457	235	PDK repeat-containing protein
0.00170009413457	235	class D beta-lactamase
0.00170009413457	235	tryptophan halogenase
0.00170009413457	235	amidotransferase 1, exosortase A system-associated
0.00170009413457	235	DNA recombination protein RecF
0.00170009413457	235	MULTISPECIES: DegT/DnrJ/EryC1/StrS family aminotransferase
0.00170009413457	235	cytochrome C oxidase subunit III
0.00170009413457	235	MULTISPECIES: cytochrome oxidase subunit III
0.00170009413457	235	MULTISPECIES: tRNA dihydrouridine synthase DusB
0.00170009413457	235	MULTISPECIES: NAD kinase
0.00170009413457	235	dolichyl-phosphate-mannose--protein mannosyltransferase
0.00170009413457	235	sulfide:quinone reductase
0.00169285969145	234	DUF2961 domain-containing protein
0.00169285969145	234	dimethylaniline monooxygenase
0.00169285969145	234	WD40 repeat domain-containing protein
0.00168562524832	233	sorbitol dehydrogenase
0.00168562524832	233	phosphonate C-P lyase system protein PhnL
0.00168562524832	233	RepB family plasmid replication initiator protein
0.00168562524832	233	Na+/glucose cotransporter
0.00168562524832	233	DUF3883 domain-containing protein
0.00168562524832	233	MULTISPECIES: RNA polymerase sigma-54 factor
0.00168562524832	233	MULTISPECIES: undecaprenyl-diphosphatase
0.00168562524832	233	diaminopimelate aminotransferase
0.00168562524832	233	transcriptional regulator AsnC
0.0016783908052	232	MULTISPECIES: branched-chain amino acid ABC transporter substrate-binding protein
0.0016783908052	232	MULTISPECIES: fructose-bisphosphatase class I
0.0016783908052	232	polyhydroxyalkanoate biosynthesis repressor PhaR
0.0016783908052	232	outer membrane protein
0.0016783908052	232	tRNA 2-selenouridine synthase
0.0016783908052	232	formamidase
0.0016783908052	232	glutamyl-Q tRNA(Asp) ligase
0.0016783908052	232	Kef family K(+) transporter
0.0016783908052	232	DUF1211 domain-containing protein
0.00167115636207	231	MULTISPECIES: lysine decarboxylase
0.00167115636207	231	TerB family tellurite resistance protein
0.00167115636207	231	MULTISPECIES: ATP phosphoribosyltransferase
0.00167115636207	231	MULTISPECIES: 2,3,4,5-tetrahydropyridine-2,6-dicarboxylate N-succinyltransferase
0.00167115636207	231	autotransporter outer membrane beta-barrel domain-containing protein
0.00167115636207	231	nucleotide pyrophosphatase
0.00167115636207	231	carbamoyl phosphate synthase large subunit, partial
0.00167115636207	231	DUF1987 domain-containing protein
0.00167115636207	231	DUF3372 domain-containing protein
0.00167115636207	231	MULTISPECIES: TIGR00730 family Rossman fold protein
0.00167115636207	231	NAD+ synthetase
0.00167115636207	231	MULTISPECIES: N-acetylmuramoyl-L-alanine amidase
0.00167115636207	231	decaprenyl-phosphate phosphoribosyltransferase
0.00167115636207	231	MULTISPECIES: pyridoxal 5'-phosphate synthase lyase subunit PdxS
0.00167115636207	231	MULTISPECIES: amidase
0.00167115636207	231	AIM24 family protein
0.00167115636207	231	NADPH dehydrogenase
0.00167115636207	231	flagellar P-ring protein FlgI
0.00167115636207	231	ADP-heptose--LPS heptosyltransferase
0.00167115636207	231	cardiolipin synthase A
0.00166392191894	230	ribonucleoside triphosphate reductase
0.00166392191894	230	MULTISPECIES: imidazole glycerol phosphate synthase cyclase subunit
0.00166392191894	230	MULTISPECIES: tRNA (adenosine(37)-N6)-threonylcarbamoyltransferase complex transferase subunit TsaD
0.00166392191894	230	malonate transporter
0.00166392191894	230	UDP-N-acetylglucosamine 4,6-dehydratase
0.00166392191894	230	MULTISPECIES: bifunctional aconitate hydratase 2/2-methylisocitrate dehydratase
0.00166392191894	230	glutamine--scyllo-inositol aminotransferase
0.00166392191894	230	endo-1,4-beta-xylanase
0.00165668747582	229	capsular exopolysaccharide family
0.00165668747582	229	pectinesterase
0.00165668747582	229	MULTISPECIES: phage portal protein
0.00165668747582	229	chitin deacetylase
0.00165668747582	229	MULTISPECIES: glycoside hydrolase
0.00165668747582	229	cytosine permease
0.00165668747582	229	TIR domain-containing protein
0.00165668747582	229	MULTISPECIES: cupin domain-containing protein
0.00165668747582	229	Fe-S assembly protein IscX
0.00165668747582	229	MULTISPECIES: PLP-dependent aminotransferase family protein
0.00164945303269	228	DUF3299 domain-containing protein
0.00164945303269	228	isoprenylcysteine carboxylmethyltransferase family protein
0.00164945303269	228	MULTISPECIES: alpha-hydroxy-acid oxidizing enzyme
0.00164945303269	228	signal recognition particle protein, partial
0.00164945303269	228	MULTISPECIES: UDP-glucose/GDP-mannose dehydrogenase family protein
0.00164945303269	228	serine protein kinase RIO
0.00164945303269	228	MULTISPECIES: homoserine dehydrogenase
0.00164945303269	228	pilus assembly protein TadB
0.00164945303269	228	cephalosporin hydroxylase
0.00164221858957	227	disulfide bond formation regulator
0.00164221858957	227	MULTISPECIES: succinate dehydrogenase iron-sulfur subunit
0.00164221858957	227	TIGR03842 family LLM class F420-dependent oxidoreductase
0.00164221858957	227	MULTISPECIES: catalase-peroxidase
0.00164221858957	227	MULTISPECIES: type III pantothenate kinase
0.00164221858957	227	MULTISPECIES: DNA helicase RecG
0.00164221858957	227	fructokinase
0.00164221858957	227	MULTISPECIES: iron-sulfur cluster scaffold-like protein
0.00164221858957	227	secretion protein HylD
0.00164221858957	227	succinate dehydrogenase/fumarate reductase flavoprotein subunit
0.00164221858957	227	MULTISPECIES: bifunctional 3,4-dihydroxy-2-butanone-4-phosphate synthase/GTP cyclohydrolase II
0.00163498414644	226	16S rRNA maturation RNase YbeY
0.00163498414644	226	amidohydrolase, partial
0.00163498414644	226	DUF1445 domain-containing protein
0.00163498414644	226	lysoplasmalogenase
0.00163498414644	226	PSE family sulfate exporter
0.00163498414644	226	glycosyl hydrolase family 43
0.00163498414644	226	MULTISPECIES: HlyC/CorC family transporter
0.00163498414644	226	YjbH domain-containing protein
0.00162774970332	225	NAD dependent epimerase/dehydratase
0.00162774970332	225	phosphonate ABC transporter
0.00162774970332	225	3-octaprenyl-4-hydroxybenzoate decarboxylase
0.00162774970332	225	toll/interleukin-1 receptor domain-containing protein
0.00162774970332	225	lysyl endopeptidase
0.00162774970332	225	sulfonate ABC transporter substrate-binding protein
0.00162774970332	225	IS1380 family transposase
0.00162774970332	225	glyceraldehyde 3-phosphate reductase
0.00162774970332	225	DUF3300 domain-containing protein
0.00162774970332	225	trehalose-6-phosphate synthase
0.00162774970332	225	zinc ribbon domain protein
0.00162774970332	225	PucR family transcriptional regulator
0.00162051526019	224	MULTISPECIES: leucyl aminopeptidase
0.00162051526019	224	nitrile hydratase accessory protein
0.00162051526019	224	formate transporter
0.00162051526019	224	metal-activated pyridoxal enzyme
0.00162051526019	224	pilus assembly protein PilB
0.00162051526019	224	Fpg/Nei family DNA glycosylase
0.00162051526019	224	MULTISPECIES: replication-associated recombination protein A
0.00162051526019	224	DUF1572 domain-containing protein
0.00162051526019	224	MULTISPECIES: 8-amino-7-oxononanoate synthase
0.00162051526019	224	SGNH hydrolase
0.00162051526019	224	actin, cytoplasmic 2
0.00162051526019	224	mucin desulfatase
0.00162051526019	224	MULTISPECIES: UDP-N-acetylmuramoyl-L-alanine--D-glutamate ligase
0.00161328081706	223	nucleoside/nucleotide kinase family protein
0.00161328081706	223	MULTISPECIES: ubiquinol-cytochrome c reductase iron-sulfur subunit
0.00161328081706	223	DUF4007 domain-containing protein
0.00161328081706	223	MULTISPECIES: TonB-dependent siderophore receptor
0.00160604637394	222	MULTISPECIES: histidine--tRNA ligase
0.00160604637394	222	apocytochrome f
0.00160604637394	222	MULTISPECIES: rubrerythrin
0.00160604637394	222	MULTISPECIES: AMP-dependent synthetase
0.00160604637394	222	integral membrane protein
0.00160604637394	222	MULTISPECIES: UDP-glucose 4-epimerase GalE
0.00160604637394	222	long-chain-acyl-CoA synthetase
0.00160604637394	222	phenoxybenzoate dioxygenase
0.00160604637394	222	thiol reductant ABC exporter subunit CydD
0.00160604637394	222	MULTISPECIES: alcohol dehydrogenase
0.00160604637394	222	NnrS family protein
0.00159881193081	221	polysaccharide lyase
0.00159881193081	221	MULTISPECIES: 50S ribosomal protein L29
0.00159881193081	221	MULTISPECIES: glycine cleavage system protein H
0.00159881193081	221	MULTISPECIES: metalloprotease TldD
0.00159881193081	221	MULTISPECIES: glucose-1-phosphate thymidylyltransferase
0.00159881193081	221	DNA adenine methylase
0.00159881193081	221	MULTISPECIES: TetR family transcriptional regulator
0.00159881193081	221	FMN-binding domain-containing protein
0.00159881193081	221	phosphomethylpyrimidine kinase
0.00159881193081	221	citryl-CoA lyase
0.00159881193081	221	molybdopterin biosynthesis protein
0.00159881193081	221	MULTISPECIES: nucleotidyltransferase
0.00159881193081	221	DUF2662 domain-containing protein
0.00159157748769	220	MULTISPECIES: ribonucleotide-diphosphate reductase subunit beta
0.00159157748769	220	DUF1302 domain-containing protein
0.00159157748769	220	fumarate hydratase class I
0.00159157748769	220	polysulfide reductase
0.00159157748769	220	ribulose bisphosphate carboxylase small subunit
0.00159157748769	220	futalosine hydrolase
0.00159157748769	220	histidine utilization repressor
0.00159157748769	220	O-antigen translocase
0.00159157748769	220	3-oxoadipate CoA-transferase subunit A
0.00158434304456	219	MULTISPECIES: signal peptidase I
0.00158434304456	219	alpha-galactosidase precursor
0.00158434304456	219	TIGR03767 family metallophosphoesterase
0.00158434304456	219	DUF1097 domain-containing protein
0.00158434304456	219	dCMP deaminase
0.00158434304456	219	FKBP-type peptidyl-prolyl cis-trans isomerase
0.00158434304456	219	MULTISPECIES: FAD-linked oxidase
0.00158434304456	219	3'(2'),5'-bisphosphate nucleotidase
0.00157710860143	218	AbrB family transcriptional regulator
0.00157710860143	218	MULTISPECIES: 50S ribosomal protein L25
0.00157710860143	218	heat-inducible transcription repressor HrcA
0.00157710860143	218	menaquinol-cytochrome c reductase cytochrome b subunit
0.00157710860143	218	MULTISPECIES: 3'-5' exonuclease
0.00157710860143	218	DUF4055 domain-containing protein
0.00157710860143	218	transferase hexapeptide repeat family protein
0.00157710860143	218	putative DNA modification/repair radical SAM protein
0.00157710860143	218	MULTISPECIES: cell division protein ZapE
0.00157710860143	218	exonuclease sbcCD subunit D
0.00156987415831	217	pectin esterase
0.00156987415831	217	replication protein
0.00156987415831	217	DUF4870 domain-containing protein
0.00156987415831	217	MULTISPECIES: electron transfer flavoprotein subunit alpha
0.00156987415831	217	MULTISPECIES: UDP-2,3-diacylglucosamine hydrolase
0.00156987415831	217	hemolysin-type calcium-binding region
0.00156263971518	216	TRAP transporter substrate-binding protein DctP
0.00156263971518	216	phosphonate metabolism protein/1,5-bisphosphokinase (PRPP-forming) PhnN
0.00156263971518	216	pilus biosynthesis protein PilC
0.00156263971518	216	MULTISPECIES: methylenetetrahydrofolate reductase
0.00156263971518	216	tape measure domain-containing protein
0.00156263971518	216	2,3-dihydroxybenzoate-AMP ligase
0.00156263971518	216	4-oxalomesaconate tautomerase
0.00156263971518	216	surface antigen (D15)
0.00156263971518	216	phage head-tail adapter protein
0.00156263971518	216	formylmethanofuran dehydrogenase subunit A
0.00156263971518	216	MULTISPECIES: biopolymer transporter ExbD
0.00156263971518	216	NACHT domain-containing protein
0.00156263971518	216	MULTISPECIES: ribosome-binding factor A
0.00156263971518	216	Proprotein convertase P
0.00155540527206	215	MULTISPECIES: DNA mismatch repair protein MutS
0.00155540527206	215	MULTISPECIES: cytochrome c oxidase, cbb3-type subunit I
0.00155540527206	215	sugar O-acyltransferase
0.00155540527206	215	TIGR03032 family protein
0.00155540527206	215	starvation-sensing protein RspA
0.00155540527206	215	lipoate--protein ligase B
0.00155540527206	215	acylhydrolase
0.00155540527206	215	DUF4212 domain-containing protein
0.00155540527206	215	capsid protein, partial
0.00155540527206	215	gliding motility protein RemB
0.00155540527206	215	DUF1508 domain-containing protein
0.00155540527206	215	MULTISPECIES: esterase
0.00155540527206	215	CrtD protein
0.00155540527206	215	DUF2924 domain-containing protein
0.00155540527206	215	non-ribosomal peptide synthetase, partial
0.00154817082893	214	Na+/galactose cotransporter
0.00154817082893	214	neuraminidase
0.00154817082893	214	N-acetylneuraminate lyase
0.00154817082893	214	MULTISPECIES: ATP-dependent DNA helicase
0.00154817082893	214	DUF29 domain-containing protein
0.00154817082893	214	nitrilase family protein
0.00154817082893	214	glucosamine-6-phosphate isomerase
0.00154817082893	214	pH-dependent sodium/proton antiporter
0.00154817082893	214	cytochrome C biosynthesis protein
0.00154817082893	214	MULTISPECIES: helix-turn-helix domain-containing protein
0.00154817082893	214	MULTISPECIES: PQQ-dependent dehydrogenase, methanol/ethanol family
0.00154093638581	213	MULTISPECIES: glutamate 5-kinase
0.00154093638581	213	MULTISPECIES: exodeoxyribonuclease VII large subunit
0.00154093638581	213	histone
0.00154093638581	213	heme exporter protein CcmD
0.00154093638581	213	bifunctional ribosomal protein alanine acetyltransferase/tRNA (adenosine(37)-N6)-threonylcarbamoyltransferase complex transferase subunit TsaD
0.00154093638581	213	DUF2141 domain-containing protein
0.00154093638581	213	phosphoenolpyruvate--protein phosphotransferase PtsP
0.00154093638581	213	aldehyde dehydrogenase PuuC
0.00154093638581	213	DUF4258 domain-containing protein
0.00153370194268	212	FKBP-type peptidylprolyl isomerase
0.00153370194268	212	RnfH family protein
0.00153370194268	212	MULTISPECIES: glutamate-1-semialdehyde 2,1-aminomutase
0.00153370194268	212	histidine decarboxylase
0.00153370194268	212	MULTISPECIES: pseudouridine synthase
0.00153370194268	212	MULTISPECIES: C4-dicarboxylate ABC transporter substrate-binding protein
0.00153370194268	212	CidA/LrgA family protein
0.00153370194268	212	MULTISPECIES: glutamate dehydrogenase
0.00153370194268	212	MULTISPECIES: dehydrogenase
0.00153370194268	212	DUF268 domain-containing protein
0.00153370194268	212	MULTISPECIES: glutamine--tRNA ligase
0.00153370194268	212	lactate permease
0.00152646749955	211	ferredoxin--nitrite reductase
0.00152646749955	211	molecular chaperone
0.00152646749955	211	cell division protein SepF
0.00152646749955	211	MULTISPECIES: polyprenyl synthetase family protein
0.00152646749955	211	S-adenosylmethionine-dependent methyltransferase
0.00152646749955	211	DUF2971 domain-containing protein
0.00152646749955	211	phenazine biosynthesis protein PhzF
0.00152646749955	211	Xaa-Pro dipeptidase
0.00152646749955	211	DUF4326 domain-containing protein
0.00152646749955	211	DUF1338 domain-containing protein
0.00152646749955	211	serine hydrolase family protein
0.00151923305643	210	peptidase M61 domain-containing protein
0.00151923305643	210	Ig-like domain repeat protein, partial
0.00151923305643	210	short-chain-fatty-acid--CoA ligase
0.00151923305643	210	IS6 family transposase
0.00151923305643	210	cytochrome o ubiquinol oxidase subunit I
0.00151923305643	210	endothelin-converting enzyme 1
0.00151923305643	210	MULTISPECIES: glycosyl transferase family 2
0.00151923305643	210	glucan biosynthesis protein D
0.00151923305643	210	preprotein translocase
0.00151923305643	210	DGQHR domain-containing protein
0.00151923305643	210	molybdopterin-guanine dinucleotide biosynthesis protein B
0.00151923305643	210	MULTISPECIES: tRNA (guanosine(37)-N1)-methyltransferase TrmD
0.00151923305643	210	DNA polymerase III
0.0015119986133	209	MULTISPECIES: trigger factor
0.0015119986133	209	MULTISPECIES: magnesium transporter
0.0015119986133	209	lactam utilization protein LamB
0.0015119986133	209	ornithine decarboxylase
0.0015119986133	209	3-mercaptopyruvate sulfurtransferase
0.0015119986133	209	outer membrane autotransporter barrel domain-containing protein
0.0015119986133	209	MULTISPECIES: prolipoprotein diacylglyceryl transferase
0.0015119986133	209	distal rod protein
0.0015119986133	209	carbamoyl-phosphate synthase (glutamine-hydrolyzing) large subunit
0.00150476417018	208	phosphoribosylformylglycinamidine cyclo-ligase, partial
0.00150476417018	208	MULTISPECIES: IS3 family transposase
0.00150476417018	208	sulfotransferase family protein
0.00150476417018	208	kynurenine 3-monooxygenase
0.00150476417018	208	MULTISPECIES: phosphoglyceromutase
0.00150476417018	208	MULTISPECIES: penicillin-binding protein
0.00150476417018	208	salicylate 5-hydroxylase large oxygenase NagG
0.00150476417018	208	DUF2017 domain-containing protein
0.00150476417018	208	SOUL heme-binding protein
0.00150476417018	208	MULTISPECIES: UDP-N-acetylglucosamine 2-epimerase (non-hydrolyzing)
0.00150476417018	208	taurine ABC transporter substrate-binding protein
0.00150476417018	208	glycosyl transferase family 39
0.00150476417018	208	MULTISPECIES: repressor LexA
0.00150476417018	208	sulfurtransferase DndC
0.00149752972705	207	phage antirepressor protein
0.00149752972705	207	MULTISPECIES: bifunctional phosphopantothenoylcysteine decarboxylase/phosphopantothenate--cysteine ligase CoaBC
0.00149752972705	207	glycoside hydrolase family protein
0.00149752972705	207	iron-containing alcohol dehydrogenase
0.00149752972705	207	MULTISPECIES: 3-isopropylmalate dehydrogenase
0.00149752972705	207	sugar phosphate isomerase/epimerase, partial
0.00149752972705	207	DUF1592 domain-containing protein
0.00149752972705	207	inosose dehydratase
0.00149752972705	207	ethanolamine utilization protein EutJ
0.00149029528392	206	1,4-butanediol diacrylate esterase
0.00149029528392	206	MULTISPECIES: decarboxylase
0.00149029528392	206	histidinol-phosphate aminotransferase
0.00149029528392	206	bifunctional molybdenum cofactor biosynthesis protein MoaC/MoaB
0.00149029528392	206	six-hairpin glycosidase
0.00149029528392	206	hydroxypyruvate reductase
0.00149029528392	206	MULTISPECIES: copper-translocating P-type ATPase
0.00149029528392	206	ATP--guanido phosphotransferase
0.00149029528392	206	membrane-bound PQQ-dependent dehydrogenase, glucose/quinate/shikimate family
0.00149029528392	206	toxic anion resistance protein
0.00149029528392	206	low affinity iron permease family protein
0.00149029528392	206	terminase small subunit
0.00149029528392	206	D-alanyl-D-alanine dipeptidase
0.0014830608408	205	monovalent cation/H+ antiporter subunit A
0.0014830608408	205	GIY-YIG nuclease family protein
0.0014830608408	205	nitrite reductase (NAD(P)H) small subunit
0.0014830608408	205	DUF552 domain-containing protein
0.0014830608408	205	erythromycin biosynthesis sensory transduction protein eryC1
0.0014830608408	205	nucleoside:proton symporter
0.0014830608408	205	MULTISPECIES: DUF2795 domain-containing protein
0.0014830608408	205	cell envelope integrity protein CreD
0.0014830608408	205	MULTISPECIES: cyanophycin synthetase
0.0014830608408	205	colanic acid biosynthesis acetyltransferase WcaF
0.0014830608408	205	glycosyl hydrolase family 92
0.0014830608408	205	phosphopentomutase
0.0014830608408	205	acyloxyacyl hydrolase
0.00147582639767	204	12-oxophytodienoate reductase
0.00147582639767	204	flagellar basal body P-ring biosynthesis protein FlgA
0.00147582639767	204	UDP-phosphate galactose phosphotransferase
0.00147582639767	204	DUF2079 domain-containing protein
0.00147582639767	204	glycosyl hydrolase family 5
0.00147582639767	204	MULTISPECIES: cytochrome c oxidase assembly protein
0.00147582639767	204	DUF861 domain-containing protein
0.00147582639767	204	MULTISPECIES: uracil-DNA glycosylase
0.00147582639767	204	Hsp20/alpha crystallin family protein
0.00147582639767	204	MULTISPECIES: Asp-tRNA(Asn)/Glu-tRNA(Gln) amidotransferase GatCAB subunit C
0.00147582639767	204	replicative helicase
0.00147582639767	204	conjugal transfer protein TraR
0.00147582639767	204	MULTISPECIES: insulinase family protein
0.00147582639767	204	23S rRNA (guanine(2445)-N(2))/(guanine(2069)-N(7))-methyltransferase
0.00147582639767	204	peptidase C1
0.00146859195455	203	MULTISPECIES: UDP-N-acetylenolpyruvoylglucosamine reductase
0.00146859195455	203	MULTISPECIES: diguanylate cyclase
0.00146859195455	203	MULTISPECIES: CTP synthase
0.00146859195455	203	PKHD-type hydroxylase
0.00146859195455	203	NADH-quinone oxidoreductase subunit D
0.00146859195455	203	secreted glycosyl hydrolase
0.00146859195455	203	MULTISPECIES: phosphate ABC transporter permease subunit PstC
0.00146859195455	203	PH domain-containing protein
0.00146859195455	203	MULTISPECIES: SDR family oxidoreductase
0.00146859195455	203	MULTISPECIES: tRNA uridine-5-carboxymethylaminomethyl(34) synthesis GTPase MnmE
0.00146859195455	203	dipeptidyl carboxypeptidase
0.00146859195455	203	peptidyl-dipeptidase
0.00146135751142	202	MULTISPECIES: pirin family protein
0.00146135751142	202	MULTISPECIES: 3-hydroxybutyryl-CoA dehydrogenase
0.00146135751142	202	rhamnogalacturonan lyase
0.00146135751142	202	type III polyketide synthase
0.00146135751142	202	YbaB/EbfC family nucleoid-associated protein
0.00146135751142	202	MULTISPECIES: polysaccharide biosynthesis protein
0.00146135751142	202	leucine efflux protein LeuE
0.00146135751142	202	MULTISPECIES: peptidase M48
0.00146135751142	202	DUF1768 domain-containing protein
0.0014541230683	201	branched-chain amino acid ABC transporter
0.0014541230683	201	helicase UvrD
0.0014541230683	201	ATPase P
0.0014541230683	201	undecaprenyl-phosphate glucose phosphotransferase, partial
0.0014541230683	201	arabinose ABC transporter permease
0.0014541230683	201	MULTISPECIES: chromosome segregation protein SMC
0.0014541230683	201	MULTISPECIES: 4-hydroxy-tetrahydrodipicolinate reductase
0.0014541230683	201	MULTISPECIES: transcriptional regulator NrdR
0.0014541230683	201	DNA phosphorothioation-dependent restriction protein DptH
0.0014541230683	201	DUF3578 domain-containing protein
0.0014541230683	201	formate transporter FocA
0.0014541230683	201	MULTISPECIES: imidazole glycerol phosphate synthase subunit HisH
0.0014541230683	201	phosphonopyruvate decarboxylase
0.0014541230683	201	cation-transporting P-type ATPase
0.00144688862517	200	DUF4175 domain-containing protein
0.00144688862517	200	MULTISPECIES: phosphate transport system regulatory protein PhoU
0.00144688862517	200	6-chlorohydroxyquinol-1,2-dioxygenase
0.00144688862517	200	MULTISPECIES: methylmalonyl-CoA mutase
0.00144688862517	200	MULTISPECIES: glutamate-5-semialdehyde dehydrogenase
0.00144688862517	200	CHASE2 domain-containing protein
0.00144688862517	200	FMN-dependent NADH-azoreductase
0.00144688862517	200	cyclohexanecarboxyl-CoA dehydrogenase
0.00144688862517	200	cyclic beta-1,2-glucan ABC transporter
0.00144688862517	200	sensor domain-containing phosphodiesterase
0.00144688862517	200	electron transporter SenC
0.00143965418204	199	DUF1348 domain-containing protein
0.00143965418204	199	MULTISPECIES: phosphatidate cytidylyltransferase
0.00143965418204	199	MULTISPECIES: chromosome partitioning protein ParB
0.00143965418204	199	carnitinyl-CoA dehydratase
0.00143965418204	199	MULTISPECIES: protoheme IX farnesyltransferase
0.00143965418204	199	arylmalonate decarboxylase
0.00143965418204	199	bifunctional phosphoserine phosphatase/homoserine phosphotransferase ThrH
0.00143965418204	199	DUF1643 domain-containing protein
0.00143965418204	199	MULTISPECIES: bifunctional glutamine synthetase adenylyltransferase/deadenyltransferase
0.00143965418204	199	biphenyl 2,3-dioxygenase
0.00143965418204	199	acetaldehyde dehydrogenase (acetylating)
0.00143965418204	199	sulfur oxidation protein SoxY
0.00143965418204	199	NADH dehydrogenase subunit M
0.00143965418204	199	hydrogenase formation protein HypD
0.00143965418204	199	secondary thiamine-phosphate synthase enzyme
0.00143965418204	199	MULTISPECIES: bifunctional pyr operon transcriptional regulator/uracil phosphoribosyltransferase
0.00143241973892	198	glucosamine 6-phosphate synthetase
0.00143241973892	198	homocysteine S-methyltransferase
0.00143241973892	198	NAD(P)H quinone oxidoreductase
0.00143241973892	198	MULTISPECIES: ArsR family transcriptional regulator
0.00143241973892	198	MULTISPECIES: thioesterase
0.00143241973892	198	MULTISPECIES: T9SS C-terminal target domain-containing protein
0.00143241973892	198	rhodanese
0.00143241973892	198	rhamnose ABC transporter substrate-binding protein
0.00142518529579	197	MULTISPECIES: uroporphyrinogen decarboxylase
0.00142518529579	197	penicillin-binding protein 1B
0.00142518529579	197	metapyrocatechase
0.00142518529579	197	beta-ketoacyl-ACP synthase III
0.00142518529579	197	outer membrane lipoprotein-sorting protein
0.00142518529579	197	DUF465 domain-containing protein
0.00142518529579	197	DUF4916 domain-containing protein
0.00142518529579	197	MULTISPECIES: chorismate synthase
0.00142518529579	197	DUF374 domain-containing protein
0.00141795085267	196	TonB-dependent receptor, partial
0.00141795085267	196	Gifsy-2 prophage lysozyme
0.00141795085267	196	outer membrane receptor protein
0.00141795085267	196	NAD-binding, UDP-glucose/GDP-mannose dehydrogenase
0.00141795085267	196	anthranilate synthase component II
0.00141795085267	196	MULTISPECIES: transcriptional repressor
0.00141795085267	196	MULTISPECIES: alanine racemase
0.00141795085267	196	carotene hydroxylase
0.00141795085267	196	MULTISPECIES: glycine--tRNA ligase
0.00141071640954	195	macrolide ABC transporter permease/ATP-binding protein MacB
0.00141071640954	195	PAS domain S-box protein
0.00141071640954	195	uridine phosphorylase
0.00141071640954	195	MULTISPECIES: 3-dehydroquinate synthase
0.00141071640954	195	DUF3225 domain-containing protein
0.00141071640954	195	MULTISPECIES: rhomboid family intramembrane serine protease
0.00141071640954	195	D-amino acid dehydrogenase small subunit
0.00141071640954	195	glycine oxidase ThiO
0.00141071640954	195	bifunctional biotin-
0.00141071640954	195	MULTISPECIES: bifunctional methylenetetrahydrofolate dehydrogenase/methenyltetrahydrofolate cyclohydrolase
0.00141071640954	195	MULTISPECIES: VRR-NUC domain-containing protein
0.00140348196641	194	flotillin
0.00140348196641	194	IPTL-CTERM sorting domain-containing protein
0.00140348196641	194	TRAP dicarboxylate transporter subunit DctP
0.00140348196641	194	lignostilbene alpha-beta-dioxygenase
0.00140348196641	194	MULTISPECIES: nicotinate-nucleotide diphosphorylase (carboxylating)
0.00140348196641	194	MULTISPECIES: CoA-binding protein
0.00140348196641	194	Patatin
0.00140348196641	194	glycosyl hydrolase family 16
0.00139624752329	193	HpaII family restriction endonuclease
0.00139624752329	193	MULTISPECIES: long-chain-fatty-acid--CoA ligase
0.00139624752329	193	MULTISPECIES: DNA topoisomerase III
0.00139624752329	193	FAD-containing monooxygenase EthA
0.00139624752329	193	DUF2829 domain-containing protein
0.00139624752329	193	MULTISPECIES: zinc/iron-chelating domain-containing protein
0.00138901308016	192	dihydroxyacetone kinase subunit DhaK
0.00138901308016	192	DUF3426 domain-containing protein
0.00138901308016	192	MULTISPECIES: coproporphyrinogen III oxidase
0.00138901308016	192	transcription antitermination protein NusB
0.00138901308016	192	6-hydroxynicotinate reductase
0.00138901308016	192	Maebl
0.00138901308016	192	MULTISPECIES: 16S rRNA (cytosine(1402)-N(4))-methyltransferase
0.00138901308016	192	beta-ketoacyl-ACP synthase II
0.00138177863704	191	AP2 domain-containing protein
0.00138177863704	191	divalent-cation tolerance protein CutA
0.00138177863704	191	DUF488 domain-containing protein
0.00138177863704	191	5-aminolevulinic acid synthase
0.00138177863704	191	MULTISPECIES: cytochrome ubiquinol oxidase subunit I
0.00138177863704	191	pyrroloquinoline quinone biosynthesis protein PqqB
0.00138177863704	191	HslU--HslV peptidase proteolytic subunit
0.00138177863704	191	MULTISPECIES: molybdopterin molybdenumtransferase MoeA
0.00138177863704	191	GlcG protein
0.00138177863704	191	MULTISPECIES: ATP-dependent protease ATP-binding subunit ClpX
0.00138177863704	191	MULTISPECIES: D-alanine--D-alanine ligase
0.00137454419391	190	cation diffusion facilitator transporter
0.00137454419391	190	cytoplasmic chaperone TorD family protein
0.00137454419391	190	MULTISPECIES: 3-methyl-2-oxobutanoate hydroxymethyltransferase
0.00137454419391	190	MULTISPECIES: dihydropteroate synthase
0.00137454419391	190	phage integrase family protein
0.00137454419391	190	methionine synthase I
0.00137454419391	190	DNA-directed DNA polymerase I
0.00137454419391	190	NINE protein
0.00137454419391	190	DUF3560 domain-containing protein
0.00137454419391	190	thiol-disulfide oxidoreductase
0.00137454419391	190	tRNA-binding protein
0.00136730975079	189	MULTISPECIES: NAD(P)-dependent alcohol dehydrogenase
0.00136730975079	189	MULTISPECIES: arylsulfatase
0.00136730975079	189	type II restriction endonuclease
0.00136730975079	189	DUF2818 domain-containing protein
0.00136730975079	189	protein tyrosine phosphatase
0.00136730975079	189	type III effector
0.00136730975079	189	aspartate racemase
0.00136730975079	189	quinoprotein glucose dehydrogenase
0.00136730975079	189	tail fiber protein
0.00136730975079	189	tRNA 2-thiocytidine biosynthesis protein TtcA
0.00136730975079	189	EvpB family type VI secretion protein
0.00136730975079	189	sulfate transporter subunit
0.00136007530766	188	1,2-phenylacetyl-CoA epoxidase subunit B
0.00136007530766	188	MULTISPECIES: indole-3-glycerol-phosphate synthase
0.00136007530766	188	antibiotic resistance protein MarC
0.00136007530766	188	conjugal transfer protein
0.00136007530766	188	MULTISPECIES: flagellin
0.00136007530766	188	DUF475 domain-containing protein
0.00136007530766	188	peptide MFS transporter
0.00136007530766	188	heat-shock protein Hsp20
0.00136007530766	188	DUF362 domain-containing protein
0.00136007530766	188	MULTISPECIES: 4-hydroxy-tetrahydrodipicolinate synthase
0.00136007530766	188	putative polysaccharide deacetylase
0.00136007530766	188	molybdopterin converting factor subunit 1
0.00135284086453	187	sensor histidine kinase KdpD
0.00135284086453	187	ribonucleoside reductase
0.00135284086453	187	DUF512 domain-containing protein
0.00135284086453	187	MULTISPECIES: IscS subfamily cysteine desulfurase
0.00135284086453	187	DNA topoisomerase (ATP-hydrolyzing) subunit A
0.00135284086453	187	excinuclease ABC subunit A, partial
0.00135284086453	187	MULTISPECIES: two-component system response regulator
0.00135284086453	187	choline kinase
0.00135284086453	187	type III restriction endonuclease
0.00135284086453	187	DUF1775 domain-containing protein
0.00134560642141	186	Ig-like domain repeat protein
0.00134560642141	186	acid phosphatase
0.00134560642141	186	DUF3291 domain-containing protein
0.00134560642141	186	MULTISPECIES: methyl-accepting chemotaxis protein
0.00134560642141	186	TIGR00701 family protein
0.00134560642141	186	stage II sporulation protein M
0.00134560642141	186	acireductone synthase
0.00134560642141	186	head protein
0.00134560642141	186	dihydrodipicolinate synthetase
0.00134560642141	186	MULTISPECIES: carbohydrate kinase family protein
0.00133837197828	185	MULTISPECIES: serine/threonine dehydratase
0.00133837197828	185	DUF2322 domain-containing protein
0.00133837197828	185	DUF3099 domain-containing protein
0.00133837197828	185	MULTISPECIES: type IV pili twitching motility protein PilT
0.00133837197828	185	MULTISPECIES: RNase adaptor protein RapZ
0.00133837197828	185	BspA family leucine-rich repeat surface protein
0.00133837197828	185	DUF952 domain-containing protein
0.00133837197828	185	type 2 isopentenyl-diphosphate Delta-isomerase
0.00133837197828	185	2-aminomuconate deaminase
0.00133837197828	185	MULTISPECIES: aldehyde dehydrogenase family protein
0.00133837197828	185	photosynthetic complex assembly protein PuhC
0.00133837197828	185	minor capsid protein E
0.00133113753516	184	3-(3-hydroxyphenyl)propionate hydroxylase
0.00133113753516	184	RNA polymerase
0.00133113753516	184	MULTISPECIES: MerR family transcriptional regulator
0.00133113753516	184	succinate dehydrogenase iron-sulfur protein
0.00133113753516	184	C protein
0.00133113753516	184	DUF819 domain-containing protein
0.00133113753516	184	TerC family protein
0.00133113753516	184	MULTISPECIES: inositol-3-phosphate synthase
0.00133113753516	184	MULTISPECIES: ribulose-phosphate 3-epimerase
0.00133113753516	184	succinate-semialdehyde dehydrogenase I
0.00133113753516	184	nicotinamidase
0.00133113753516	184	transcription-repair coupling factor, partial
0.00133113753516	184	MULTISPECIES: putative lipid II flippase FtsW
0.00133113753516	184	MULTISPECIES: 50S ribosomal protein L30
0.00132390309203	183	stress protein
0.00132390309203	183	MULTISPECIES: ribonuclease III
0.00132390309203	183	MULTISPECIES: 6,7-dimethyl-8-ribityllumazine synthase
0.00132390309203	183	Ku protein
0.00132390309203	183	beta-glucanase precursor
0.00132390309203	183	MULTISPECIES: RluA family pseudouridine synthase
0.00132390309203	183	MULTISPECIES: metallophosphoesterase
0.00132390309203	183	phenylacetic acid degradation operon negative regulatory protein PaaX
0.00132390309203	183	terminase large subunit
0.00132390309203	183	bacteriochlorophyll synthase
0.00132390309203	183	dihydroxyacetone kinase
0.00132390309203	183	TIGR02281 family clan AA aspartic protease
0.00132390309203	183	cytoplasmic protein
0.00132390309203	183	His-Xaa-Ser system radical SAM maturase HxsB
0.0013166686489	182	MULTISPECIES: serine/threonine protein kinase
0.0013166686489	182	DUF4445 domain-containing protein
0.0013166686489	182	3-phytase
0.0013166686489	182	PAS domain-containing protein
0.0013166686489	182	CDGSH iron-sulfur domain-containing protein
0.0013166686489	182	nitrous-oxide reductase
0.0013166686489	182	camphor resistance protein CrcB
0.0013166686489	182	2-hydroxycyclohexanecarboxyl-CoA dehydrogenase
0.0013166686489	182	MULTISPECIES: glutamate racemase
0.0013166686489	182	MULTISPECIES: bifunctional phosphoribosylaminoimidazolecarboxamide formyltransferase/inosine monophosphate cyclohydrolase
0.0013166686489	182	MULTISPECIES: NADPH-dependent 7-cyano-7-deazaguanine reductase QueF
0.0013166686489	182	amidohydrolase 2
0.0013166686489	182	PPOX class F420-dependent oxidoreductase
0.0013166686489	182	MULTISPECIES: LLM class flavin-dependent oxidoreductase
0.00130943420578	181	ribose ABC transporter substrate-binding protein
0.00130943420578	181	MULTISPECIES: potassium transporter
0.00130943420578	181	MULTISPECIES: Holliday junction branch migration protein RuvA
0.00130943420578	181	trehalose synthase
0.00130943420578	181	MULTISPECIES: aminopeptidase
0.00130943420578	181	MULTISPECIES: orotate phosphoribosyltransferase
0.00130943420578	181	omega amino acid--pyruvate aminotransferase
0.00130219976265	180	helix-turn-helix-type transcriptional regulator
0.00130219976265	180	RpoD family RNA polymerase sigma factor
0.00130219976265	180	D-xylose transporter XylE
0.00130219976265	180	MULTISPECIES: NAD-dependent dehydratase
0.00130219976265	180	amino acid transporter LysE
0.00130219976265	180	MULTISPECIES: rod shape-determining protein RodA
0.00130219976265	180	DUF2238 domain-containing protein
0.00130219976265	180	low molecular weight phosphatase family protein
0.00130219976265	180	EscV/YscV/HrcV family type III secretion system export apparatus protein
0.00130219976265	180	MULTISPECIES: orotidine-5'-phosphate decarboxylase
0.00129496531953	179	twitching motility protein
0.00129496531953	179	ATP-grasp domain-containing protein
0.00129496531953	179	hydrogenase expression/formation protein HypE
0.00129496531953	179	ribonuclease Rne/Rng family
0.00129496531953	179	lipolytic protein G-D-S-L family
0.00129496531953	179	macrocin O-methyltransferase
0.00129496531953	179	MSHA biogenesis protein MshE
0.00129496531953	179	cytochrome bd ubiquinol oxidase subunit II
0.00129496531953	179	cell shape determination protein CcmA
0.00129496531953	179	MULTISPECIES: 2-hydroxyhepta-2,4-diene-1,7-dioate isomerase
0.00129496531953	179	MULTISPECIES: iron-sulfur cluster assembly protein IscA
0.00129496531953	179	glucan 1,4-alpha-glucosidase
0.00129496531953	179	DUF4295 domain-containing protein
0.00129496531953	179	ubiquinol oxidase subunit II
0.0012877308764	178	DUF4239 domain-containing protein
0.0012877308764	178	calcium-translocating P-type ATPase, PMCA-type
0.0012877308764	178	DUF4399 domain-containing protein
0.0012877308764	178	histidinol phosphate phosphatase
0.0012877308764	178	TIGR03857 family LLM class F420-dependent oxidoreductase
0.0012877308764	178	DUF3347 domain-containing protein
0.0012877308764	178	nucleoside permease
0.0012877308764	178	1,4-alpha-glucan branching protein
0.0012877308764	178	pilus (MSHA type) biogenesis protein MshL
0.0012877308764	178	cell wall anchor protein
0.0012877308764	178	MULTISPECIES: membrane protein insertase YidC
0.00128049643327	177	DUF1524 domain-containing protein
0.00128049643327	177	DUF481 domain-containing protein
0.00128049643327	177	colanic acid biosynthesis glycosyltransferase WcaL
0.00128049643327	177	polysaccharide pyruvyl transferase
0.00128049643327	177	DUF115 domain-containing protein
0.00128049643327	177	Na/Pi cotransporter family protein
0.00128049643327	177	3-oxoadipate CoA-transferase subunit B
0.00128049643327	177	MULTISPECIES: NAD+ synthase
0.00128049643327	177	polyprenyltransferase
0.00128049643327	177	pyridoxal-5-phosphate-dependent protein subunit beta
0.00128049643327	177	biliverdin-producing heme oxygenase
0.00128049643327	177	activator of HSP90 ATPase
0.00127326199015	176	tRNA glutamyl-Q synthetase
0.00127326199015	176	2'-deoxycytidine 5'-triphosphate deaminase
0.00127326199015	176	DUF2783 domain-containing protein
0.00127326199015	176	PilZ domain-containing protein
0.00127326199015	176	radical SAM domain protein
0.00127326199015	176	urea ABC transporter
0.00127326199015	176	MULTISPECIES: acetyl-CoA synthetase
0.00127326199015	176	MULTISPECIES: NADP-dependent oxidoreductase
0.00127326199015	176	endopeptidase La, partial
0.00127326199015	176	MULTISPECIES: enoyl
0.00127326199015	176	pyrroloquinoline quinone biosynthesis peptide chaperone PqqD
0.00127326199015	176	ribbon-helix-helix protein, CopG family
0.00127326199015	176	diacetyl reductase ((S)-acetoin forming)
0.00126602754702	175	DNA-binding protein, partial
0.00126602754702	175	DUF4450 domain-containing protein
0.00126602754702	175	MULTISPECIES: chromate transporter
0.00126602754702	175	ATP synthase subunit gamma
0.00126602754702	175	XshC-Cox1 family protein
0.00126602754702	175	MULTISPECIES: serine hydrolase
0.00126602754702	175	acetyl-CoA acyltransferase
0.00126602754702	175	MULTISPECIES: ribonuclease E/G
0.00126602754702	175	enamidase
0.00126602754702	175	non-ribosomal peptide synthase
0.00126602754702	175	MULTISPECIES: recombinase RecA
0.00126602754702	175	MULTISPECIES: NCS2 family permease
0.00126602754702	175	fimbrial assembly protein
0.00126602754702	175	Rhs element Vgr protein
0.00126602754702	175	MULTISPECIES: tryptophan synthase subunit alpha
0.00126602754702	175	aquaporin
0.00126602754702	175	radical SAM domain-containing protein
0.0012587931039	174	lauroyl acyltransferase
0.0012587931039	174	MULTISPECIES: choline dehydrogenase
0.0012587931039	174	antirepressor
0.0012587931039	174	MULTISPECIES: sulfite exporter TauE/SafE family protein
0.0012587931039	174	MULTISPECIES: tRNA preQ1(34) S-adenosylmethionine ribosyltransferase-isomerase QueA
0.0012587931039	174	fumarate hydrolyase
0.0012587931039	174	membrane-anchored cell surface protein
0.0012587931039	174	MULTISPECIES: Co2+/Mg2+ efflux protein ApaG
0.0012587931039	174	acetolactate synthase catalytic subunit
0.0012587931039	174	MULTISPECIES: flagellar motor protein MotA
0.00125155866077	173	membrane hypothetical protein
0.00125155866077	173	phospholipase C, phosphocholine-specific
0.00125155866077	173	amylo-alpha-1,6-glucosidase
0.00125155866077	173	nucleoside triphosphate hydrolase
0.00125155866077	173	RNA-binding protein S1
0.00125155866077	173	DUF3117 domain-containing protein
0.00125155866077	173	MULTISPECIES: betaine-aldehyde dehydrogenase
0.00125155866077	173	SpoIID/LytB domain-containing protein
0.00125155866077	173	isopenicillin-N epimerase
0.00124432421765	172	DUF3313 domain-containing protein
0.00124432421765	172	L-alanyl-D-glutamate peptidase
0.00124432421765	172	MULTISPECIES: endonuclease
0.00124432421765	172	MULTISPECIES: DNA polymerase III subunit delta
0.00124432421765	172	dGTPase
0.00124432421765	172	MULTISPECIES: HAD family hydrolase
0.00124432421765	172	chromosome partitioning ATPase
0.00124432421765	172	benzoate 1,2-dioxygenase large subunit
0.00124432421765	172	acireductone dioxygenase
0.00124432421765	172	exclusion protein FxsA
0.00124432421765	172	sugar O-acetyltransferase
0.00124432421765	172	Cys-tRNA(Pro) deacylase
0.00124432421765	172	MULTISPECIES: UDP-glucose 4-epimerase
0.00124432421765	172	toxin Fic
0.00123708977452	171	oligogalacturonate lyase
0.00123708977452	171	HipA domain protein
0.00123708977452	171	myristoyl transferase
0.00123708977452	171	NADH:ubiquinone oxidoreductase subunit M
0.00123708977452	171	glycosyltransferase family 8 protein
0.00123708977452	171	MULTISPECIES: cell division protein FtsW
0.00123708977452	171	dehydroascorbate transporter
0.00123708977452	171	MULTISPECIES: ribosome small subunit-dependent GTPase A
0.00123708977452	171	MULTISPECIES: septum formation inhibitor Maf
0.00123708977452	171	TIGR02452 family protein
0.00123708977452	171	beta-Ig-H3/fasciclin
0.00123708977452	171	UDP-N-acetylmuramoylalanyl-D-glutamate--2,6-diaminopimelate ligase
0.00122985533139	170	class II histone deacetylase
0.00122985533139	170	chlorite dismutase
0.00122985533139	170	NAD(P)H:quinone oxidoreductase, type IV
0.00122985533139	170	carboxylesterase type B
0.00122985533139	170	fructose 1,6-bisphosphatase
0.00122985533139	170	farnesyltranstransferase
0.00122985533139	170	copper-binding protein
0.00122985533139	170	alanine:cation symporter family protein
0.00122262088827	169	signaling protein
0.00122262088827	169	DUF898 domain-containing protein
0.00122262088827	169	UDP-N-acetylmuramate--alanine ligase
0.00122262088827	169	glutamine--fructose-6-phosphate transaminase (isomerizing), partial
0.00122262088827	169	fuculose phosphate aldolase
0.00122262088827	169	MULTISPECIES: 6-phosphofructokinase
0.00122262088827	169	electron transporter
0.00121538644514	168	nucleoside-diphosphate-sugar pyrophosphorylase
0.00121538644514	168	leucyl aminopeptidase, partial
0.00121538644514	168	MULTISPECIES: bifunctional ornithine acetyltransferase/N-acetylglutamate synthase
0.00121538644514	168	MULTISPECIES: NAD(P)(+) transhydrogenase (Re/Si-specific) subunit alpha
0.00121538644514	168	epoxide hydrolase
0.00121538644514	168	SPFH/Band 7/PHB domain protein
0.00121538644514	168	MULTISPECIES: energy transducer TonB
0.00121538644514	168	peptidase M48 Ste24p
0.00121538644514	168	ethanolamine ammonia lyase large subunit
0.00121538644514	168	tail assembly protein
0.00121538644514	168	proteasome subunit beta
0.00121538644514	168	nickel-responsive transcriptional regulator NikR
0.00121538644514	168	very short patch repair endonuclease
0.00121538644514	168	cysteine desulfuration protein SufE
0.00121538644514	168	MULTISPECIES: deoxyuridine 5'-triphosphate nucleotidohydrolase
0.00121538644514	168	chemotaxis protein CheD
0.00121538644514	168	MULTISPECIES: TatD family deoxyribonuclease
0.00121538644514	168	L-glutamate gamma-semialdehyde dehydrogenase
0.00121538644514	168	MULTISPECIES: cation transporter
0.00121538644514	168	3-alpha,7-alpha,12-alpha-trihydroxy-5-beta-cholest-24-enoyl-CoA hydratase
0.00120815200202	167	MULTISPECIES: single-stranded-DNA-specific exonuclease RecJ
0.00120815200202	167	MULTISPECIES: mannose-1-phosphate guanylyltransferase/mannose-6-phosphate isomerase
0.00120815200202	167	endonuclease/exonuclease/phosphatase family protein
0.00120815200202	167	sodium-dependent transporter
0.00120815200202	167	DNA repair exonuclease
0.00120815200202	167	arginine N-succinyltransferase
0.00120815200202	167	DUF4422 domain-containing protein
0.00120815200202	167	MULTISPECIES: glycerol kinase
0.00120815200202	167	MULTISPECIES: cytochrome c oxidase subunit 3
0.00120091755889	166	diaminopropionate ammonia-lyase
0.00120091755889	166	flavodoxin
0.00120091755889	166	proton-translocating NADH-quinone oxidoreductase subunit M
0.00120091755889	166	MULTISPECIES: isoprenyl transferase
0.00120091755889	166	MULTISPECIES: PIN domain-containing protein
0.00120091755889	166	protein CapI
0.00120091755889	166	DUF4266 domain-containing protein
0.00120091755889	166	MULTISPECIES: lipoprotein-releasing system transmembrane subunit LolC
0.00120091755889	166	ferric reductase
0.00120091755889	166	DsbA family protein
0.00120091755889	166	IS701 family transposase
0.00120091755889	166	MULTISPECIES: UTP--glucose-1-phosphate uridylyltransferase
0.00119368311576	165	MULTISPECIES: endonuclease III
0.00119368311576	165	helicase I
0.00119368311576	165	DUF4296 domain-containing protein
0.00119368311576	165	type I site-specific deoxyribonuclease
0.00119368311576	165	putative two-component histidine kinase
0.00119368311576	165	MULTISPECIES: epimerase
0.00119368311576	165	MULTISPECIES: deoxynucleoside kinase
0.00119368311576	165	DUF2269 domain-containing protein
0.00119368311576	165	ubiquitin
0.00119368311576	165	nicotinate-nucleotide pyrophosphorylase
0.00119368311576	165	DUF4236 domain-containing protein
0.00119368311576	165	MULTISPECIES: BMP family ABC transporter substrate-binding protein
0.00119368311576	165	6-O-methylguanine DNA methyltransferase
0.00119368311576	165	MULTISPECIES: tyrosine recombinase XerC
0.00119368311576	165	cellulose synthase domain-containing protein
0.00119368311576	165	MULTISPECIES: peptide chain release factor 2
0.00119368311576	165	DUF3071 domain-containing protein
0.00118644867264	164	D-ribose ABC transporter substrate-binding protein
0.00118644867264	164	MULTISPECIES: serine protease
0.00118644867264	164	aliphatic sulfonate ABC transporter
0.00118644867264	164	MULTISPECIES: glycerol-3-phosphate dehydrogenase
0.00118644867264	164	MULTISPECIES: ribonuclease HII
0.00118644867264	164	nickel transporter
0.00118644867264	164	ATP synthase subunit epsilon
0.00118644867264	164	MULTISPECIES: tRNA threonylcarbamoyladenosine dehydratase
0.00118644867264	164	DUF2469 domain-containing protein
0.00118644867264	164	Fe-S cluster protein
0.00118644867264	164	MULTISPECIES: gamma carbonic anhydrase family protein
0.00118644867264	164	class I cytochrome c
0.00118644867264	164	MULTISPECIES: histidinol-phosphatase
0.00117921422951	163	MULTISPECIES: translocation protein TolB
0.00117921422951	163	bacteriocin cleavage/export ABC transporter
0.00117921422951	163	aldose sugar dehydrogenase
0.00117921422951	163	MULTISPECIES: NUDIX domain-containing protein
0.00117921422951	163	dUTPase
0.00117921422951	163	flap endonuclease
0.00117921422951	163	MULTISPECIES: citrate synthase
0.00117921422951	163	MULTISPECIES: acyl
0.00117921422951	163	MULTISPECIES: DNA polymerase III subunit epsilon
0.00117921422951	163	membrane-bound dehydrogenase
0.00117921422951	163	MULTISPECIES: CDP-diacylglycerol--glycerol-3-phosphate 3-phosphatidyltransferase
0.00117921422951	163	catalase peroxidase
0.00117197978639	162	acetaldehyde dehydrogenase
0.00117197978639	162	cyclase/dehydrase
0.00117197978639	162	DUF4177 domain-containing protein
0.00117197978639	162	ferredoxin reductase
0.00117197978639	162	4-hydroxyphenylacetate 3-hydroxylase
0.00117197978639	162	carbon storage regulator
0.00117197978639	162	MULTISPECIES: oligoribonuclease
0.00117197978639	162	nitrate ABC transporter ATPase
0.00117197978639	162	thiol-disulfide isomerase
0.00117197978639	162	MULTISPECIES: thymidylate synthase (FAD)
0.00117197978639	162	malto-oligosyltrehalose synthase
0.00117197978639	162	AGE family epimerase/isomerase
0.00117197978639	162	chemotaxis protein CheV
0.00117197978639	162	MULTISPECIES: sugar transferase
0.00117197978639	162	DUF3703 domain-containing protein
0.00117197978639	162	MiaB/RimO family radical SAM methylthiotransferase
0.00116474534326	161	MULTISPECIES: RNase J family beta-CASP ribonuclease
0.00116474534326	161	MULTISPECIES: tRNA pseudouridine(55) synthase TruB
0.00116474534326	161	MULTISPECIES: phosphatidylserine decarboxylase family protein
0.00116474534326	161	type I citrate synthase
0.00116474534326	161	MULTISPECIES: carbamoyl phosphate synthase small subunit
0.00116474534326	161	OpcA protein
0.00116474534326	161	lipid kinase
0.00116474534326	161	class A beta-lactamase
0.00116474534326	161	MULTISPECIES: cytochrome c5 family protein
0.00116474534326	161	TIGR03790 family protein
0.00116474534326	161	HIT family hydrolase
0.00116474534326	161	MULTISPECIES: 16S rRNA (adenine(1518)-N(6)/adenine(1519)-N(6))-dimethyltransferase
0.00116474534326	161	2'-5' RNA ligase
0.00116474534326	161	MULTISPECIES: alkaline phosphatase
0.00115751090014	160	maltoporin
0.00115751090014	160	excinuclease ABC subunit UvrA
0.00115751090014	160	L-sorbosone dehydrogenase
0.00115751090014	160	MULTISPECIES: triose-phosphate isomerase
0.00115751090014	160	MULTISPECIES: FMN-binding glutamate synthase family protein
0.00115751090014	160	cobalamin biosynthesis protein CobT
0.00115751090014	160	MULTISPECIES: polyamine ABC transporter substrate-binding protein
0.00115751090014	160	MULTISPECIES: phosphomethylpyrimidine synthase ThiC
0.00115751090014	160	putative thymidylate synthase
0.00115751090014	160	MULTISPECIES: fructose-bisphosphate aldolase class II
0.00115751090014	160	methionine sulfoxide reductase
0.00115027645701	159	fibronectin type III
0.00115027645701	159	TonB-dependent receptor plug
0.00115027645701	159	DNA ligase D
0.00115027645701	159	MULTISPECIES: phosphatase PAP2 family protein
0.00115027645701	159	MULTISPECIES: rRNA pseudouridine synthase
0.00115027645701	159	sarcosine oxidase subunit alpha
0.00115027645701	159	microvirus H family protein
0.00115027645701	159	MULTISPECIES: succinyldiaminopimelate transaminase
0.00115027645701	159	glucan biosynthesis protein G
0.00115027645701	159	DUF2312 domain-containing protein
0.00115027645701	159	MULTISPECIES: 50S ribosomal protein L11 methyltransferase
0.00115027645701	159	6-phosphogluconate dehydrogenase (decarboxylating)
0.00115027645701	159	DUF1778 domain-containing protein
0.00115027645701	159	MULTISPECIES: phosphoenolpyruvate carboxykinase (ATP)
0.00114304201388	158	RNA polymerase sigma factor WhiG
0.00114304201388	158	phosphoribosylpyrophosphate synthase
0.00114304201388	158	Ig family protein
0.00114304201388	158	L-fucose isomerase
0.00114304201388	158	AmmeMemoRadiSam system radical SAM enzyme
0.00114304201388	158	allantoate amidohydrolase
0.00114304201388	158	DUF883 domain-containing protein
0.00114304201388	158	type I restriction-modification system endonuclease
0.00114304201388	158	collagenase
0.00114304201388	158	methyltransferase FkbM
0.00113580757076	157	MULTISPECIES: deoxyguanosinetriphosphate triphosphohydrolase
0.00113580757076	157	MULTISPECIES: chemotaxis protein
0.00113580757076	157	MULTISPECIES: DNA repair protein RecN
0.00113580757076	157	MULTISPECIES: anhydro-N-acetylmuramic acid kinase
0.00113580757076	157	MULTISPECIES: glucose-6-phosphate isomerase
0.00113580757076	157	K+/H+ antiporter
0.00113580757076	157	DNA-directed RNA polymerase subunit beta''
0.00113580757076	157	2-oxoacid ferredoxin oxidoreductase subunit beta
0.00113580757076	157	MULTISPECIES: fumarylacetoacetate hydrolase
0.00113580757076	157	MULTISPECIES: L-aspartate oxidase
0.00113580757076	157	cytochrome c oxidase subunit IV
0.00113580757076	157	ribonucleoside-diphosphate reductase subunit beta
0.00113580757076	157	UDP-galactose-4-epimerase
0.00113580757076	157	MULTISPECIES: DUF1080 domain-containing protein
0.00113580757076	157	DUF1794 domain-containing protein
0.00113580757076	157	DivIVA domain-containing protein
0.00112857312763	156	MULTISPECIES: malate synthase G
0.00112857312763	156	precorrin-3B C(17)-methyltransferase
0.00112857312763	156	MULTISPECIES: iron-sulfur cluster assembly accessory protein
0.00112857312763	156	pilus assembly protein PilO
0.00112857312763	156	MULTISPECIES: nitronate monooxygenase
0.00112857312763	156	sugar-binding protein
0.00112857312763	156	MULTISPECIES: enoyl-CoA hydratase/isomerase family protein
0.00112857312763	156	MULTISPECIES: phosphonate ABC transporter ATP-binding protein
0.00112857312763	156	deaminase
0.00112857312763	156	5-hydroxyisourate hydrolase
0.00112857312763	156	MULTISPECIES: bifunctional phosphoribosylaminoimidazolecarboxamide formyltransferase/IMP cyclohydrolase
0.00112857312763	156	MULTISPECIES: DNA helicase II
0.00112857312763	156	colicin V biosynthesis protein
0.00112857312763	156	DUF4466 domain-containing protein
0.00112133868451	155	ATP-dependent protease subunit HslV
0.00112133868451	155	NADH-quinone oxidoreductase subunit J
0.00112133868451	155	DUF3307 domain-containing protein
0.00112133868451	155	DEAD/DEAH box helicase, partial
0.00112133868451	155	Appr-1-p processing protein
0.00112133868451	155	DUF2914 domain-containing protein
0.00112133868451	155	tetrahydrofolate synthase
0.00112133868451	155	cytochrome c'
0.00112133868451	155	sarcosine dehydrogenase
0.00112133868451	155	type VI secretion protein VasK
0.00112133868451	155	MULTISPECIES: SCO family protein
0.00112133868451	155	lipid carrier--UDP-N-acetylgalactosaminyltransferase
0.00112133868451	155	deoxyribonuclease
0.00112133868451	155	malonate decarboxylase subunit alpha
0.00112133868451	155	cytochrome C biogenesis protein CcmH
0.00112133868451	155	MULTISPECIES: D-3-phosphoglycerate dehydrogenase
0.00112133868451	155	crotonyl-CoA reductase
0.00111410424138	154	MULTISPECIES: penicillin-binding protein 1A
0.00111410424138	154	UPF0280 family protein
0.00111410424138	154	MULTISPECIES: sulfate adenylyltransferase small subunit
0.00111410424138	154	MULTISPECIES: methionyl-tRNA formyltransferase
0.00111410424138	154	phosphate-starvation-inducible protein PsiE
0.00111410424138	154	nitrite reductase, copper-containing
0.00111410424138	154	DUF2063 domain-containing protein
0.00111410424138	154	YecA family protein
0.00110686979825	153	MULTISPECIES: F0F1 ATP synthase subunit C
0.00110686979825	153	glycosyl hydrolase family 65
0.00110686979825	153	DUF1311 domain-containing protein
0.00110686979825	153	4-hydroxybenzoyl-CoA reductase
0.00110686979825	153	DUF3772 domain-containing protein
0.00110686979825	153	chondroitin lyase
0.00110686979825	153	ubiquinone biosynthesis protein
0.00110686979825	153	MULTISPECIES: MATE family efflux transporter
0.00109963535513	152	type I restriction endonuclease
0.00109963535513	152	GDP-mannose pyrophosphatase NudK
0.00109963535513	152	MULTISPECIES: RNA helicase
0.00109963535513	152	DUF1349 domain-containing protein
0.00109963535513	152	ABC transporter involved in lysophospholipase L1 biosynthesis permease
0.00109963535513	152	MULTISPECIES: fructose-bisphosphatase class II
0.00109963535513	152	glutathionylspermidine synthase family protein
0.00109963535513	152	MULTISPECIES: tripartite tricarboxylate transporter permease
0.00109963535513	152	acetoin utilization protein
0.00109963535513	152	glutamine ABC transporter ATP-binding protein
0.00109963535513	152	zeta toxin
0.00109963535513	152	MULTISPECIES: DNA helicase RecQ
0.00109963535513	152	malate dehydrogenase (quinone)
0.00109963535513	152	MULTISPECIES: pyridoxine 5'-phosphate synthase
0.00109963535513	152	HEPN domain-containing protein
0.00109963535513	152	MULTISPECIES: UDP-2,3-diacylglucosamine diphosphatase
0.00109963535513	152	flagellar motor protein
0.00109963535513	152	inorganic triphosphatase
0.00109963535513	152	growth inhibitor PemK
0.00109963535513	152	MULTISPECIES: ribonuclease J
0.00109963535513	152	MULTISPECIES: AI-2E family transporter
0.00109963535513	152	NLP/P60 protein
0.001092400912	151	molybdopterin-binding protein
0.001092400912	151	MULTISPECIES: RND transporter
0.001092400912	151	trehalase
0.001092400912	151	fimbrial protein
0.001092400912	151	transcriptional regulator ArgP
0.001092400912	151	MULTISPECIES: alpha-glucan family phosphorylase
0.001092400912	151	MULTISPECIES: 1-(5-phosphoribosyl)-5
0.001092400912	151	MULTISPECIES: ribonuclease PH
0.001092400912	151	MULTISPECIES: gamma-glutamyltransferase family protein
0.001092400912	151	EstA family serine hydrolase
0.001092400912	151	isoprenoid biosynthesis protein ElbB
0.001092400912	151	MULTISPECIES: mononuclear molybdenum enzyme YedY
0.001092400912	151	DUF3301 domain-containing protein
0.001092400912	151	NHL repeat containing protein
0.001092400912	151	carnitine 3-dehydrogenase
0.00108516646888	150	MULTISPECIES: GTP 3',8-cyclase MoaA
0.00108516646888	150	MULTISPECIES: carbonic anhydrase
0.00108516646888	150	aminotransferase class I/II
0.00108516646888	150	death-on-curing protein
0.00108516646888	150	2,3-bisphosphoglycerate-dependent phosphoglycerate mutase
0.00108516646888	150	ubiquinone biosynthesis methyltransferase UbiE
0.00108516646888	150	pyrroloquinoline quinone biosynthesis protein PqqC
0.00108516646888	150	MULTISPECIES: peptidyl-prolyl cis-trans isomerase
0.00108516646888	150	MULTISPECIES: TolC family protein
0.00108516646888	150	PD-(D/E)XK motif protein
0.00108516646888	150	acetate--CoA ligase, partial
0.00108516646888	150	MULTISPECIES: 2-methylcitrate dehydratase
0.00107793202575	149	leukotriene-A(4) hydrolase
0.00107793202575	149	MULTISPECIES: dicarboxylate/amino acid:cation symporter
0.00107793202575	149	two-component system response regulator OmpR
0.00107793202575	149	gluconate 2-dehydrogenase
0.00107793202575	149	transcription factor WhiB
0.00107793202575	149	3-carboxymuconate cyclase
0.00107793202575	149	MULTISPECIES: WhiB family transcriptional regulator
0.00107793202575	149	MULTISPECIES: inorganic phosphate transporter
0.00107793202575	149	MULTISPECIES: phosphoenolpyruvate synthase regulatory protein
0.00107793202575	149	DUF459 domain-containing protein
0.00107793202575	149	MULTISPECIES: gluconate 5-dehydrogenase
0.00107793202575	149	flagellar assembly peptidoglycan hydrolase FlgJ
0.00107793202575	149	RimK family alpha-L-glutamate ligase
0.00107793202575	149	phosphoenolpyruvate synthase, partial
0.00107793202575	149	ATP-dependent DNA helicase RecG, partial
0.00107793202575	149	phage portal protein, partial
0.00107793202575	149	paraquat-inducible protein A
0.00107793202575	149	thioredoxin reductase
0.00107793202575	149	putrescine ABC transporter permease
0.00107069758263	148	chemical-damaging agent resistance protein C
0.00107069758263	148	MULTISPECIES: tRNA-specific adenosine deaminase
0.00107069758263	148	glutathione-regulated potassium-efflux system protein KefC
0.00107069758263	148	abortive infection protein
0.00107069758263	148	MULTISPECIES: ATPase AAA
0.00107069758263	148	mobilization protein
0.00107069758263	148	DUF1905 domain-containing protein
0.00107069758263	148	phospholipid biosynthesis protein
0.00107069758263	148	AtzE family amidohydrolase
0.00107069758263	148	cytochrome d terminal oxidase subunit 1
0.00107069758263	148	nickel-dependent hydrogenase large subunit
0.00107069758263	148	MULTISPECIES: ATP-dependent Clp protease adaptor ClpS
0.0010634631395	147	lectin
0.0010634631395	147	dipeptide ABC transporter ATP-binding protein
0.0010634631395	147	MULTISPECIES: DNA replication and repair protein RecF
0.0010634631395	147	MULTISPECIES: NADH-quinone oxidoreductase subunit C
0.0010634631395	147	DUF4198 domain-containing protein
0.0010634631395	147	head decoration protein
0.0010634631395	147	exodeoxyribonuclease V
0.0010634631395	147	MULTISPECIES: aminoglycoside phosphotransferase
0.0010634631395	147	MULTISPECIES: segregation/condensation protein A
0.0010634631395	147	TIGR00268 family protein
0.0010634631395	147	MULTISPECIES: dihydrolipoyllysine-residue succinyltransferase
0.0010634631395	147	Inward rectifier potassium channel Irk
0.0010634631395	147	nitrogen regulatory protein P-II
0.0010634631395	147	acid--CoA ligase
0.00105622869637	146	MULTISPECIES: F0F1 ATP synthase subunit A
0.00105622869637	146	MULTISPECIES: dihydroneopterin aldolase
0.00105622869637	146	siderophore-interacting protein
0.00105622869637	146	BMC domain-containing protein
0.00105622869637	146	pesticidal protein Cry5Ba
0.00105622869637	146	polyphenol oxidase
0.00105622869637	146	MULTISPECIES: 2-oxoacid:acceptor oxidoreductase subunit alpha
0.00105622869637	146	MULTISPECIES: N-acetyl-gamma-glutamyl-phosphate reductase
0.00105622869637	146	MULTISPECIES: cystathionine beta-lyase
0.00105622869637	146	Ni/Fe hydrogenase subunit alpha
0.00105622869637	146	DUF669 domain-containing protein
0.00105622869637	146	threonine-phosphate decarboxylase
0.00105622869637	146	class I and II aminotransferase
0.00105622869637	146	C-terminal binding protein
0.00104899425325	145	cytochrome c oxidase, cbb3-type subunit II
0.00104899425325	145	arylsulfatase A family protein
0.00104899425325	145	MULTISPECIES: glycine cleavage system protein T
0.00104899425325	145	LPS glycosyltransferase
0.00104899425325	145	methylthioribulose 1-phosphate dehydratase
0.00104899425325	145	phosphoribosylformylglycinamidine synthase subunit PurL
0.00104899425325	145	DUF448 domain-containing protein
0.00104899425325	145	DUF4389 domain-containing protein
0.00104899425325	145	MULTISPECIES: GuaB1 family IMP dehydrogenase-related protein
0.00104899425325	145	hemagglutinin/hemolysin-like protein
0.00104899425325	145	TPR repeat-containing protein
0.00104899425325	145	DUF4494 domain-containing protein
0.00104899425325	145	MULTISPECIES: threonylcarbamoyl-AMP synthase
0.00104175981012	144	4'-phosphopantetheinyl transferase
0.00104175981012	144	putative baseplate assembly protein
0.00104175981012	144	MULTISPECIES: MarC family protein
0.00104175981012	144	myo-inosose-2 dehydratase
0.00104175981012	144	MULTISPECIES: nitrate reductase
0.00104175981012	144	addiction module antitoxin
0.00104175981012	144	acyl-CoA ligase (AMP-forming), exosortase A system-associated
0.00104175981012	144	voltage-dependent potassium channel subunit beta
0.00104175981012	144	MULTISPECIES: superoxide dismutase, Ni
0.00104175981012	144	orotidine 5'-phosphate decarboxylase
0.00104175981012	144	molecular chaperone DjlA
0.00104175981012	144	adenylate/guanylate cyclase domain-containing response regulator
0.00104175981012	144	BatC protein
0.00104175981012	144	ATP phosphoribosyltransferase catalytic subunit HisG
0.00104175981012	144	DUF2782 domain-containing protein
0.00104175981012	144	4-aminobutyrate aminotransferase
0.00104175981012	144	NAD-dependent protein deacylase
0.00104175981012	144	recombinase RecT
0.00104175981012	144	putative oxygen-independent coproporphyrinogen III oxidase
0.00104175981012	144	MULTISPECIES: CCA tRNA nucleotidyltransferase
0.001034525367	143	4-amino-4-deoxy-L-arabinose transferase
0.001034525367	143	DNA resolvase
0.001034525367	143	stress responsive alpha-beta barrel domain-containing protein
0.001034525367	143	MULTISPECIES: rubredoxin
0.001034525367	143	MULTISPECIES: twin-arginine translocase subunit TatC
0.001034525367	143	DUF3145 domain-containing protein
0.001034525367	143	2-acyl-glycerophospho-ethanolamine acyltransferase
0.001034525367	143	reductase
0.001034525367	143	MULTISPECIES: 23S rRNA (uracil(1939)-C(5))-methyltransferase
0.001034525367	143	MULTISPECIES: DNA methyltransferase
0.001034525367	143	MULTISPECIES: membrane protein insertion efficiency factor YidD
0.001034525367	143	MULTISPECIES: tetratricopeptide repeat protein
0.001034525367	143	MULTISPECIES: dTDP-4-dehydrorhamnose 3,5-epimerase
0.001034525367	143	MULTISPECIES: phosphotransferase family protein
0.001034525367	143	MacB family efflux pump subunit
0.001034525367	143	MULTISPECIES: nucleoid-associated protein
0.001034525367	143	NarK family nitrate/nitrite MFS transporter
0.001034525367	143	NgoFVII family restriction endonuclease
0.001034525367	143	phospho-2-dehydro-3-deoxyheptonate aldolase
0.001034525367	143	dUTP diphosphatase
0.001034525367	143	MULTISPECIES: alpha-E domain-containing protein
0.001034525367	143	peptidoglycan bridge formation protein FemAB
0.001034525367	143	thiol reductant ABC exporter subunit CydC
0.00102729092387	142	curli production assembly protein CsgG
0.00102729092387	142	phenol hydroxylase
0.00102729092387	142	putative enoyl-CoA hydratase
0.00102729092387	142	MORN variant repeat-containing protein
0.00102729092387	142	ornithine acetyltransferase
0.00102729092387	142	pilus assembly protein PilP
0.00102729092387	142	DUF1788 domain-containing protein
0.00102729092387	142	NADH:ubiquinone reductase (Na(+)-transporting) subunit F
0.00102729092387	142	MULTISPECIES: starch synthase
0.00102729092387	142	glycosyl hydrolase family 2
0.00102729092387	142	MULTISPECIES: aminodeoxychorismate lyase
0.00102729092387	142	poly-beta-hydroxybutyrate polymerase-like protein
0.00102729092387	142	biopolymer transporter TonB
0.00102729092387	142	Pregnancy-associated plasma protein-A
0.00102729092387	142	hopanoid biosynthesis associated radical SAM protein HpnH
0.00102729092387	142	MarR family EPS-associated transcriptional regulator
0.00102729092387	142	glycine/betaine ABC transporter
0.00102729092387	142	MULTISPECIES: 4Fe-4S ferredoxin
0.00102729092387	142	MULTISPECIES: ribonucleoside-triphosphate reductase
0.00102729092387	142	MULTISPECIES: sodium:proton antiporter
0.00102729092387	142	DegV family protein
0.00102729092387	142	MULTISPECIES: glycine--tRNA ligase subunit alpha
0.00102005648074	141	zinc/iron permease
0.00102005648074	141	MULTISPECIES: adenylyl-sulfate kinase
0.00102005648074	141	penicillin-binding protein activator LpoB
0.00102005648074	141	MULTISPECIES: 5-oxoprolinase
0.00102005648074	141	DUF4373 domain-containing protein
0.00102005648074	141	putative protease HtpX
0.00102005648074	141	phosphomethylpyrimidine synthase
0.00102005648074	141	ATP-binding protein, partial
0.00102005648074	141	hydantoinase B
0.00102005648074	141	MULTISPECIES: molybdate ABC transporter permease subunit
0.00102005648074	141	lipoprotein-releasing system transmembrane subunit, LolC/LolE family
0.00102005648074	141	DUF4920 domain-containing protein
0.00102005648074	141	TonB family protein
0.00102005648074	141	NADH dehydrogenase subunit L
0.00102005648074	141	MULTISPECIES: 16S rRNA (guanine(527)-N(7))-methyltransferase RsmG
0.00102005648074	141	DUF4406 domain-containing protein
0.00102005648074	141	pyridoxal-dependent decarboxylase
0.00102005648074	141	MULTISPECIES: dihydrofolate reductase
0.00102005648074	141	MULTISPECIES: arginyltransferase
0.00102005648074	141	MULTISPECIES: dienelactone hydrolase family protein
0.00101282203762	140	MULTISPECIES: inositol monophosphatase
0.00101282203762	140	histidine kinase, partial
0.00101282203762	140	TIGR03084 family protein
0.00101282203762	140	trypsin
0.00101282203762	140	crossover junction endodeoxyribonuclease
0.00101282203762	140	MULTISPECIES: glycogen-branching enzyme
0.00101282203762	140	endonuclease IV
0.00101282203762	140	MULTISPECIES: nicotinate phosphoribosyltransferase
0.00101282203762	140	choline monooxygenase
0.00101282203762	140	PTS IIA-like nitrogen-regulatory protein PtsN
0.00101282203762	140	thiamine biosynthesis protein
0.00101282203762	140	MULTISPECIES: crossover junction endodeoxyribonuclease RuvC
0.00101282203762	140	metal transporter
0.00101282203762	140	MULTISPECIES: ABC transporter ATP-binding protein/permease
0.00101282203762	140	MULTISPECIES: guanosine monophosphate reductase
0.00101282203762	140	MULTISPECIES: threonine ammonia-lyase
0.00101282203762	140	glutaredoxin-like protein
0.00101282203762	140	RNA polymerase sigma factor RpoS
0.00101282203762	140	anaerobic ribonucleoside triphosphate reductase
0.00101282203762	140	formylmethanofuran--tetrahydromethanopterin N-formyltransferase
0.00101282203762	140	MULTISPECIES: carbohydrate kinase
0.00100558759449	139	cytochrome
0.00100558759449	139	4Fe-4S ferredoxin iron-sulfur-binding domain-containing protein
0.00100558759449	139	MULTISPECIES: uracil phosphoribosyltransferase
0.00100558759449	139	cobalamin biosynthesis protein CbiM
0.00100558759449	139	GWxTD domain-containing protein
0.00100558759449	139	glutathione-dependent formaldehyde dehydrogenase
0.00100558759449	139	transmembrane cytochrome oxidase
0.00100558759449	139	tyrosine recombinase XerD
0.00100558759449	139	RagB/SusD family protein
0.00100558759449	139	sugar ABC transporter ATPase
0.00100558759449	139	acyl-ACP thioesterase
0.00100558759449	139	phosphatidylinositol synthase
0.00100558759449	139	indole acetimide hydrolase
0.00100558759449	139	histidinol phosphatase
0.00100558759449	139	cytochrome c biogenesis protein CcdA
0.00100558759449	139	HrcA family transcriptional regulator
0.00100558759449	139	ammonia channel protein, partial
0.00100558759449	139	MULTISPECIES: protein translocase subunit SecF
0.00100558759449	139	TctC
0.000998353151367	138	MULTISPECIES: N-acetylglutamate synthase
0.000998353151367	138	phage related protein
0.000998353151367	138	MULTISPECIES: protease modulator HflC
0.000998353151367	138	MAPEG family protein
0.000998353151367	138	virulence-associated E family protein
0.000998353151367	138	metal ABC transporter ATP-binding protein
0.000998353151367	138	putrescine/spermidine ABC transporter substrate-binding protein
0.000998353151367	138	MULTISPECIES: lipid A export permease/ATP-binding protein MsbA
0.000998353151367	138	acyl-CoA thioesterase I-like protein
0.000998353151367	138	MULTISPECIES: GH3 auxin-responsive promoter
0.000998353151367	138	MULTISPECIES: branched chain amino acid ABC transporter substrate-binding protein
0.000998353151367	138	DUF2384 domain-containing protein
0.000998353151367	138	MULTISPECIES: rRNA maturation RNase YbeY
0.000998353151367	138	ANTAR domain-containing protein
0.000998353151367	138	hemoglobin-like protein
0.000998353151367	138	MULTISPECIES: dioxygenase
0.000998353151367	138	RNA polymerase sigma factor FliA
0.000998353151367	138	DUF11 domain-containing protein, partial
0.000998353151367	138	sodium/proline symporter
0.000998353151367	138	idonate transporter
0.000998353151367	138	phage minor tail protein L
0.000998353151367	138	propionyl-CoA carboxylase
0.000991118708241	137	MULTISPECIES: GDP-fucose synthetase
0.000991118708241	137	MULTISPECIES: NAD synthetase
0.000991118708241	137	DUF1810 domain-containing protein
0.000991118708241	137	extradiol ring-cleavage dioxygenase
0.000991118708241	137	DUF4173 domain-containing protein
0.000991118708241	137	cobalamin biosynthesis protein
0.000991118708241	137	carbon monoxide dehydrogenase medium subunit
0.000991118708241	137	lipid A biosynthesis lauroyl acyltransferase
0.000991118708241	137	MerR family DNA-binding transcriptional regulator
0.000991118708241	137	virulence factor SrfB
0.000991118708241	137	spermidine/putrescine ABC transporter substrate-binding protein PotF
0.000991118708241	137	MULTISPECIES: 16S rRNA (uracil(1498)-N(3))-methyltransferase
0.000991118708241	137	MULTISPECIES: asparagine--tRNA ligase
0.000991118708241	137	TIGR02217 family protein
0.000991118708241	137	MULTISPECIES: nucleoid-associated protein, YbaB/EbfC family
0.000991118708241	137	NarL family transcriptional regulator
0.000991118708241	137	MULTISPECIES: RIP metalloprotease RseP
0.000991118708241	137	cell division protein Fic
0.000991118708241	137	MULTISPECIES: 5-(carboxyamino)imidazole ribonucleotide mutase
0.000991118708241	137	MULTISPECIES: glutathione S-transferase family protein
0.000983884265115	136	MULTISPECIES: anthranilate phosphoribosyltransferase
0.000983884265115	136	monovalent cation/H+ antiporter subunit D
0.000983884265115	136	ATP synthase F0F1 subunit C
0.000983884265115	136	MULTISPECIES: N-acetyl sugar amidotransferase
0.000983884265115	136	choline ABC transporter substrate-binding protein
0.000983884265115	136	non-ribosomal peptide synthase/polyketide synthase
0.000983884265115	136	MULTISPECIES: RNA-binding protein
0.000983884265115	136	general secretion pathway protein
0.000983884265115	136	flagellar biosynthetic protein FliO
0.000983884265115	136	tRNA (adenine-N1)-methyltransferase
0.000983884265115	136	3-oxoacyl-ACP synthase II
0.000983884265115	136	class E sortase
0.000983884265115	136	MULTISPECIES: YihA family ribosome biogenesis GTP-binding protein
0.000983884265115	136	MULTISPECIES: succinate dehydrogenase
0.000983884265115	136	electron transport complex subunit RsxD
0.000983884265115	136	ubiquinone biosynthesis hydroxylase UbiH
0.000983884265115	136	MULTISPECIES: branched chain amino acid aminotransferase
0.000983884265115	136	nitrogen fixation protein FixH
0.000983884265115	136	MULTISPECIES: thiamine-phosphate kinase
0.000983884265115	136	nitric-oxide reductase large subunit
0.000976649821989	135	MULTISPECIES: cytochrome-c oxidase, cbb3-type subunit I
0.000976649821989	135	type II toxin-antitoxin system antitoxin, RelB/DinJ family
0.000976649821989	135	MULTISPECIES: cytochrome c oxidase accessory protein CcoG
0.000976649821989	135	inositol oxygenase
0.000976649821989	135	cytochrome b5
0.000976649821989	135	FAD-monooxygenase
0.000976649821989	135	MULTISPECIES: tRNA 2-thiocytidine(32) synthetase TtcA
0.000976649821989	135	acetoin utilization protein acuB
0.000976649821989	135	MULTISPECIES: NAD(P) transhydrogenase subunit alpha
0.000976649821989	135	proteasome subunit alpha
0.000976649821989	135	alpha amylase catalytic region
0.000976649821989	135	MULTISPECIES: glucose-1-phosphate adenylyltransferase
0.000976649821989	135	flagellar basal body rod protein FlgF
0.000976649821989	135	DNA sulfur modification protein DndB
0.000976649821989	135	capsule biosynthesis protein CapA
0.000976649821989	135	2-keto-gluconate dehydrogenase
0.000976649821989	135	galactosyldiacylglycerol synthase
0.000976649821989	135	2,3-diketo-5-methylthio-1-phosphopentane phosphatase
0.000969415378863	134	MULTISPECIES: gluconolactonase
0.000969415378863	134	semialdehyde dehydrogenase
0.000969415378863	134	xylan 1,4-beta-xylosidase
0.000969415378863	134	type IV secretion system protein VirD4
0.000969415378863	134	MULTISPECIES: lactate dehydrogenase
0.000969415378863	134	DUF4332 domain-containing protein
0.000969415378863	134	cytochrome BD ubiquinol oxidase subunit II
0.000969415378863	134	MULTISPECIES: rRNA methyltransferase
0.000969415378863	134	MULTISPECIES: LPS-assembly protein LptD
0.000969415378863	134	lipid A hydroxylase LpxO
0.000969415378863	134	2',3'-cyclic-nucleotide 2'-phosphodiesterase
0.000969415378863	134	DNA-binding protein HU
0.000969415378863	134	RNA helicase, partial
0.000969415378863	134	MULTISPECIES: DUF59 domain-containing protein
0.000969415378863	134	formyl transferase
0.000969415378863	134	MULTISPECIES: bifunctional N-acetylglucosamine-1-phosphate uridyltransferase/glucosamine-1-phosphate acetyltransferase
0.000969415378863	134	MULTISPECIES: molybdate ABC transporter substrate-binding protein
0.000969415378863	134	MULTISPECIES: adenosine deaminase
0.000969415378863	134	3-oxoacid CoA-transferase
0.000969415378863	134	putative fatty-acid--CoA ligase
0.000969415378863	134	holo
0.000969415378863	134	HEAT repeat domain-containing protein
0.000969415378863	134	demethylmenaquinone methyltransferase
0.000969415378863	134	beta-hydroxydecanoyl-ACP dehydratase
0.000969415378863	134	Uroporphyrin-III C/tetrapyrrole (Corrin/Porphyrin) methyltransferase
0.000969415378863	134	MULTISPECIES: lysophospholipid transporter LplT
0.000969415378863	134	effector protein
0.000969415378863	134	energy-coupling factor transporter transmembrane protein EcfT
0.000969415378863	134	UDP-N-acetyl glucosamine 2-epimerase
0.000962180935738	133	TIGR01666 family membrane protein
0.000962180935738	133	2-dehydro-3-deoxy-phosphogluconate aldolase
0.000962180935738	133	iron-dependent repressor IdeR
0.000962180935738	133	MULTISPECIES: cytochrome c4
0.000962180935738	133	MULTISPECIES: TerL
0.000962180935738	133	MULTISPECIES: SIS domain-containing protein
0.000962180935738	133	autoinducer 2 ABC transporter substrate-binding protein
0.000962180935738	133	CDP-glycerol glycerophosphotransferase family protein
0.000962180935738	133	D-mannonate dehydratase
0.000962180935738	133	MULTISPECIES: aspartate 1-decarboxylase
0.000962180935738	133	Enamidase
0.000962180935738	133	para-aminobenzoate synthase
0.000962180935738	133	oar protein
0.000962180935738	133	succinyl-CoA ligase subunit beta
0.000962180935738	133	cyclic pyranopterin phosphate synthase MoaA
0.000962180935738	133	valine--tRNA ligase, partial
0.000962180935738	133	MULTISPECIES: ribonuclease Y
0.000962180935738	133	polysulfide reductase NrfD superfamily
0.000962180935738	133	MULTISPECIES: ATP synthase subunit C
0.000962180935738	133	MULTISPECIES: fumarate reductase
0.000954946492612	132	MULTISPECIES: dihydrodipicolinate synthase family protein
0.000954946492612	132	MULTISPECIES: DNA polymerase III subunit delta'
0.000954946492612	132	MULTISPECIES: beta-glucosidase
0.000954946492612	132	DUF2183 domain-containing protein
0.000954946492612	132	MULTISPECIES: DUF47 domain-containing protein
0.000954946492612	132	pilus assembly protein PilZ
0.000954946492612	132	nitric oxide synthase
0.000954946492612	132	sugar tyrosine-protein kinase
0.000954946492612	132	alpha-ketoglutarate-dependent taurine dioxygenase
0.000954946492612	132	WD-40 repeat-containing protein
0.000954946492612	132	acyl-CoA carboxylase alpha chain
0.000954946492612	132	soul heme-binding protein
0.000954946492612	132	cbb3-type cytochrome c oxidase subunit II
0.000954946492612	132	molybdopterin converting factor
0.000954946492612	132	MULTISPECIES: MBL fold hydrolase
0.000954946492612	132	NAD synthetase, partial
0.000954946492612	132	molybdopterin synthase sulfurylase MoeB
0.000954946492612	132	TspO protein
0.000954946492612	132	MULTISPECIES: phosphate ABC transporter, permease protein PstA
0.000954946492612	132	competence protein ComEA
0.000954946492612	132	MULTISPECIES: succinyl-diaminopimelate desuccinylase
0.000954946492612	132	conjugative relaxase
0.000954946492612	132	abortive phage infection protein
0.000954946492612	132	DUF2167 domain-containing protein
0.000947712049486	131	MULTISPECIES: M23 family peptidase
0.000947712049486	131	menaquinone biosynthesis decarboxylase
0.000947712049486	131	polyprenyl glycosylphosphotransferase
0.000947712049486	131	MULTISPECIES: magnesium chelatase
0.000947712049486	131	malto-oligosyltrehalose trehalohydrolase
0.000947712049486	131	IS3 family transposase ISNmu3
0.000947712049486	131	glyceraldehyde-3-phosphate dehydrogenase
0.000947712049486	131	catechol 2,3-dioxygenase
0.000947712049486	131	anaerobic ribonucleoside-triphosphate reductase activating protein
0.000947712049486	131	MULTISPECIES: peptide-methionine (R)-S-oxide reductase
0.000947712049486	131	CusA/CzcA family heavy metal efflux RND transporter, partial
0.000947712049486	131	dihydrodipicolinate reductase
0.000947712049486	131	chromosome segregation protein SMC, partial
0.000947712049486	131	MULTISPECIES: di-trans,poly-cis-decaprenylcistransferase
0.000947712049486	131	MULTISPECIES: monothiol glutaredoxin, Grx4 family
0.000947712049486	131	precorrin-4 C(11)-methyltransferase
0.000947712049486	131	KH domain-containing protein
0.000947712049486	131	2-dehydro-3-deoxyphosphooctonate aldolase
0.000947712049486	131	branched-chain amino acid permease
0.000947712049486	131	photosystem I assembly protein Ycf3
0.000947712049486	131	dipeptidyl-peptidase 7
0.000947712049486	131	DUF938 domain-containing protein
0.000947712049486	131	MULTISPECIES: glutamyl-tRNA reductase
0.000947712049486	131	MULTISPECIES: nuclear transport factor 2 family protein
0.000947712049486	131	MULTISPECIES: D-alanyl-D-alanine carboxypeptidase
0.000947712049486	131	CsbD family protein
0.000947712049486	131	bifunctional cobalt-precorrin-7 (C(5))-methyltransferase/cobalt-precorrin-6B (C(15))-methyltransferase
0.000947712049486	131	MULTISPECIES: alpha-amylase
0.000947712049486	131	putative O-glycosylation ligase, exosortase A system-associated
0.00094047760636	130	Cd(II)/Pb(II)-responsive transcriptional regulator
0.00094047760636	130	pyridoxal-5'-phosphate-dependent protein
0.00094047760636	130	MULTISPECIES: S-adenosylmethionine:tRNA ribosyltransferase-isomerase
0.00094047760636	130	MULTISPECIES: phosphatidylserine decarboxylase
0.00094047760636	130	DUF4124 domain-containing protein
0.00094047760636	130	MULTISPECIES: cation acetate symporter
0.00094047760636	130	DUF2127 domain-containing protein
0.00094047760636	130	manganese ABC transporter ATP-binding protein
0.00094047760636	130	MULTISPECIES: Zn-dependent hydrolase
0.00094047760636	130	bifunctional ADP-dependent (S)-NAD(P)H-hydrate dehydratase/NAD(P)H-hydrate epimerase
0.00094047760636	130	YvcK family protein
0.00094047760636	130	glycosyl hydrolase family 3
0.00094047760636	130	MULTISPECIES: CoA ester lyase
0.00094047760636	130	DNA helicase Rep
0.00094047760636	130	MULTISPECIES: bifunctional 5,10-methylene-tetrahydrofolate dehydrogenase/5,10-methylene-tetrahydrofolate cyclohydrolase
0.00094047760636	130	transcriptional regulator, partial
0.00094047760636	130	MULTISPECIES: GTP cyclohydrolase I FolE
0.00094047760636	130	MULTISPECIES: ATP-dependent DNA helicase Rep
0.000933243163234	129	peptidase P60
0.000933243163234	129	tyrosine type site-specific recombinase
0.000933243163234	129	Glycosyl hydrolase family 20, catalytic domain
0.000933243163234	129	MULTISPECIES: aminoacetone oxidase family FAD-binding enzyme
0.000933243163234	129	RNA-binding protein Hfq
0.000933243163234	129	addiction module antitoxin RelB
0.000933243163234	129	hydrogenase accessory protein HypB
0.000933243163234	129	nucleoside recognition protein
0.000933243163234	129	MULTISPECIES: DUF58 domain-containing protein
0.000933243163234	129	MULTISPECIES: phosphate acyltransferase
0.000933243163234	129	MULTISPECIES: radical SAM protein
0.000933243163234	129	dihydroxy-acid dehydratase, partial
0.000933243163234	129	D-arabinitol 4-dehydrogenase
0.000933243163234	129	MULTISPECIES: ammonia channel protein
0.000933243163234	129	MULTISPECIES: alpha-ketoacid dehydrogenase subunit beta
0.000933243163234	129	auxin-regulated protein
0.000933243163234	129	photosystem reaction center subunit H
0.000933243163234	129	MULTISPECIES: holo-ACP synthase
0.000933243163234	129	glycosyl hydrolase family 31
0.000926008720108	128	Hsp33 family molecular chaperone
0.000926008720108	128	organic solvent ABC transporter ATP-binding protein
0.000926008720108	128	MULTISPECIES: ferrochelatase
0.000926008720108	128	MULTISPECIES: KpsF/GutQ family sugar-phosphate isomerase
0.000926008720108	128	sporulation domain-containing protein
0.000926008720108	128	NADP-dependent 3-hydroxy acid dehydrogenase
0.000926008720108	128	ribonucleoside-diphosphate reductase adenosylcobalamin-dependent
0.000926008720108	128	IS30 family transposase, partial
0.000926008720108	128	FRG domain-containing protein
0.000926008720108	128	MULTISPECIES: ribose 5-phosphate isomerase A
0.000926008720108	128	phasin family protein
0.000926008720108	128	ribosome biogenesis GTPase Der, partial
0.000926008720108	128	MULTISPECIES: murein biosynthesis integral membrane protein MurJ
0.000926008720108	128	DNA/RNA helicase
0.000926008720108	128	MULTISPECIES: iron ABC transporter permease
0.000926008720108	128	MULTISPECIES: phosphoheptose isomerase
0.000926008720108	128	NADH dehydrogenase subunit J
0.000926008720108	128	hydroxyneurosporene synthase
0.000926008720108	128	MULTISPECIES: cytidylate kinase
0.000926008720108	128	MULTISPECIES: septum site-determining protein MinD
0.000926008720108	128	branched-chain-amino-acid transaminase
0.000926008720108	128	glycerol-3-phosphate 1-O-acyltransferase
0.000926008720108	128	sulfate:proton symporter
0.000926008720108	128	1,6-dihydroxycyclohexa-2,4-diene-1-carboxylate dehydrogenase
0.000918774276983	127	MULTISPECIES: F0F1 ATP synthase subunit delta
0.000918774276983	127	nucleoside-triphosphate diphosphatase
0.000918774276983	127	MULTISPECIES: MmgE/PrpD family protein
0.000918774276983	127	aquaporin Z
0.000918774276983	127	MULTISPECIES: sodium transporter
0.000918774276983	127	type I deoxyribonuclease HsdR
0.000918774276983	127	MULTISPECIES: LysE family translocator
0.000918774276983	127	sugar acetyltransferase
0.000918774276983	127	P-type DNA transfer ATPase VirB11
0.000918774276983	127	glycosyhydrolase
0.000918774276983	127	purine or other phosphorylase 1
0.000918774276983	127	cytochrome oxidase assembly
0.000918774276983	127	TVP38/TMEM64 family protein
0.000918774276983	127	DUF3489 domain-containing protein
0.000918774276983	127	cobalamin adenosyltransferase
0.000918774276983	127	hydrogenase expression protein HupH
0.000918774276983	127	MULTISPECIES: sodium-independent anion transporter
0.000918774276983	127	exo-poly-alpha-D-galacturonosidase
0.000918774276983	127	phosphohistidine phosphatase SixA
0.000918774276983	127	photosystem I assembly protein Ycf4
0.000918774276983	127	glutamyl-Q tRNA(Asp) synthetase
0.000918774276983	127	translation elongation factor EF-1 subunit alpha
0.000918774276983	127	flagellar basal-body rod protein FlgF
0.000918774276983	127	MULTISPECIES: glucose-1-phosphate cytidylyltransferase
0.000918774276983	127	branched-chain amino acid transporter AzlD
0.000918774276983	127	D-xylose ABC transporter substrate-binding protein
0.000918774276983	127	MULTISPECIES: peptide ABC transporter permease
0.000918774276983	127	N-methylhydantoinase
0.000918774276983	127	KTSC domain-containing protein
0.000918774276983	127	succinylglutamate-semialdehyde dehydrogenase
0.000918774276983	127	MULTISPECIES: DNA-directed RNA polymerase subunit omega
0.000918774276983	127	propionate catabolism operon regulatory protein PrpR
0.000918774276983	127	NERD nuclease
0.000911539833857	126	MULTISPECIES: phosphoglycolate phosphatase
0.000911539833857	126	RNase H superfamily protein
0.000911539833857	126	MULTISPECIES: polyphosphate kinase 2
0.000911539833857	126	methionine sulfoxide reductase B
0.000911539833857	126	lipoyl(octanoyl) transferase
0.000911539833857	126	exopolysaccharide biosynthesis protein
0.000911539833857	126	MULTISPECIES: NAD-dependent epimerase
0.000911539833857	126	MULTISPECIES: formyltetrahydrofolate deformylase
0.000911539833857	126	tRNA pseudouridine(13) synthase TruD
0.000911539833857	126	exopolygalacturonase
0.000911539833857	126	MULTISPECIES: OmpA family protein
0.000911539833857	126	GTP diphosphokinase
0.000911539833857	126	mannosyl-glycoprotein endo-beta-N-acetylglucosamidase
0.000911539833857	126	methylenetetrahydrofolate--tRNA-(uracil(54)-C(5))-methyltransferase (FADH(2)-oxidizing) TrmFO
0.000911539833857	126	P22 coat - protein 5 family protein
0.000911539833857	126	putative sugar O-methyltransferase
0.000911539833857	126	cellulose synthase catalytic subunit (UDP-forming)
0.000911539833857	126	MULTISPECIES: protein-export chaperone SecB
0.000911539833857	126	translation repressor protein, partial
0.000911539833857	126	mechanosensitive ion channel protein MscL
0.000911539833857	126	DUF2891 domain-containing protein
0.000911539833857	126	MULTISPECIES: c-type cytochrome biogenesis protein CcsB
0.000904305390731	125	MULTISPECIES: aconitate hydratase B
0.000904305390731	125	cytochrome b6-f complex subunit IV
0.000904305390731	125	minor spike H domain protein
0.000904305390731	125	MULTISPECIES: aminodeoxychorismate/anthranilate synthase component II
0.000904305390731	125	glucose 1-dehydrogenase
0.000904305390731	125	MULTISPECIES: 2-amino-4-hydroxy-6-hydroxymethyldihydropteridine diphosphokinase
0.000904305390731	125	cytochrome c heme lyase subunit CcmF
0.000904305390731	125	MULTISPECIES: hydrophobe/amphiphile efflux-1 family RND transporter
0.000904305390731	125	peptidase M4
0.000904305390731	125	MULTISPECIES: GuaB3 family IMP dehydrogenase-related protein
0.000904305390731	125	SusC/RagA family protein
0.000904305390731	125	DUF2336 domain-containing protein
0.000904305390731	125	DUF2157 domain-containing protein
0.000904305390731	125	MULTISPECIES: 3-hydroxybutyrate dehydrogenase
0.000904305390731	125	MULTISPECIES: cyclophilin
0.000904305390731	125	MULTISPECIES: ribonuclease D
0.000904305390731	125	ABC-2 type transporter
0.000904305390731	125	phosphoadenosine phosphosulfate sulfurtransferase
0.000897070947605	124	MULTISPECIES: selenide, water dikinase SelD
0.000897070947605	124	redox protein, regulator of disulfide bond formation
0.000897070947605	124	type VI secretion system ImpG/VasA family protein
0.000897070947605	124	DUF4041 domain-containing protein
0.000897070947605	124	DUF4351 domain-containing protein
0.000897070947605	124	MULTISPECIES: peptide-methionine (S)-S-oxide reductase
0.000897070947605	124	L-glutamine--2-deoxy-scyllo-inosose aminotransferase KanB
0.000897070947605	124	ATP-dependent exonuclease
0.000897070947605	124	MULTISPECIES: urease subunit alpha
0.000897070947605	124	MULTISPECIES: isovaleryl-CoA dehydrogenase
0.000897070947605	124	flavoprotein
0.000897070947605	124	MULTISPECIES: ferrous iron transporter B
0.000897070947605	124	DNA-binding response regulator, partial
0.000897070947605	124	molybdopterin-guanine dinucleotide biosynthesis protein MobA
0.000897070947605	124	pilus assembly protein TadD
0.000897070947605	124	DUF3394 domain-containing protein
0.000897070947605	124	MULTISPECIES: polyhydroxyalkanoate depolymerase
0.000897070947605	124	MULTISPECIES: 3-phosphoshikimate 1-carboxyvinyltransferase
0.000897070947605	124	DNA alkylation response protein
0.000897070947605	124	MULTISPECIES: HAD family phosphatase
0.000889836504479	123	MULTISPECIES: aquaporin family protein
0.000889836504479	123	Secretion activator protein
0.000889836504479	123	2-nonaprenyl-3-methyl-6-methoxy-1,4-benzoquinol hydroxylase
0.000889836504479	123	MULTISPECIES: type I secretion system permease/ATPase
0.000889836504479	123	beta-aspartyl-peptidase
0.000889836504479	123	MULTISPECIES: peptidase M20
0.000889836504479	123	MULTISPECIES: nitroreductase
0.000889836504479	123	GcrA cell cycle regulator
0.000889836504479	123	DUF1285 domain-containing protein
0.000889836504479	123	MULTISPECIES: transglutaminase family protein
0.000889836504479	123	DUF302 domain-containing protein
0.000889836504479	123	undecaprenyl-diphosphate phosphatase
0.000889836504479	123	MULTISPECIES: glycosyl transferase family 1
0.000889836504479	123	IS110 family transposase, partial
0.000889836504479	123	nucleoside transporter NupC
0.000889836504479	123	plasmid maintenance system killer protein
0.000889836504479	123	acyl-CoA transferase
0.000889836504479	123	valine--pyruvate transaminase
0.000889836504479	123	MULTISPECIES: peroxidase
0.000889836504479	123	DUF2334 domain-containing protein
0.000882602061353	122	MULTISPECIES: AsnC family transcriptional regulator
0.000882602061353	122	5,6-dimethylbenzimidazole synthase
0.000882602061353	122	periplasmic nitrate reductase subunit alpha
0.000882602061353	122	group 1 truncated hemoglobin
0.000882602061353	122	glutamyl aminopeptidase
0.000882602061353	122	sulfonate ABC transporter permease
0.000882602061353	122	Mn transporter
0.000882602061353	122	MULTISPECIES: ribonucleoside-diphosphate reductase, adenosylcobalamin-dependent
0.000882602061353	122	MULTISPECIES: ribonuclease HI
0.000882602061353	122	type 2 lantipeptide synthetase LanM
0.000882602061353	122	endopolygalacturonase
0.000882602061353	122	MULTISPECIES: type II/IV secretion system protein
0.000882602061353	122	Fe-S cluster assembly protein HesB
0.000882602061353	122	geranylgeranyl reductase
0.000882602061353	122	coenzyme F390 synthetase
0.000882602061353	122	glycoside hydrolase family 29
0.000882602061353	122	quinoprotein dehydrogenase-associated SoxYZ-like carrier
0.000882602061353	122	phosphoribosylformylglycinamidine synthase, partial
0.000875367618227	121	peptidase S13
0.000875367618227	121	MULTISPECIES: pseudouridine-5'-phosphate glycosidase
0.000875367618227	121	alpha-N-acetylglucosaminidase
0.000875367618227	121	MULTISPECIES: hydroxymethylglutaryl-CoA lyase
0.000875367618227	121	MULTISPECIES: F0F1 ATP synthase subunit B
0.000875367618227	121	acyl-protein synthetase
0.000875367618227	121	methenyltetrahydromethanopterin cyclohydrolase
0.000875367618227	121	MULTISPECIES: glyoxalase
0.000875367618227	121	external scaffolding protein D, partial
0.000875367618227	121	MULTISPECIES: thymidine kinase
0.000875367618227	121	ATP/GTP-binding protein
0.000875367618227	121	cell division inhibitor
0.000875367618227	121	coenzyme PQQ precursor peptide PqqA
0.000875367618227	121	MULTISPECIES: glutamine-fructose-6-phosphate transaminase (isomerizing)
0.000875367618227	121	DUF692 domain-containing protein
0.000875367618227	121	MULTISPECIES: thiol:disulfide interchange protein
0.000875367618227	121	MULTISPECIES: O-acetylhomoserine aminocarboxypropyltransferase
0.000875367618227	121	anticodon nuclease
0.000875367618227	121	MULTISPECIES: iron-sulfur cluster insertion protein ErpA
0.000875367618227	121	6-deoxyerythronolide-B synthase
0.000875367618227	121	peptidase S74
0.000875367618227	121	MULTISPECIES: chaperonin GroEL
0.000875367618227	121	glycine zipper family protein
0.000875367618227	121	Tol-Pal system subunit TolQ
0.000868133175102	120	1-(5-phosphoribosyl)-5-amino-4-imidazole-carboxylate carboxylase
0.000868133175102	120	MULTISPECIES: dTMP kinase
0.000868133175102	120	N-acylneuraminate-9-phosphate synthase
0.000868133175102	120	MULTISPECIES: tRNA (adenosine(37)-N6)-dimethylallyltransferase MiaA
0.000868133175102	120	MULTISPECIES: error-prone DNA polymerase
0.000868133175102	120	redoxin domain-containing protein
0.000868133175102	120	MULTISPECIES: protein-(glutamine-N5) methyltransferase, release factor-specific
0.000868133175102	120	chromosome condensation regulator RCC1
0.000868133175102	120	dipeptidyl aminopeptidase/acylaminoacyl-peptidase-like protein
0.000868133175102	120	MULTISPECIES: divalent metal cation transporter
0.000868133175102	120	cysteine protease
0.000868133175102	120	MULTISPECIES: heavy metal translocating P-type ATPase
0.000868133175102	120	type III secretion protein
0.000868133175102	120	PrsW family intramembrane metalloprotease
0.000868133175102	120	MULTISPECIES: branched-chain amino acid aminotransferase
0.000868133175102	120	MULTISPECIES: alkene reductase
0.000868133175102	120	DUF3696 domain-containing protein
0.000868133175102	120	ATPase (AAA+ superfamily)-like protein
0.000868133175102	120	anaerobic ribonucleoside-triphosphate reductase
0.000868133175102	120	Hcp1 family type VI secretion system effector
0.000868133175102	120	DegT/DnrJ/EryC1/StrS aminotransferase family protein
0.000868133175102	120	MULTISPECIES: uroporphyrinogen-III C-methyltransferase
0.000868133175102	120	MULTISPECIES: UDP-3-O-(3-hydroxymyristoyl)glucosamine N-acyltransferase
0.000860898731976	119	putrescine ABC transporter permease PotH
0.000860898731976	119	nitric oxide dioxygenase
0.000860898731976	119	MULTISPECIES: 1-deoxy-D-xylulose-5-phosphate reductoisomerase
0.000860898731976	119	MULTISPECIES: oxygen-independent coproporphyrinogen III oxidase
0.000860898731976	119	NAD(P)H-quinone oxidoreductase subunit 2
0.000860898731976	119	MULTISPECIES: Fic family protein
0.000860898731976	119	MULTISPECIES: DUF4956 domain-containing protein
0.000860898731976	119	AcrB/AcrD/AcrF family protein, partial
0.000860898731976	119	calcium/proton exchanger
0.000860898731976	119	NGG1p interacting factor NIF3
0.000860898731976	119	flagellar protein FlaI
0.000860898731976	119	DUF4145 domain-containing protein
0.000860898731976	119	cytochrome C biogenesis protein ResC
0.000860898731976	119	methyltransferase, TIGR04325 family
0.000860898731976	119	rhizopine-binding protein
0.000860898731976	119	glycine dehydrogenase subunit 2
0.000860898731976	119	MULTISPECIES: DNA-formamidopyrimidine glycosylase
0.000860898731976	119	MULTISPECIES: 3-keto-5-aminohexanoate cleavage protein
0.000860898731976	119	MULTISPECIES: porphobilinogen synthase
0.000860898731976	119	translational machinery protein
0.00085366428885	118	flotillin family protein
0.00085366428885	118	protein-export membrane protein SecF
0.00085366428885	118	ectoine/hydroxyectoine ABC transporter ATP-binding protein EhuA
0.00085366428885	118	3-deoxy-D-manno-octulosonate cytidylyltransferase
0.00085366428885	118	pyridoxal-dependent decarboxylase, exosortase A system-associated
0.00085366428885	118	MULTISPECIES: IS5/IS1182 family transposase
0.00085366428885	118	potassium-transporting ATPase subunit C
0.00085366428885	118	IS1 family transposase
0.00085366428885	118	MULTISPECIES: glycerol-3-phosphate dehydrogenase/oxidase
0.00085366428885	118	GlsB/YeaQ/YmgE family stress response membrane protein
0.00085366428885	118	NADH-quinone oxidoreductase subunit G, partial
0.00085366428885	118	MULTISPECIES: 23S rRNA (adenine(2030)-N(6))-methyltransferase RlmJ
0.00085366428885	118	MULTISPECIES: glutamate--cysteine ligase
0.00085366428885	118	MULTISPECIES: DNA (cytosine-5-)-methyltransferase
0.00085366428885	118	MSHA biogenesis protein MshG
0.00085366428885	118	high-affinity branched-chain amino acid ABC transporter ATP-binding protein LivG
0.00085366428885	118	DNA-packaging protein
0.00085366428885	118	mercuric reductase
0.00085366428885	118	MULTISPECIES: arsenical-resistance protein
0.00085366428885	118	PAS sensor domain-containing protein
0.00085366428885	118	MULTISPECIES: dihydroorotate dehydrogenase (quinone)
0.00085366428885	118	photosystem II q(b) protein, partial
0.00085366428885	118	DUF2848 domain-containing protein
0.00085366428885	118	formylmethanofuran dehydrogenase
0.00085366428885	118	tRNA (cytosine(32)/uridine(32)-2'-O)-methyltransferase TrmJ
0.00085366428885	118	acetyl hydrolase
0.000846429845724	117	sn-glycerol-3-phosphate import ATP-binding protein UgpC
0.000846429845724	117	MULTISPECIES: 2-C-methyl-D-erythritol 2,4-cyclodiphosphate synthase
0.000846429845724	117	ATP-dependent RNA helicase HrpA, partial
0.000846429845724	117	MULTISPECIES: 1-pyrroline-5-carboxylate dehydrogenase
0.000846429845724	117	plasmid maintenance protein CcdB
0.000846429845724	117	DUF4331 domain-containing protein
0.000846429845724	117	MULTISPECIES: phosphoenolpyruvate carboxykinase (GTP)
0.000846429845724	117	MULTISPECIES: 5-methyltetrahydrofolate--homocysteine methyltransferase
0.000846429845724	117	IS1634 family transposase
0.000846429845724	117	exosortase A
0.000846429845724	117	flavin-dependent monooxygenase
0.000846429845724	117	general secretion pathway protein GspD
0.000846429845724	117	glycosyltransferase/methyltransferase
0.000846429845724	117	transcriptional regulator CysB
0.000846429845724	117	monoamine oxidase
0.000846429845724	117	CAAX protease
0.000846429845724	117	perosamine synthetase
0.000846429845724	117	MULTISPECIES: NADH:flavin oxidoreductase/NADH oxidase
0.000846429845724	117	sarcosine oxidase subunit delta
0.000846429845724	117	plasmid maintenance protein
0.000846429845724	117	YHS domain-containing protein
0.000846429845724	117	carbamate kinase
0.000846429845724	117	MULTISPECIES: cysteine synthase B
0.000846429845724	117	type 12 methyltransferase
0.000846429845724	117	DUF288 domain-containing protein
0.000846429845724	117	MULTISPECIES: ribonucleotide-diphosphate reductase subunit alpha
0.000846429845724	117	succinylarginine dihydrolase
0.000846429845724	117	MULTISPECIES: glutamyl-tRNA amidotransferase
0.000846429845724	117	protein-serine/threonine phosphatase
0.000839195402598	116	PLP-dependent transferase
0.000839195402598	116	Fmu (Sun) domain-containing protein
0.000839195402598	116	8-oxo-dGTP diphosphatase MutT
0.000839195402598	116	acetamidase/formamidase family protein
0.000839195402598	116	MULTISPECIES: enolase
0.000839195402598	116	MULTISPECIES: TRAP transporter small permease
0.000839195402598	116	DUF4942 domain-containing protein
0.000839195402598	116	IS607 family transposase
0.000839195402598	116	MULTISPECIES: acetyl-CoA carboxylase, carboxyltransferase subunit beta
0.000839195402598	116	MULTISPECIES: glycosyltransferase WbuB
0.000839195402598	116	glycine hydroxymethyltransferase
0.000839195402598	116	heme ABC transporter ATPase
0.000839195402598	116	inorganic diphosphatase
0.000839195402598	116	DUF3482 domain-containing protein
0.000839195402598	116	2,4-dichlorophenoxyacetate dioxygenase
0.000839195402598	116	MULTISPECIES: UDP-N-acetylmuramoyl-tripeptide--D-alanyl-D-alanine ligase
0.000839195402598	116	MULTISPECIES: ferredoxin:protochlorophyllide reductase (ATP-dependent) iron-sulfur ATP-binding protein
0.000839195402598	116	30S ribosomal protein S30
0.000839195402598	116	DUF4157 domain-containing protein
0.000831960959472	115	carbohydrate esterase
0.000831960959472	115	TIGR01212 family radical SAM protein
0.000831960959472	115	MULTISPECIES: PD-(D/E)XK nuclease family protein
0.000831960959472	115	DUF3107 domain-containing protein
0.000831960959472	115	MULTISPECIES: CarD family transcriptional regulator
0.000831960959472	115	MULTISPECIES: porin
0.000831960959472	115	MULTISPECIES: DNA repair protein RecO
0.000831960959472	115	octaprenyl-diphosphate synthase
0.000831960959472	115	MULTISPECIES: serine peptidase
0.000831960959472	115	MULTISPECIES: phytanoyl-CoA dioxygenase
0.000831960959472	115	MULTISPECIES: protein TolQ
0.000831960959472	115	ADP-ribosylglycohydrolase
0.000831960959472	115	MULTISPECIES: magnesium-protoporphyrin IX monomethyl ester (oxidative) cyclase
0.000831960959472	115	HicB family protein
0.000831960959472	115	MULTISPECIES: diaminopimelate epimerase
0.000831960959472	115	MULTISPECIES: DNA-binding protein WhiA
0.000831960959472	115	mycofactocin system glycosyltransferase
0.000831960959472	115	DUF2847 domain-containing protein
0.000831960959472	115	DNA-directed RNA polymerase subunit delta
0.000831960959472	115	AMP-dependent synthetase and ligase
0.000831960959472	115	DUF4178 domain-containing protein
0.000831960959472	115	MULTISPECIES: succinate dehydrogenase, hydrophobic membrane anchor protein
0.000831960959472	115	virulence-associated protein E
0.000831960959472	115	exosortase family protein XrtF
0.000831960959472	115	MULTISPECIES: circularly permuted type 2 ATP-grasp protein
0.000831960959472	115	pyruvate oxidase
0.000831960959472	115	baseplate assembly protein
0.000824726516347	114	ribonuclease T
0.000824726516347	114	flagellar biosynthesis protein FlgF
0.000824726516347	114	MULTISPECIES: 3,4-dihydroxy-2-butanone-4-phosphate synthase
0.000824726516347	114	nitric oxide reductase
0.000824726516347	114	ester cyclase
0.000824726516347	114	MULTISPECIES: ribonuclease
0.000824726516347	114	phosphotyrosine protein phosphatase
0.000824726516347	114	MULTISPECIES: cyclase
0.000824726516347	114	fused protease/ribonucleoside-triphosphate reductase
0.000824726516347	114	MULTISPECIES: nucleotide exchange factor GrpE
0.000824726516347	114	carbamoyl-phosphate synthase subunit L
0.000824726516347	114	CRISPR-associated helicase/endonuclease Cas3
0.000824726516347	114	pyruvate decarboxylase
0.000824726516347	114	sugar dehydratase
0.000824726516347	114	SusC/RagA family TonB-linked outer membrane protein, partial
0.000824726516347	114	capsular exopolysaccharide family protein
0.000824726516347	114	trigger factor, partial
0.000824726516347	114	Verru_Chthon cassette protein A
0.000824726516347	114	gamma-glutamyl-gamma-aminobutyraldehyde dehydrogenase
0.000824726516347	114	cytochrome c-550
0.000824726516347	114	PEP-CTERM-box response regulator transcription factor
0.000824726516347	114	muconate cycloisomerase
0.000824726516347	114	spfh domain, band 7 family protein
0.000817492073221	113	DUF2332 domain-containing protein
0.000817492073221	113	L-rhamnonate dehydratase
0.000817492073221	113	MULTISPECIES: ferredoxin--NADP reductase
0.000817492073221	113	ribonuclease P
0.000817492073221	113	nitrate/sulfonate/bicarbonate ABC transporter substrate-binding protein
0.000817492073221	113	filamentous hemagglutinin family outer membrane protein
0.000817492073221	113	DUF2788 domain-containing protein
0.000817492073221	113	MULTISPECIES: protease modulator HflK
0.000817492073221	113	multi-sensor signal transduction histidine kinase
0.000817492073221	113	Tn3 family transposase
0.000817492073221	113	iron-containing redox enzyme family protein
0.000817492073221	113	terminase subunit nuclease and ATPase
0.000817492073221	113	MULTISPECIES: pyrroline-5-carboxylate reductase
0.000817492073221	113	MULTISPECIES: UPF0182 family protein
0.000817492073221	113	magnesium-transporting ATPase
0.000817492073221	113	MULTISPECIES: glutamate synthase
0.000817492073221	113	oxalate/formate MFS antiporter
0.000817492073221	113	MULTISPECIES: 5-dehydro-4-deoxyglucarate dehydratase
0.000817492073221	113	hydroxylamine reductase
0.000817492073221	113	cytochrome c, class I
0.000817492073221	113	alginate export family protein
0.000810257630095	112	MULTISPECIES: 2-methylcitrate synthase
0.000810257630095	112	glutamate synthase large subunit, partial
0.000810257630095	112	zinc-type alcohol dehydrogenase
0.000810257630095	112	2,4-dichlorophenol 6-monooxygenase
0.000810257630095	112	MULTISPECIES: RNB domain-containing ribonuclease
0.000810257630095	112	MULTISPECIES: riboflavin synthase
0.000810257630095	112	MULTISPECIES: peptidase M23
0.000810257630095	112	MULTISPECIES: ATP synthase F0 subunit C
0.000810257630095	112	mycofactocin biosynthesis peptidyl-dipeptidase MftE
0.000810257630095	112	MULTISPECIES: DNA helicase PcrA
0.000810257630095	112	MULTISPECIES: enoyl-ACP reductase
0.000810257630095	112	DMSO reductase
0.000810257630095	112	MULTISPECIES: methylcrotonoyl-CoA carboxylase
0.000810257630095	112	iron-sulfur cluster repair di-iron protein
0.000810257630095	112	MULTISPECIES: 4-hydroxybenzoate octaprenyltransferase
0.000810257630095	112	MULTISPECIES: BolA family transcriptional regulator
0.000810257630095	112	DUF480 domain-containing protein
0.000810257630095	112	PAS domain-containing sensor histidine kinase, partial
0.000810257630095	112	NHLP family bacteriocin export ABC transporter peptidase/permease/ATPase subunit
0.000810257630095	112	alpha-1 2-mannosidase
0.000810257630095	112	MULTISPECIES: thioredoxin-dependent thiol peroxidase
0.000810257630095	112	EamA-like transporter family protein
0.000810257630095	112	excisionase
0.000810257630095	112	MULTISPECIES: class II aldolase
0.000810257630095	112	L-lactate dehydrogenase
0.000803023186969	111	ring-cleaving dioxygenase
0.000803023186969	111	23S rRNA (uridine(2552)-2'-O)-methyltransferase
0.000803023186969	111	MULTISPECIES: preprotein translocase subunit YajC
0.000803023186969	111	DUF1989 domain-containing protein
0.000803023186969	111	xylose ABC transporter ATP-binding protein
0.000803023186969	111	glycoside hydrolase family 1
0.000803023186969	111	N-acyl-D-glucosamine 2-epimerase
0.000803023186969	111	MULTISPECIES: phosphoribosylformylglycinamidine synthase II
0.000803023186969	111	3-hydroxybenzoate 6-hydroxylase
0.000803023186969	111	protein CbbY
0.000803023186969	111	bifunctional prephenate dehydrogenase/3-phosphoshikimate 1-carboxyvinyltransferase
0.000803023186969	111	cytochrome C552
0.000803023186969	111	adenosylmethionine decarboxylase
0.000803023186969	111	cell wall hydrolase/autolysin
0.000803023186969	111	phosphonoacetaldehyde hydrolase
0.000803023186969	111	FAD-dependent oxidoreductase, partial
0.000803023186969	111	stage V sporulation protein K
0.000803023186969	111	RNA-binding protein YhbY
0.000803023186969	111	MULTISPECIES: acyl-CoA thioesterase
0.000803023186969	111	heme transporter HemC
0.000803023186969	111	MULTISPECIES: Rrf2 family transcriptional regulator
0.000803023186969	111	sulfite reductase subunit alpha
0.000803023186969	111	RHS repeat protein
0.000803023186969	111	MULTISPECIES: arsenate reductase ArsC
0.000803023186969	111	MULTISPECIES: quinolinate synthase
0.000795788743843	110	carbon-phosphorus lyase complex subunit PhnJ
0.000795788743843	110	DUF4256 domain-containing protein
0.000795788743843	110	metal-transporting ATPase
0.000795788743843	110	pilus assembly protein PilY
0.000795788743843	110	TIGR00299 family protein
0.000795788743843	110	Hpt domain-containing protein
0.000795788743843	110	MULTISPECIES: NADH-quinone oxidoreductase subunit D
0.000795788743843	110	xanthine phosphoribosyltransferase
0.000795788743843	110	two-component system sensor histidine kinase KdbD
0.000795788743843	110	exodeoxyribonuclease VIII
0.000795788743843	110	enamine deaminase RidA
0.000795788743843	110	TldD protein
0.000795788743843	110	secreted protein containing DUF1549
0.000795788743843	110	class III poly(R)-hydroxyalkanoic acid synthase subunit PhaC
0.000795788743843	110	phosphate starvation-inducible protein PsiE
0.000795788743843	110	di-heme enzyme
0.000795788743843	110	bicyclomycin resistance protein
0.000795788743843	110	extensin
0.000795788743843	110	MULTISPECIES: division/cell wall cluster transcriptional repressor MraZ
0.000795788743843	110	DUF3168 domain-containing protein
0.000795788743843	110	methionine synthase vitamin-B12 independent
0.000795788743843	110	zinc ABC transporter permease
0.000795788743843	110	N-succinylglutamate 5-semialdehyde dehydrogenase
0.000795788743843	110	3-hydroxyacyl-CoA dehydrogenase PaaC
0.000795788743843	110	DUF4339 domain-containing protein
0.000795788743843	110	bacteriocin/lantibiotic ABC transporter ATP-binding protein
0.000795788743843	110	glycosyl hydrolase BNR repeat precursor
0.000795788743843	110	winged helix family transcriptional regulator
0.000795788743843	110	MULTISPECIES: alkaline phosphatase family protein
0.000795788743843	110	LOG family protein
0.000795788743843	110	2-ketocyclohexanecarboxyl-CoA hydrolase
0.000795788743843	110	isoleucine--tRNA ligase, partial
0.000795788743843	110	CbbQ/NirQ/NorQ/GpvN family protein
0.000795788743843	110	cytochrome c-type biogenesis protein CcmC
0.000795788743843	110	MULTISPECIES: DNA polymerase IV
0.000795788743843	110	elongation factor GreAB
0.000795788743843	110	MULTISPECIES: 30S ribosomal protein S16
0.000788554300717	109	glucohydrolase
0.000788554300717	109	MULTISPECIES: A/G-specific adenine glycosylase
0.000788554300717	109	subclass B3 metallo-beta-lactamase
0.000788554300717	109	maltose alpha-D-glucosyltransferase
0.000788554300717	109	acetyl CoA synthetase subunit alpha
0.000788554300717	109	NnrU family protein
0.000788554300717	109	DUF3073 domain-containing protein
0.000788554300717	109	NADPH-dependent FMN reductase
0.000788554300717	109	transcriptional regulator FlhC
0.000788554300717	109	phage-related DNA polymerase
0.000788554300717	109	DUF1832 domain-containing protein
0.000788554300717	109	manganese transporter
0.000788554300717	109	protein tlpB
0.000788554300717	109	MULTISPECIES: riboflavin biosynthesis protein RibD
0.000788554300717	109	MULTISPECIES: riboflavin biosynthesis protein RibF
0.000788554300717	109	DUF1476 domain-containing protein
0.000788554300717	109	MULTISPECIES: citrate synthase/methylcitrate synthase
0.000788554300717	109	NAD-dependent formate dehydrogenase subunit beta
0.000788554300717	109	SIR2 family protein
0.000788554300717	109	ApaG domain
0.000788554300717	109	putative transmembrane protein
0.000788554300717	109	acylphosphatase
0.000788554300717	109	MULTISPECIES: acetolactate synthase 3 large subunit
0.000788554300717	109	DUF1833 domain-containing protein
0.000788554300717	109	dynamin family protein
0.000788554300717	109	MULTISPECIES: histidine ammonia-lyase
0.000788554300717	109	UDP-N-acetylglucosamine-peptide N-acetylglucosaminyltransferase
0.000788554300717	109	anti-sigma factor
0.000788554300717	109	23S rRNA pseudouridylate synthase
0.000788554300717	109	site-specific DNA methylase
0.000788554300717	109	endodeoxyribonuclease
0.000781319857591	108	MULTISPECIES: cryptochrome/photolyase family protein
0.000781319857591	108	beta-ACP synthase
0.000781319857591	108	MULTISPECIES: glutamine--tRNA ligase/YqeY domain fusion protein
0.000781319857591	108	DUF882 domain-containing protein
0.000781319857591	108	hybrid sensor histidine kinase/response regulator, partial
0.000781319857591	108	YjhG/YagF family D-xylonate dehydratase
0.000781319857591	108	MULTISPECIES: quinolinate synthetase
0.000781319857591	108	cytochrome c-type biogenesis protein CcmB
0.000781319857591	108	deacylase
0.000781319857591	108	YfcE family phosphodiesterase
0.000781319857591	108	alpha/beta hydrolase, partial
0.000781319857591	108	selenoprotein O
0.000781319857591	108	MULTISPECIES: NAD-dependent epimerase/dehydratase family protein
0.000781319857591	108	bifunctional GTP diphosphokinase/guanosine-3',5'-bis(diphosphate) 3'-diphosphatase
0.000781319857591	108	amidotransferase
0.000781319857591	108	MULTISPECIES: DedA family protein
0.000781319857591	108	DUF3400 domain-containing protein, partial
0.000781319857591	108	DUF998 domain-containing protein
0.000774085414466	107	MULTISPECIES: adenine phosphoribosyltransferase
0.000774085414466	107	DUF563 domain-containing protein
0.000774085414466	107	1,4-beta-D-glucan glucohydrolase
0.000774085414466	107	MULTISPECIES: class I SAM-dependent rRNA methyltransferase
0.000774085414466	107	putative dioxygenase
0.000774085414466	107	DUF4065 domain-containing protein
0.000774085414466	107	laminin G
0.000774085414466	107	V-type ATP synthase subunit B
0.000774085414466	107	cytochrome O ubiquinol oxidase
0.000774085414466	107	DUF1294 domain-containing protein
0.000774085414466	107	host specificity protein
0.000774085414466	107	photosystem I P700 chlorophyll a apoprotein A2
0.000774085414466	107	glutathione transferase GstA
0.000774085414466	107	MULTISPECIES: ribose 5-phosphate isomerase B
0.000774085414466	107	MULTISPECIES: quinone oxidoreductase
0.000774085414466	107	MULTISPECIES: carbamoyl-phosphate synthase small subunit
0.000774085414466	107	MULTISPECIES: aldolase
0.000774085414466	107	putative Fe/S biogenesis protein NfuA
0.000774085414466	107	fibronectin type III domain protein
0.000774085414466	107	MULTISPECIES: shikimate dehydrogenase
0.000774085414466	107	polyvinylalcohol dehydrogenase
0.000774085414466	107	MULTISPECIES: purine-nucleoside phosphorylase
0.000774085414466	107	DUF4260 domain-containing protein
0.000774085414466	107	MULTISPECIES: bifunctional folylpolyglutamate synthase/dihydrofolate synthase
0.000774085414466	107	DUF1850 domain-containing protein
0.000774085414466	107	OxaA family protein
0.000774085414466	107	MULTISPECIES: competence/damage-inducible protein A
0.000774085414466	107	oxygenase
0.000774085414466	107	MULTISPECIES: primosomal protein N'
0.00076685097134	106	MULTISPECIES: redox-regulated ATPase YchF
0.00076685097134	106	xylanase
0.00076685097134	106	N-carbamoylsarcosine amidase
0.00076685097134	106	MULTISPECIES: vitamin B12-dependent ribonucleotide reductase
0.00076685097134	106	heparinase II/III family protein
0.00076685097134	106	Fe-S oxidoreductase, partial
0.00076685097134	106	phosphonate degradation operons associated HDIG domain-containing protein
0.00076685097134	106	MULTISPECIES: polyprenol monophosphomannose synthase
0.00076685097134	106	NAD(P)H-quinone oxidoreductase subunit 4
0.00076685097134	106	MULTISPECIES: polyhydroxyalkanoate synthesis repressor PhaR
0.00076685097134	106	putrescine/spermidine ABC transporter permease
0.00076685097134	106	MULTISPECIES: NADH:ubiquinone oxidoreductase subunit J
0.00076685097134	106	MULTISPECIES: 2-deoxyribose-5-phosphate aldolase
0.00076685097134	106	glutamate synthase (NADPH), homotetrameric
0.00076685097134	106	(R)-2-hydroxyacid dehydrogenase
0.00076685097134	106	putative FtsW/RodA/SpoVE family cell cycle protein
0.00076685097134	106	MULTISPECIES: oligopeptidase A
0.00076685097134	106	MULTISPECIES: beta-galactosidase
0.00076685097134	106	membrane protease FtsH catalytic subunit
0.00076685097134	106	MULTISPECIES: polyamine ABC transporter ATP-binding protein
0.00076685097134	106	licheninase
0.00076685097134	106	precorrin-2 C(20)-methyltransferase
0.000759616528214	105	sirohydrochlorin ferrochelatase
0.000759616528214	105	HNH endonuclease, partial
0.000759616528214	105	FG-GAP repeat protein
0.000759616528214	105	nitrate ABC transporter
0.000759616528214	105	pilus assembly protein CpaE
0.000759616528214	105	MULTISPECIES: 4-hydroxyphenylpyruvate dioxygenase
0.000759616528214	105	DUF2612 domain-containing protein
0.000759616528214	105	MULTISPECIES: lactoylglutathione lyase
0.000759616528214	105	IS1182 family transposase
0.000759616528214	105	MULTISPECIES: metalloprotease PmbA
0.000759616528214	105	biopolymer transporter Tol
0.000759616528214	105	ATP synthase subunit B
0.000759616528214	105	pseudaminic acid biosynthesis-associated methylase
0.000759616528214	105	exopolysaccharide biosynthesis polyprenyl glycosylphosphotransferase
0.000759616528214	105	arylsulfatase, partial
0.000759616528214	105	acetoin utilization protein AcuB
0.000759616528214	105	MULTISPECIES: glycine--tRNA ligase subunit beta
0.000759616528214	105	homocysteine S-methyltransferase family protein
0.000759616528214	105	DUF2794 domain-containing protein
0.000759616528214	105	amylosucrase
0.000759616528214	105	WxcM domain-containing protein
0.000759616528214	105	MULTISPECIES: sodium-dependent bicarbonate transport family permease
0.000759616528214	105	cytidylyltransferase
0.000759616528214	105	MULTISPECIES: SAM-dependent DNA methyltransferase
0.000759616528214	105	23S rRNA (cytosine(1962)-C(5))-methyltransferase RlmI
0.000759616528214	105	two-component system response regulator KdpE
0.000759616528214	105	DUF2059 domain-containing protein
0.000759616528214	105	type VI secretion protein IcmF
0.000759616528214	105	Malonyl-CoA decarboxylase (MCD)
0.000759616528214	105	dihydrolipoyllysine-residue succinyltransferase, partial
0.000752382085088	104	thiamine biosynthesis protein ThiJ
0.000752382085088	104	MULTISPECIES: ubiquinone biosynthesis regulatory protein kinase UbiB
0.000752382085088	104	Clp protease
0.000752382085088	104	radical SAM/Cys-rich domain protein
0.000752382085088	104	MULTISPECIES: adenine deaminase
0.000752382085088	104	uroporphyrinogen III methyltransferase
0.000752382085088	104	MULTISPECIES: FAD-binding protein
0.000752382085088	104	YgiQ family radical SAM protein, partial
0.000752382085088	104	type II restriction endonuclease subunit M
0.000752382085088	104	Holliday junction resolvase
0.000752382085088	104	sugar fermentation stimulation protein SfsA
0.000752382085088	104	MULTISPECIES: phage major capsid protein
0.000752382085088	104	MULTISPECIES: penicillin acylase family protein
0.000752382085088	104	UDP-forming cellulose synthase catalytic subunit
0.000752382085088	104	polynucleotide kinase
0.000752382085088	104	IS982 family transposase
0.000752382085088	104	beta-ketoacyl-ACP synthase
0.000752382085088	104	MULTISPECIES: fumarate reductase/succinate dehydrogenase flavoprotein subunit
0.000752382085088	104	cytochrome c-type biogenesis protein CcmE
0.000752382085088	104	DUF4924 domain-containing protein
0.000752382085088	104	MULTISPECIES: chorismate mutase
0.000745147641962	103	hydroxylase
0.000745147641962	103	oligopeptide transporter permease
0.000745147641962	103	aryl-sulfate sulfotransferase
0.000745147641962	103	MULTISPECIES: creatininase
0.000745147641962	103	phosphate ABC transporter
0.000745147641962	103	bifunctional transcriptional activator/DNA repair protein Ada
0.000745147641962	103	3-keto-5-aminohexanoate cleavage enzyme
0.000745147641962	103	TIGR03663 family protein
0.000745147641962	103	MULTISPECIES: TIGR01777 family protein
0.000745147641962	103	fused DNA polymerase IV/DNA polymerase III subunit alpha
0.000745147641962	103	PTS sorbitol transporter subunit IIC
0.000745147641962	103	DUF2061 domain-containing protein
0.000745147641962	103	MULTISPECIES: IS21 family transposase
0.000745147641962	103	serine protein kinase
0.000745147641962	103	organic hydroperoxide resistance protein
0.000745147641962	103	DNA primase, partial
0.000745147641962	103	alanine--tRNA ligase, partial
0.000745147641962	103	MULTISPECIES: agmatine deiminase family protein
0.000745147641962	103	CbbBc protein
0.000745147641962	103	deoxycytidylate deaminase
0.000745147641962	103	DUF1735 domain-containing protein
0.000745147641962	103	cytochrome C'
0.000745147641962	103	recombinase family protein, partial
0.000745147641962	103	DUF4276 domain-containing protein
0.000745147641962	103	cobalt transporter
0.000745147641962	103	MULTISPECIES: restriction endonuclease subunit S
0.000745147641962	103	MULTISPECIES: heme-copper oxidase subunit III
0.000737913198836	102	NADH:ubiquinone reductase (Na(+)-transporting) subunit B
0.000737913198836	102	leucine dehydrogenase
0.000737913198836	102	MULTISPECIES: dihydrolipoyllysine-residue acetyltransferase
0.000737913198836	102	D-alanyl-D-alaninecarboxypeptidase/D-alanyl-D-alanine-endopeptidase
0.000737913198836	102	dipeptide ABC transporter permease DppC
0.000737913198836	102	MULTISPECIES: O-succinylhomoserine sulfhydrylase
0.000737913198836	102	cytochrome c biogenesis protein CcmF
0.000737913198836	102	MULTISPECIES: glycolate oxidase iron-sulfur subunit
0.000737913198836	102	Fe2+/Pb2+ permease
0.000737913198836	102	MULTISPECIES: c-type cytochrome biogenesis protein CcmF
0.000737913198836	102	MULTISPECIES: acyl-CoA desaturase
0.000737913198836	102	MULTISPECIES: RNA-binding transcriptional accessory protein
0.000737913198836	102	uroporphyrin-III C-methyltransferase
0.000737913198836	102	MULTISPECIES: restriction endonuclease
0.000737913198836	102	protein-methionine-S-oxide reductase
0.000737913198836	102	cysteine desulfurase DndA
0.000737913198836	102	trehalose-phosphatase
0.000737913198836	102	glycoside hydrolase family 25 protein
0.000737913198836	102	MULTISPECIES: protein-L-isoaspartate O-methyltransferase
0.000737913198836	102	MULTISPECIES: outer membrane lipid asymmetry maintenance protein MlaD
0.000737913198836	102	DUF2303 domain-containing protein
0.000737913198836	102	hemin-degrading factor
0.000737913198836	102	MULTISPECIES: Rieske (2Fe-2S) protein
0.000737913198836	102	endonuclease domain-containing protein
0.000737913198836	102	acyl-CoA-binding protein
0.000737913198836	102	Leu/Ile/Val-binding protein
0.000737913198836	102	DUF3380 domain-containing protein
0.000737913198836	102	MULTISPECIES: phosphoribosylglycinamide formyltransferase
0.000737913198836	102	stress responsive protein
0.000737913198836	102	MULTISPECIES: restriction endonuclease subunit R
0.000730678755711	101	methyl-accepting chemotaxis sensory transducer
0.000730678755711	101	sulfur reduction protein DsrE
0.000730678755711	101	regulatory protein MerR
0.000730678755711	101	MULTISPECIES: molybdopterin adenylyltransferase
0.000730678755711	101	acetylgalactosaminidase
0.000730678755711	101	MULTISPECIES: flavin reductase family protein
0.000730678755711	101	DUF4129 domain-containing protein
0.000730678755711	101	S-adenosylmethionine synthase
0.000730678755711	101	glycerol-3-phosphate transporter membrane protein
0.000730678755711	101	DUF4062 domain-containing protein
0.000730678755711	101	cytochrome c precursor
0.000730678755711	101	MULTISPECIES: rod shape-determining protein MreD
0.000730678755711	101	MULTISPECIES: glycerophosphodiester phosphodiesterase
0.000730678755711	101	cobalt ABC transporter
0.000730678755711	101	UvsW helicase
0.000730678755711	101	F0F1 ATP synthase subunit alpha, partial
0.000730678755711	101	methionine synthase, partial
0.000730678755711	101	proteasome-type protease
0.000730678755711	101	dihydropyrimidine dehydrogenase subunit A
0.000730678755711	101	MULTISPECIES: DUF4295 domain-containing protein
0.000730678755711	101	MULTISPECIES: carbohydrate ABC transporter substrate-binding protein
0.000730678755711	101	flagellar motor protein MotB, partial
0.000730678755711	101	PIN/TRAM domain-containing protein
0.000730678755711	101	DUF2330 domain-containing protein
0.000730678755711	101	MULTISPECIES: ferredoxin--NADP(+) reductase
0.000730678755711	101	MULTISPECIES: electron transfer flavoprotein subunit beta
0.000730678755711	101	DUF296 domain-containing protein
0.000730678755711	101	DUF4960 domain-containing protein
0.000730678755711	101	SulP family inorganic anion transporter, partial
0.000723444312585	100	serine kinase
0.000723444312585	100	MULTISPECIES: ZIP family metal transporter
0.000723444312585	100	DUF1134 domain-containing protein
0.000723444312585	100	MULTISPECIES: HlyD family type I secretion periplasmic adaptor subunit
0.000723444312585	100	fatty-acid oxidation protein subunit alpha
0.000723444312585	100	DUF802 domain-containing protein
0.000723444312585	100	protease SohB
0.000723444312585	100	3-oxosteroid 1-dehydrogenase
0.000723444312585	100	nitrate reductase molybdenum cofactor assembly chaperone
0.000723444312585	100	MULTISPECIES: ATP synthase F0 subunit A
0.000723444312585	100	MULTISPECIES: beta-hydroxyacyl-ACP dehydratase
0.000723444312585	100	multifunctional 2',3'-cyclic-nucleotide 2'-phosphodiesterase/5'-nucleotidase/3'-nucleotidase
0.000723444312585	100	MULTISPECIES: peptidase M24 family protein
0.000723444312585	100	spermidine/putrescine ABC transporter permease PotC
0.000723444312585	100	DUF3494 domain-containing protein
0.000723444312585	100	assimilatory sulfite reductase (NADPH) flavoprotein subunit
0.000723444312585	100	MULTISPECIES: ribonucleoside-diphosphate reductase
0.000723444312585	100	DUF1460 domain-containing protein
0.000723444312585	100	YcgN family cysteine cluster protein
0.000723444312585	100	(p)ppGpp synthetase
0.000723444312585	100	MULTISPECIES: cytochrome-c oxidase
0.000723444312585	100	3-dehydro-L-gulonate 2-dehydrogenase
0.000723444312585	100	alpha-ketoglutarate decarboxylase, partial
0.000723444312585	100	phosphonate metabolism transcriptional regulator PhnF
0.000723444312585	100	DUF2007 domain-containing protein
0.000723444312585	100	cobalt-precorrin-5B (C(1))-methyltransferase
0.000723444312585	100	DUF3576 domain-containing protein
0.000723444312585	100	acetylesterase
0.000723444312585	100	3-methyl-2-oxobutanoate dehydrogenase (2-methylpropanoyl-transferring) subunit alpha
0.000723444312585	100	glycosyl transferase family 51
0.000723444312585	100	cupin fold metalloprotein, WbuC family
0.000723444312585	100	MULTISPECIES: MRP family ATP-binding protein
0.000723444312585	100	septation ring formation regulator EzrA
0.000723444312585	100	MULTISPECIES: undecaprenyldiphospho-muramoylpentapeptide beta-N- acetylglucosaminyltransferase
0.000723444312585	100	MULTISPECIES: Holliday junction resolvase RuvX
0.000723444312585	100	MULTISPECIES: GTPase Obg
0.000723444312585	100	oxaloacetate decarboxylase
0.000723444312585	100	DUF4143 domain-containing protein
0.000723444312585	100	MULTISPECIES: class I SAM-dependent RNA methyltransferase
0.000723444312585	100	MULTISPECIES: DUF839 domain-containing protein
0.000716209869459	99	MULTISPECIES: urocanate hydratase
0.000716209869459	99	1,4-alpha-glucan branching enzyme, partial
0.000716209869459	99	plasmid maintenance system killer family protein
0.000716209869459	99	MULTISPECIES: UDP-N-acetylglucosamine 4,6-dehydratase (inverting)
0.000716209869459	99	MULTISPECIES: acetolactate synthase, large subunit, biosynthetic type
0.000716209869459	99	allantoinase AllB
0.000716209869459	99	rRNA cytosine-C5-methylase
0.000716209869459	99	MULTISPECIES: 2-hydroxyacid dehydrogenase
0.000716209869459	99	DUF1272 domain-containing protein
0.000716209869459	99	class II poly(R)-hydroxyalkanoic acid synthase
0.000716209869459	99	cys-tRNA(pro)/cys-tRNA(cys) deacylase
0.000716209869459	99	cytochrome B6
0.000716209869459	99	ABC transporter substrate-binding protein, partial
0.000716209869459	99	glycosyl transferase family 9
0.000716209869459	99	NADH-quinone oxidoreductase chain I
0.000716209869459	99	SgcQ protein
0.000716209869459	99	MULTISPECIES: FadR family transcriptional regulator
0.000716209869459	99	MULTISPECIES: photosynthetic reaction center subunit L
0.000716209869459	99	UDP-N-acetylglucosamine 4-epimerase
0.000716209869459	99	MULTISPECIES: leucyl/phenylalanyl-tRNA--protein transferase
0.000716209869459	99	type VI secretion protein ImpA
0.000716209869459	99	dipeptidyl aminopeptidase
0.000716209869459	99	UDP-glucuronate 5-epimerase
0.000716209869459	99	2-hydroxyacyl-CoA dehydratase
0.000716209869459	99	hypoxic response protein 1
0.000708975426333	98	salicylate 1-monooxygenase
0.000708975426333	98	ketose-bisphosphate aldolase
0.000708975426333	98	L-rhamnose catabolism isomerase
0.000708975426333	98	DNA topoisomerase VI subunit B
0.000708975426333	98	MULTISPECIES: LPS export ABC transporter ATP-binding protein
0.000708975426333	98	integral membrane protein mmpl6
0.000708975426333	98	coagulation factor 5/8 type domain protein
0.000708975426333	98	MULTISPECIES: D-alanine--D-alanine ligase A
0.000708975426333	98	glycerol-3-phosphate transporter ATP-binding subunit
0.000708975426333	98	cytosol aminopeptidase
0.000708975426333	98	glycoside hydrolase 43 family protein
0.000708975426333	98	two-component system sensor histidine kinase CreC
0.000708975426333	98	sn-glycerol-3-phosphate ABC transporter ATP-binding protein UgpC
0.000708975426333	98	NeuB family protein
0.000708975426333	98	MerC domain-containing protein
0.000708975426333	98	DUF968 domain-containing protein
0.000708975426333	98	iron-sulfur cluster assembly scaffold protein NifU
0.000708975426333	98	putative glycosyltransferase
0.000708975426333	98	DUF4743 domain-containing protein
0.000708975426333	98	MULTISPECIES: haloacid dehalogenase
0.000708975426333	98	glycoside hydrolase family 16
0.000708975426333	98	MULTISPECIES: multidrug ABC transporter ATP-binding protein
0.000708975426333	98	MULTISPECIES: CDP-diacylglycerol--serine O-phosphatidyltransferase
0.000701740983207	97	DUF2798 domain-containing protein
0.000701740983207	97	MULTISPECIES: adenylate/guanylate cyclase domain-containing protein
0.000701740983207	97	MULTISPECIES: SusD/RagB family nutrient-binding outer membrane lipoprotein
0.000701740983207	97	DUF2145 domain-containing protein
0.000701740983207	97	MULTISPECIES: carboxymuconolactone decarboxylase family protein
0.000701740983207	97	pyrroloquinoline quinone precursor peptide PqqA
0.000701740983207	97	NAD(P)-dependent oxidoreductase, partial
0.000701740983207	97	cobalamin biosynthesis protein CobD
0.000701740983207	97	DUF2155 domain-containing protein
0.000701740983207	97	MULTISPECIES: sulfatase
0.000701740983207	97	potassium transport protein Kup
0.000701740983207	97	MULTISPECIES: phosphodiesterase
0.000701740983207	97	methylmalonyl-CoA mutase, partial
0.000701740983207	97	NmrA family protein
0.000701740983207	97	phage gp6-like head-tail connector protein
0.000701740983207	97	electron transport complex subunit RsxG
0.000701740983207	97	lyase
0.000694506540081	96	type I-F CRISPR-associated helicase Cas3
0.000694506540081	96	MULTISPECIES: tRNA (adenosine(37)-N6)-threonylcarbamoyltransferase complex ATPase subunit type 1 TsaE
0.000694506540081	96	uridine-cytidine kinase
0.000694506540081	96	MULTISPECIES: nicotinate-nicotinamide nucleotide adenylyltransferase
0.000694506540081	96	S-adenosylmethionine--diacylglycerol 3-amino-3-carboxypropyl transferase
0.000694506540081	96	Iron/zinc purple acid phosphatase-like protein
0.000694506540081	96	gliding motility-like protein
0.000694506540081	96	2-amino-4-hydroxy-6-hydroxymethyldihydropteridine pyrophosphokinase
0.000694506540081	96	methionine adenosyltransferase, partial
0.000694506540081	96	histidine phosphotransferase
0.000694506540081	96	homoaconitate hydratase family protein
0.000694506540081	96	allantoinase
0.000694506540081	96	intein-containing adenosylcobalamin-dependent ribonucleoside-diphosphate reductase
0.000694506540081	96	glycoside hydrolase family 31
0.000694506540081	96	beta-(1-3)-glucosyl transferase
0.000694506540081	96	PEGA domain-containing protein
0.000694506540081	96	lipid-binding protein
0.000694506540081	96	MULTISPECIES: aminopeptidase P family protein
0.000694506540081	96	MULTISPECIES: alpha-hydroxy-acid oxidizing protein
0.000694506540081	96	MULTISPECIES: rhodanese-like domain-containing protein
0.000694506540081	96	DUF1214 domain-containing protein
0.000694506540081	96	NADH-ubiquinone oxidoreductase subunit 3
0.000694506540081	96	MULTISPECIES: IS110 family transposase
0.000694506540081	96	MULTISPECIES: ABC-F family ATPase
0.000694506540081	96	MULTISPECIES: cyclic nucleotide-binding protein
0.000694506540081	96	ATP-dependent Clp protease
0.000694506540081	96	EF-P beta-lysylation protein EpmB
0.000687272096955	95	MULTISPECIES: ATP phosphoribosyltransferase regulatory subunit
0.000687272096955	95	MULTISPECIES: YgiQ family radical SAM protein
0.000687272096955	95	MULTISPECIES: DUF484 domain-containing protein
0.000687272096955	95	MULTISPECIES: urease subunit gamma
0.000687272096955	95	bifunctional adenosylcobinamide kinase/adenosylcobinamide-phosphate guanylyltransferase
0.000687272096955	95	EthD family reductase
0.000687272096955	95	protein NrnU
0.000687272096955	95	MULTISPECIES: shikimate kinase
0.000687272096955	95	MULTISPECIES: butyryl-CoA dehydrogenase
0.000687272096955	95	MULTISPECIES: peptide ABC transporter substrate-binding protein
0.000687272096955	95	MULTISPECIES: MerR family DNA-binding transcriptional regulator
0.000687272096955	95	DUF4349 domain-containing protein
0.000687272096955	95	DUF5050 domain-containing protein
0.000687272096955	95	DUF3141 domain-containing protein
0.000687272096955	95	photosynthetic protein synthase I
0.000687272096955	95	YnfA family protein
0.000687272096955	95	molybdenum cofactor biosynthesis protein B
0.000687272096955	95	nucleoid-associated protein NdpA
0.000687272096955	95	23S rRNA (adenine(2503)-C(2))-methyltransferase
0.000687272096955	95	MULTISPECIES: ATP-dependent RNA helicase HrpA
0.000687272096955	95	poly(3-hydroxybutyrate) depolymerase
0.000687272096955	95	MULTISPECIES: geranylgeranyl diphosphate reductase
0.000687272096955	95	phosphatidylglycerol--membrane-oligosaccharide glycerophosphotransferase
0.000687272096955	95	dTDP-6-deoxy-3,4-keto-hexulose isomerase
0.000687272096955	95	MULTISPECIES: peptidase M13
0.000687272096955	95	MULTISPECIES: 2-C-methyl-D-erythritol 4-phosphate cytidylyltransferase
0.000687272096955	95	chaperone and heat shock protein 70
0.000687272096955	95	MULTISPECIES: methylisocitrate lyase
0.000687272096955	95	MULTISPECIES: type 1 glutamine amidotransferase
0.000687272096955	95	MULTISPECIES: ATP-dependent DNA helicase RecG
0.000687272096955	95	MULTISPECIES: YajQ family cyclic di-GMP-binding protein
0.000687272096955	95	ATP-dependent RNA helicase RhlB
0.000687272096955	95	NADP transhydrogenase subunit alpha, partial
0.000687272096955	95	MULTISPECIES: RNA polymerase-binding protein DksA
0.00068003765383	94	PspC family transcriptional regulator
0.00068003765383	94	branched-chain amino acid transporter
0.00068003765383	94	DUF3710 domain-containing protein
0.00068003765383	94	p-hydroxycinnamoyl CoA hydratase/lyase
0.00068003765383	94	MULTISPECIES: aminotransferase DegT
0.00068003765383	94	cell envelope biogenesis protein TonB
0.00068003765383	94	head-tail adaptor protein
0.00068003765383	94	cytochrome c-type biogenesis protein CcmC heme lyase for CcmE
0.00068003765383	94	MULTISPECIES: thiosulfate oxidation carrier complex protein SoxZ
0.00068003765383	94	MULTISPECIES: rhodanese domain-containing protein
0.00068003765383	94	Fe3+/spermidine/putrescine ABC transporter ATP-binding protein
0.00068003765383	94	DUF4382 domain-containing protein
0.00068003765383	94	MULTISPECIES: CDP-glucose 4,6-dehydratase
0.00068003765383	94	MULTISPECIES: arylesterase
0.00068003765383	94	carboxyl transferase
0.00068003765383	94	MULTISPECIES: magnesium chelatase subunit H
0.00068003765383	94	sortase
0.00068003765383	94	formate C-acetyltransferase
0.00068003765383	94	cadherin
0.00068003765383	94	triphosphoribosyl-dephospho-CoA synthase
0.00068003765383	94	alpha/beta hydrolase fold protein
0.00068003765383	94	MULTISPECIES: ATP synthase subunit A
0.00068003765383	94	MULTISPECIES: tRNA (guanosine(46)-N7)-methyltransferase TrmB
0.00068003765383	94	glutaminase A
0.00068003765383	94	maltose ABC transporter substrate-binding protein
0.00068003765383	94	His-Xaa-Ser system radical SAM maturase HxsC
0.00068003765383	94	phenylphosphate carboxylase subunit delta
0.00068003765383	94	3-phenylpropionate dioxygenase
0.000672803210704	93	DUF2325 domain-containing protein
0.000672803210704	93	flagellar biosynthesis protein FlgH
0.000672803210704	93	Fe-S-cluster-containing hydrogenase
0.000672803210704	93	flavin reductase domain-containing protein
0.000672803210704	93	general secretion pathway protein GspJ
0.000672803210704	93	nitrilotriacetate monooxygenase
0.000672803210704	93	N-methyltryptophan oxidase
0.000672803210704	93	MULTISPECIES: P-II family nitrogen regulator
0.000672803210704	93	bugT protein
0.000672803210704	93	inosine-5-monophosphate dehydrogenase
0.000672803210704	93	DUF3093 domain-containing protein
0.000672803210704	93	flagellar basal body L-ring protein
0.000672803210704	93	daunorubicin ABC transporter ATP-binding protein
0.000672803210704	93	acetylpolyamine amidohydrolase
0.000672803210704	93	MULTISPECIES: OsmC domain/YcaO domain-containing protein
0.000672803210704	93	MULTISPECIES: CDP-6-deoxy-delta-3,4-glucoseen reductase
0.000672803210704	93	NADH dehydrogenase subunit N
0.000672803210704	93	MULTISPECIES: peptidase M61
0.000672803210704	93	beta-galatosidase
0.000672803210704	93	UDP-glucose 6-dehydrogenase
0.000672803210704	93	MULTISPECIES: diacylglycerol kinase
0.000672803210704	93	DUF3298 domain-containing protein
0.000672803210704	93	MULTISPECIES: IS1595 family transposase
0.000672803210704	93	DUF4863 domain-containing protein
0.000665568767578	92	sigma E regulatory protein, MucB/RseB
0.000665568767578	92	phage terminase large subunit PBSX family
0.000665568767578	92	MULTISPECIES: UDP-N-acetylglucosamine diphosphorylase/glucosamine-1-phosphate N-acetyltransferase
0.000665568767578	92	MULTISPECIES: imidazolonepropionase
0.000665568767578	92	protoporphyrinogen IX oxidase
0.000665568767578	92	trehalose utilization
0.000665568767578	92	tRNA 4-thiouridine(8) synthase ThiI
0.000665568767578	92	tyrosine recombinase
0.000665568767578	92	MULTISPECIES: type II secretion system protein F
0.000665568767578	92	RNA polymerase sigma factor, RpoD/SigA family
0.000665568767578	92	nitrile hydratase
0.000665568767578	92	MULTISPECIES: thymidine phosphorylase
0.000665568767578	92	capsular biosynthesis protein CpsI
0.000665568767578	92	sugar phosphate nucleotidyl transferase
0.000665568767578	92	phosphate transport system regulatory protein PhoU, partial
0.000665568767578	92	G protein-coupled receptor LGR4
0.000665568767578	92	GreA/GreB family elongation factor
0.000665568767578	92	arginine kinase
0.000665568767578	92	MULTISPECIES: gamma-glutamyl-phosphate reductase
0.000665568767578	92	outer envelope protein
0.000665568767578	92	mycothiol system anti-sigma-R factor
0.000665568767578	92	MULTISPECIES: 4-(cytidine 5'-diphospho)-2-C-methyl-D-erythritol kinase
0.000665568767578	92	XylR family transcriptional regulator
0.000665568767578	92	MULTISPECIES: RlmE family RNA methyltransferase
0.000665568767578	92	DUF427 domain-containing protein
0.000665568767578	92	integration host factor
0.000665568767578	92	MULTISPECIES: type I restriction endonuclease subunit R
0.000665568767578	92	4Fe-4S binding domain-containing protein
0.000665568767578	92	virion core protein (lumpy skin disease virus)
0.000665568767578	92	CoF synthetase
0.000665568767578	92	chemotaxis protein MotB
0.000665568767578	92	30S ribosomal protein S3, partial
0.000665568767578	92	RNA 2',3'-cyclic phosphodiesterase
0.000658334324452	91	DUF4387 domain-containing protein
0.000658334324452	91	transmembrane HD family protein
0.000658334324452	91	flagellar biosynthesis protein FlgE
0.000658334324452	91	MULTISPECIES: asparagine synthase (glutamine-hydrolyzing)
0.000658334324452	91	MULTISPECIES: nucleotidyltransferase family protein
0.000658334324452	91	MULTISPECIES: magnesium transporter CorA
0.000658334324452	91	delta-60 repeat domain-containing protein
0.000658334324452	91	MULTISPECIES: septation protein A
0.000658334324452	91	type I secretion C-terminal target domain-containing protein, partial
0.000658334324452	91	ureidoglycolate hydrolase
0.000658334324452	91	diacylglycerol kinase catalytic region
0.000658334324452	91	Kdo domain containing protein
0.000658334324452	91	rRNA methylase
0.000658334324452	91	MULTISPECIES: carboxyvinyl-carboxyphosphonate phosphorylmutase
0.000658334324452	91	MULTISPECIES: peptide transporter
0.000658334324452	91	electron transfer flavoprotein
0.000658334324452	91	MULTISPECIES: globin
0.000658334324452	91	2-succinylbenzoate-CoA ligase
0.000658334324452	91	type VI secretion protein EvpB
0.000658334324452	91	MULTISPECIES: 4-hydroxyphenyl-beta-ketoacyl-CoA hydrolase
0.000658334324452	91	16S rRNA (guanine(527)-N(7))-methyltransferase
0.000658334324452	91	MULTISPECIES: ribosomal subunit interface protein
0.000658334324452	91	radical SAM protein, partial
0.000658334324452	91	MULTISPECIES: glycerate kinase
0.000658334324452	91	tautomerase family protein
0.000658334324452	91	KaiC 1
0.000658334324452	91	MULTISPECIES: glycosyl hydrolase
0.000658334324452	91	putative tRNA (adenine-N(1)-)-methyltransferase
0.000658334324452	91	DUF3854 domain-containing protein
0.000651099881326	90	epoxyalkane--coenzyme M transferase
0.000651099881326	90	amino acid amidase
0.000651099881326	90	isoprenylcysteine carboxyl methyltransferase
0.000651099881326	90	IS5/IS1182 family transposase, partial
0.000651099881326	90	DUF3368 domain-containing protein
0.000651099881326	90	MCD, Malonyl-CoA decarboxylase MCD
0.000651099881326	90	(S)-ureidoglycine aminohydrolase
0.000651099881326	90	PTS sorbitol transporter
0.000651099881326	90	MULTISPECIES: spermidine/putrescine ABC transporter permease
0.000651099881326	90	MULTISPECIES: rod shape-determining protein MreC
0.000651099881326	90	DNA replication protein
0.000651099881326	90	protochlorophyllide oxidoreductase
0.000651099881326	90	Fe-S-binding domain-containing protein
0.000651099881326	90	MMPL domain-containing protein
0.000651099881326	90	MULTISPECIES: cytochrome c biogenesis protein ResB
0.000651099881326	90	DUF3179 domain-containing protein
0.000651099881326	90	MULTISPECIES: cell division/cell wall cluster transcriptional repressor MraZ
0.000651099881326	90	DUF3293 domain-containing protein
0.000651099881326	90	MULTISPECIES: DUF721 domain-containing protein
0.000651099881326	90	MULTISPECIES: type Z 30S ribosomal protein S14
0.000651099881326	90	MULTISPECIES: hydroxymethylbilane synthase
0.000651099881326	90	MULTISPECIES: tannase/feruloyl esterase family alpha/beta hydrolase
0.000651099881326	90	conjugal transfer protein TraC
0.000651099881326	90	MULTISPECIES: lipid A biosynthesis acyltransferase
0.000651099881326	90	MULTISPECIES: non-canonical purine NTP pyrophosphatase
0.000651099881326	90	beta-(1,2)-glucan biosynthesis protein
0.000651099881326	90	BNR/Asp-box repeat domain-containing protein
0.000651099881326	90	cysteine--tRNA ligase, partial
0.000651099881326	90	DUF3644 domain-containing protein
0.000651099881326	90	MULTISPECIES: preprotein translocase subunit SecE
0.0006438654382	89	blue-light sensor BLUF
0.0006438654382	89	MULTISPECIES: cytochrome c1
0.0006438654382	89	DUF4167 domain-containing protein
0.0006438654382	89	cytochrome D ubiquinol oxidase subunit II
0.0006438654382	89	para-nitrobenzyl esterase
0.0006438654382	89	MULTISPECIES: acetate--CoA ligase
0.0006438654382	89	MULTISPECIES: permease
0.0006438654382	89	MULTISPECIES: glycine C-acetyltransferase
0.0006438654382	89	Lytic transglycosylase catalytic
0.0006438654382	89	ATP synthase F0F1 subunit epsilon
0.0006438654382	89	MULTISPECIES: 6-phosphogluconolactonase
0.0006438654382	89	exosortase/archaeosortase family protein
0.0006438654382	89	precorrin-3B synthase
0.0006438654382	89	MULTISPECIES: bifunctional 3-demethylubiquinone 3-O-methyltransferase/2-octaprenyl-6-hydroxy phenol methylase
0.0006438654382	89	Matrixin
0.0006438654382	89	phosphate transporter family protein
0.0006438654382	89	type VI secretion system protein ImpG
0.0006438654382	89	MULTISPECIES: 50S ribosomal protein L3 N(5)-glutamine methyltransferase
0.0006438654382	89	cytochrome c550
0.0006438654382	89	9-cis-epoxycarotenoid dioxygenase
0.0006438654382	89	MULTISPECIES: ATP-dependent protease
0.0006438654382	89	MULTISPECIES: agmatinase
0.0006438654382	89	protein tyrosine kinase
0.0006438654382	89	addiction module killer protein
0.0006438654382	89	lytic enzyme
0.0006438654382	89	phosphatidylcholine synthase
0.0006438654382	89	DNA glycosylase
0.0006438654382	89	glutathione ABC transporter ATP-binding protein GsiA
0.0006438654382	89	outer membrane efflux protein
0.0006438654382	89	MULTISPECIES: apolipoprotein N-acyltransferase
0.0006438654382	89	MULTISPECIES: class II fumarate hydratase
0.0006438654382	89	zinc ribbon domain-containing protein
0.0006438654382	89	MULTISPECIES: HD domain-containing protein
0.0006438654382	89	DUF2948 domain-containing protein
0.0006438654382	89	MULTISPECIES: ribonuclease R
0.0006438654382	89	D,D-heptose 1,7-bisphosphate phosphatase
0.0006438654382	89	2-oxopent-4-enoate hydratase
0.0006438654382	89	MULTISPECIES: outer membrane protein assembly factor BamD
0.000636630995075	88	menaquinone biosynthesis methyltransferase
0.000636630995075	88	MULTISPECIES: sulfite dehydrogenase
0.000636630995075	88	DNA (cytosine-5-)-methyltransferase, partial
0.000636630995075	88	MULTISPECIES: alpha-glucosidase
0.000636630995075	88	high-affinity Fe2+/Pb2+ permease
0.000636630995075	88	DNA-binding protein VF530
0.000636630995075	88	malate synthase
0.000636630995075	88	MULTISPECIES: deoxycytidine triphosphate deaminase
0.000636630995075	88	MULTISPECIES: glycolate oxidase subunit GlcD
0.000636630995075	88	MULTISPECIES: 23S rRNA (pseudouridine(1915)-N(3))-methyltransferase RlmH
0.000636630995075	88	farnesyl-diphosphate synthase
0.000636630995075	88	cobalt-precorrin-6A reductase
0.000636630995075	88	glutamine synthetase catalytic region
0.000636630995075	88	SLC13 family permease
0.000636630995075	88	endosialidase chaperone
0.000636630995075	88	MULTISPECIES: ABC-ATPase UvrA
0.000636630995075	88	prolyl-tRNA synthetase associated domain-containing protein
0.000636630995075	88	MULTISPECIES: acetyl-CoA carboxylase biotin carboxyl carrier protein subunit
0.000636630995075	88	CRISPR-associated endonuclease Cas2
0.000636630995075	88	iron-sulfur-binding reductase
0.000636630995075	88	ribonucleoside-diphosphate reductase subunit alpha, partial
0.000636630995075	88	MULTISPECIES: glycogen synthase
0.000636630995075	88	dihydroxyacetone kinase subunit L
0.000636630995075	88	GABA permease
0.000636630995075	88	fructofuranosidase/invertase
0.000636630995075	88	SMI1/KNR4 family protein
0.000636630995075	88	acyl-CoA thioester hydrolase
0.000636630995075	88	MULTISPECIES: Xaa-Pro aminopeptidase
0.000636630995075	88	ResB protein required for cytochrome C biosynthesis
0.000636630995075	88	MULTISPECIES: peroxide stress protein YaaA
0.000636630995075	88	MULTISPECIES: phosphonate ABC transporter, permease protein PhnE
0.000636630995075	88	MULTISPECIES: folate-binding protein
0.000636630995075	88	putative endonuclease VIII
0.000636630995075	88	MULTISPECIES: protocatechuate 3,4-dioxygenase
0.000629396551949	87	MULTISPECIES: aspartate aminotransferase
0.000629396551949	87	DUF3149 domain-containing protein
0.000629396551949	87	nucleotide-binding protein
0.000629396551949	87	cellulose biosynthesis protein BcsG
0.000629396551949	87	mandelate racemase/muconate lactonizing protein
0.000629396551949	87	MULTISPECIES: ISC system 2Fe-2S type ferredoxin
0.000629396551949	87	LVIVD
0.000629396551949	87	membrane assembly protein AsmA
0.000629396551949	87	polyamine ABC transporter substrate-binding lipoprotein
0.000629396551949	87	sodium:calcium exchanger
0.000629396551949	87	MULTISPECIES: LLM class F420-dependent oxidoreductase
0.000629396551949	87	DUF111 domain-containing protein
0.000629396551949	87	PAN domain-containing protein
0.000629396551949	87	RNA polymerase major sigma-43 factor (sigma-A)
0.000629396551949	87	MULTISPECIES: flagellar motor stator protein MotA
0.000629396551949	87	DUF3473 domain-containing protein
0.000629396551949	87	acylamide amidohydrolase
0.000629396551949	87	8-oxo-dGTP diphosphatase
0.000629396551949	87	MULTISPECIES: biopolymer transporter ExbB
0.000629396551949	87	C4-dicarboxylate transporter
0.000629396551949	87	preprotein translocase subunit SecA, partial
0.000629396551949	87	queuine tRNA-ribosyltransferase
0.000629396551949	87	chain length determinant protein EpsF
0.000629396551949	87	DUF1819 domain-containing protein
0.000629396551949	87	MULTISPECIES: 4-hydroxythreonine-4-phosphate dehydrogenase PdxA
0.000629396551949	87	MULTISPECIES: 5-formyltetrahydrofolate cyclo-ligase
0.000629396551949	87	DUF4230 domain-containing protein
0.000629396551949	87	MULTISPECIES: N utilization substance protein B
0.000629396551949	87	MULTISPECIES: phosphoadenosine phosphosulfate reductase
0.000629396551949	87	ferritin-like domain-containing protein
0.000629396551949	87	MULTISPECIES: aldehyde oxidase
0.000629396551949	87	LPS biosynthesis choline kinase
0.000629396551949	87	MULTISPECIES: phosphoserine phosphatase SerB
0.000622162108823	86	MULTISPECIES: tRNA dihydrouridine(20/20a) synthase DusA
0.000622162108823	86	DUF4031 domain-containing protein
0.000622162108823	86	ApbE family lipoprotein
0.000622162108823	86	MULTISPECIES: RNA polymerase sigma factor RpoE
0.000622162108823	86	MULTISPECIES: glutamate decarboxylase
0.000622162108823	86	MULTISPECIES: tRNA pseudouridine(38-40) synthase TruA
0.000622162108823	86	type II CRISPR-associated endonuclease Cas1
0.000622162108823	86	NADH:ubiquinone oxidoreductase
0.000622162108823	86	MULTISPECIES: antibiotic biosynthesis monooxygenase
0.000622162108823	86	aldehyde oxidase and xanthine dehydrogenase molybdopterin-binding protein
0.000622162108823	86	relaxase
0.000622162108823	86	secretin
0.000622162108823	86	putative toxin-antitoxin system toxin component, PIN family
0.000622162108823	86	DUF3616 domain-containing protein
0.000622162108823	86	DUF4142 domain-containing protein
0.000622162108823	86	DUF3034 domain-containing protein
0.000622162108823	86	N-acetylornithine carbamoyltransferase
0.000622162108823	86	ISNCY family transposase
0.000622162108823	86	class Ib ribonucleoside-diphosphate reductase assembly flavoprotein NrdI
0.000622162108823	86	MULTISPECIES: DUF885 domain-containing protein
0.000622162108823	86	MULTISPECIES: xylulokinase
0.000622162108823	86	levanase
0.000622162108823	86	allantoicase
0.000622162108823	86	MULTISPECIES: protease
0.000622162108823	86	exosortase
0.000622162108823	86	MULTISPECIES: Fe-S cluster assembly transcriptional regulator IscR
0.000622162108823	86	xylose isomerase, partial
0.000622162108823	86	DNA maturase B
0.000622162108823	86	phosphonate C-P lyase system protein PhnH
0.000622162108823	86	MULTISPECIES: peptidase M42
0.000622162108823	86	coenzyme F420 hydrogenase subunit beta
0.000622162108823	86	MULTISPECIES: DUF179 domain-containing protein
0.000622162108823	86	DUF2326 domain-containing protein
0.000614927665697	85	MULTISPECIES: tRNA(Ile)-lysidine synthetase
0.000614927665697	85	MULTISPECIES: tripartite tricarboxylate transporter substrate binding protein BugE
0.000614927665697	85	MULTISPECIES: NAD(P)H-quinone oxidoreductase
0.000614927665697	85	MULTISPECIES: nitrate ABC transporter substrate-binding protein
0.000614927665697	85	DNA topoisomerase I, partial
0.000614927665697	85	peptidase M4 family protein
0.000614927665697	85	DUF1353 domain-containing protein
0.000614927665697	85	methylenetetrahydromethanopterin dehydrogenase
0.000614927665697	85	oligopeptide ABC transporter ATP-binding protein OppF
0.000614927665697	85	DUF4384 domain-containing protein
0.000614927665697	85	cation tolerance protein CutA
0.000614927665697	85	dihydrolipoamide succinyltransferase
0.000614927665697	85	NfeD family protein
0.000614927665697	85	MULTISPECIES: biotin synthase BioB
0.000614927665697	85	MULTISPECIES: DNA helicase
0.000614927665697	85	SfnB family sulfur acquisition oxidoreductase
0.000614927665697	85	aliphatic sulfonate ABC transporter substrate-binding protein
0.000614927665697	85	MULTISPECIES: PHP domain-containing protein
0.000614927665697	85	DsrE/DsrF-like family protein
0.000614927665697	85	DUF1853 domain-containing protein
0.000614927665697	85	MULTISPECIES: citramalate synthase
0.000614927665697	85	2,5-diketo-D-gluconic acid reductase
0.000614927665697	85	competence protein ComE
0.000614927665697	85	MULTISPECIES: DUF3467 domain-containing protein
0.000614927665697	85	2-hydroxy-6-oxo-2,4-heptadienoate hydrolase
0.000614927665697	85	bifunctional uroporphyrinogen-III C-methyltransferase/uroporphyrinogen-III synthase
0.000614927665697	85	DUF2868 domain-containing protein
0.000614927665697	85	type II toxin-antitoxin system prevent-host-death family antitoxin
0.000614927665697	85	adenylosuccinate lyase, partial
0.000614927665697	85	MULTISPECIES: low molecular weight phosphotyrosine protein phosphatase
0.000614927665697	85	MULTISPECIES: outer membrane protein assembly factor BamC
0.000614927665697	85	hyalin
0.000614927665697	85	MULTISPECIES: nitrate ABC transporter ATP-binding protein
0.000607693222571	84	basic amino acid ABC transporter substrate-binding protein
0.000607693222571	84	sulfurase
0.000607693222571	84	carbohydrate hydrolase
0.000607693222571	84	polar amino acid ABC transporter permease
0.000607693222571	84	threonine transporter RhtB
0.000607693222571	84	tat (twin-arginine translocation) pathway signal sequence
0.000607693222571	84	MULTISPECIES: heme-binding protein
0.000607693222571	84	MULTISPECIES: signal peptide peptidase SppA
0.000607693222571	84	DUF126 domain-containing protein
0.000607693222571	84	urease accessory protein UreD
0.000607693222571	84	MULTISPECIES: ShlB/FhaC/HecB family hemolysin secretion/activation protein
0.000607693222571	84	inhibition of morphological differentiation protein
0.000607693222571	84	GSCFA family protein
0.000607693222571	84	MULTISPECIES: phenylacetic acid degradation protein
0.000607693222571	84	TonB-dependent copper receptor
0.000607693222571	84	protocatechuate 3,4-dioxygenase subunit alpha
0.000607693222571	84	TerL
0.000607693222571	84	MULTISPECIES: DUF3429 domain-containing protein
0.000607693222571	84	Basal body P-ring protein
0.000607693222571	84	2-methylcitrate dehydratase, partial
0.000607693222571	84	primase
0.000607693222571	84	UDP-N-acetylmuramoylalanyl-D-glutamate--2, 6-diaminopimelate ligase
0.000607693222571	84	photosystem I chlorophyll a apoprotein A2
0.000607693222571	84	translation elongation factor Tu, partial
0.000607693222571	84	carbamoyl-phosphate-synthetase
0.000607693222571	84	VapC toxin family PIN domain ribonuclease
0.000607693222571	84	LysR family transcriptional regulator, partial
0.000607693222571	84	myo-inositol 2-dehydrogenase
0.000607693222571	84	chromosome segregation and condensation protein ScpA
0.000607693222571	84	ISL3 family transposase, partial
0.000607693222571	84	IS3 family transposase ISDsh1
0.000607693222571	84	DEAD/DEAH box helicase domain protein
0.000607693222571	84	phenylacetic acid degradation protein PaaY
0.000600458779445	83	NAD(P)H-hydrate epimerase
0.000600458779445	83	DUF3352 domain-containing protein
0.000600458779445	83	MULTISPECIES: cystathionine beta-synthase
0.000600458779445	83	TRAP transporter small permease protein
0.000600458779445	83	hemolytic protein HlpA-like protein
0.000600458779445	83	formaldehyde-activating enzyme
0.000600458779445	83	DUF4350 domain-containing protein
0.000600458779445	83	precorrin-8X methylmutase
0.000600458779445	83	putative mannose-1-phosphate guanylyltransferase
0.000600458779445	83	MULTISPECIES: mandelate racemase
0.000600458779445	83	NADH-ubiquinone/plastoquinone oxidoreductase chain 3
0.000600458779445	83	type I secretion protein
0.000600458779445	83	alkanesulfonate monooxygenase, FMNH(2)-dependent
0.000600458779445	83	photosystem II reaction center protein Psb28
0.000600458779445	83	NADPH quinone oxidoreductase
0.000600458779445	83	thiamine pyrophosphate protein
0.000600458779445	83	EpsG family protein
0.000600458779445	83	MULTISPECIES: biotin-
0.000600458779445	83	FAH family protein
0.000600458779445	83	DUF456 domain-containing protein
0.000600458779445	83	ornithine decarboxylase, partial
0.000600458779445	83	MULTISPECIES: trans-2-enoyl-CoA reductase
0.000600458779445	83	flagellar biosynthesis protein FliC
0.000600458779445	83	MULTISPECIES: tellurium resistance protein TerC
0.000600458779445	83	PolC-type DNA polymerase III
0.000600458779445	83	alpha-L-glutamate ligase
0.000600458779445	83	cystathionine gamma-lyase
0.000600458779445	83	TIGR02206 family membrane protein
0.000600458779445	83	DegT/DnrJ/EryC1/StrS aminotransferase
0.000600458779445	83	cell wall associated biofilm protein
0.000600458779445	83	Clp protease ClpP
0.000600458779445	83	putative selenoprotein
0.000600458779445	83	DUF4202 domain-containing protein
0.000600458779445	83	peptidoglycan L-alanyl-D-glutamate endopeptidase
0.000600458779445	83	thermosome subunit
0.000600458779445	83	thymidylate synthase, flavin-dependent
0.000600458779445	83	glycosyl transferase group 1 family protein
0.000600458779445	83	glycerol-3-phosphate ABC transporter substrate-binding protein
0.000600458779445	83	putative LytR family regulatory protein
0.000600458779445	83	phosphoenolpyruvate mutase
0.000600458779445	83	preprotein translocase subunit Tim44
0.000600458779445	83	RNA polymerase sigma factor HrdD
0.000600458779445	83	DUF2587 domain-containing protein
0.000600458779445	83	VirE protein
0.000600458779445	83	Phthalate 4,5-dioxygenase oxygenase subunit
0.000600458779445	83	MULTISPECIES: cellobiose transport system ATP-binding protein
0.000600458779445	83	CHAD domain-containing protein
0.000600458779445	83	sodium/glutamate symporter
0.000600458779445	83	DUF1116 domain-containing protein
0.000600458779445	83	MULTISPECIES: phosphoribosylformylglycinamidine synthase subunit PurS
0.000600458779445	83	FeS-binding protein
0.000593224336319	82	MULTISPECIES: SELO family protein
0.000593224336319	82	MULTISPECIES: light-harvesting protein
0.000593224336319	82	DNA repair protein MmcB-related protein
0.000593224336319	82	protein rnfH
0.000593224336319	82	MULTISPECIES: DUF2237 domain-containing protein
0.000593224336319	82	polysialic acid transporter
0.000593224336319	82	site-specific recombinase XerD
0.000593224336319	82	leucine--tRNA ligase, partial
0.000593224336319	82	choline ABC transporter permease subunit
0.000593224336319	82	NAD(P)H-quinone oxidoreductase subunit F
0.000593224336319	82	MULTISPECIES: 3-dehydroquinate dehydratase
0.000593224336319	82	50S ribosomal protein L25/general stress protein Ctc
0.000593224336319	82	MULTISPECIES: RNA pseudouridine synthase
0.000593224336319	82	HipA-like
0.000593224336319	82	phage integrase
0.000593224336319	82	sulfite reductase, ferredoxin dependent
0.000593224336319	82	phage shock protein operon transcriptional activator
0.000593224336319	82	terephthalate 1,2-dioxygenase
0.000593224336319	82	MULTISPECIES: patatin
0.000593224336319	82	DUF1153 domain-containing protein
0.000593224336319	82	ADP-L-glycero-D-manno-heptose-6-epimerase
0.000593224336319	82	DNA photolyase FAD-binding protein
0.000593224336319	82	L-selenocysteinyl-tRNA(Sec) synthase
0.000593224336319	82	propionyl-CoA--succinate CoA transferase
0.000593224336319	82	flagellar hook-basal body protein
0.000593224336319	82	DNA/RNA nuclease SfsA
0.000593224336319	82	N-acetylmuramidase
0.000593224336319	82	DUF188 domain-containing protein
0.000593224336319	82	IS4 family transposase ISPosp4
0.000585989893194	81	MULTISPECIES: aspartate/tyrosine/aromatic aminotransferase
0.000585989893194	81	MULTISPECIES: F0F1 ATP synthase subunit epsilon
0.000585989893194	81	glycoside hydrolase family 81
0.000585989893194	81	protein-export protein SecB
0.000585989893194	81	L(+)-tartrate dehydratase subunit alpha
0.000585989893194	81	phosphoglycerate kinase, partial
0.000585989893194	81	MULTISPECIES: acetolactate synthase 3 catalytic subunit
0.000585989893194	81	MULTISPECIES: phosphate regulon sensor histidine kinase PhoR
0.000585989893194	81	gliding motility lipoprotein
0.000585989893194	81	DUF454 domain-containing protein
0.000585989893194	81	DUF1501 domain-containing protein, partial
0.000585989893194	81	twin arginine-targeting protein translocase TatC
0.000585989893194	81	EscN/YscN/HrcN family type III secretion system ATPase
0.000585989893194	81	MULTISPECIES: CoA transferase subunit A
0.000585989893194	81	bacillithiol biosynthesis cysteine-adding enzyme BshC
0.000585989893194	81	DUF4154 domain-containing protein
0.000585989893194	81	MULTISPECIES: polyketide cyclase
0.000585989893194	81	MULTISPECIES: zinc metalloprotease HtpX
0.000585989893194	81	type II toxin-antitoxin system MqsA family antitoxin
0.000585989893194	81	2-oxoisovalerate dehydrogenase
0.000585989893194	81	MULTISPECIES: spermidine synthase
0.000585989893194	81	branched-chain amino acid ABC transporter permease, partial
0.000585989893194	81	choline ABC transporter ATP-binding protein
0.000585989893194	81	MULTISPECIES: phosphate ABC transporter substrate-binding protein PstS
0.000585989893194	81	glutamine--tRNA ligase/YqeY domain fusion protein, partial
0.000585989893194	81	DUF1428 domain-containing protein
0.000585989893194	81	class III cytochrome C family protein
0.000585989893194	81	MULTISPECIES: tricarballylate dehydrogenase
0.000585989893194	81	DUF2202 domain-containing protein
0.000585989893194	81	MULTISPECIES: imidazole glycerol phosphate synthase subunit HisF
0.000585989893194	81	OmpA/MotB domain protein
0.000585989893194	81	MULTISPECIES: SOS response-associated peptidase
0.000585989893194	81	MULTISPECIES: 2-nitropropane dioxygenase
0.000585989893194	81	MULTISPECIES: spermidine/putrescine ABC transporter substrate-binding protein
0.000585989893194	81	flavin-nucleotide-binding protein
0.000585989893194	81	heat-shock protein HspR
0.000578755450068	80	DUF2207 domain-containing protein
0.000578755450068	80	enoyl-CoA hydratase, partial
0.000578755450068	80	MULTISPECIES: IS256 family transposase
0.000578755450068	80	MULTISPECIES: low specificity L-threonine aldolase
0.000578755450068	80	cell division protein FtsE
0.000578755450068	80	DUF2190 domain-containing protein
0.000578755450068	80	MULTISPECIES: bis(5'-nucleosyl)-tetraphosphatase (symmetrical)
0.000578755450068	80	phospholipase/carboxylesterase
0.000578755450068	80	DUF1489 domain-containing protein
0.000578755450068	80	MULTISPECIES: phosphogluconate dehydratase
0.000578755450068	80	DNA recombination protein RecT
0.000578755450068	80	zinc ABC transporter ATP-binding protein ZnuC
0.000578755450068	80	geranylgeranyl diphosphate synthase
0.000578755450068	80	MULTISPECIES: DUF3341 domain-containing protein
0.000578755450068	80	23S rRNA pseudouridine(955/2504/2580) synthase
0.000578755450068	80	NHLP bacteriocin export ABC transporter permease/ATPase subunit
0.000578755450068	80	maf-like protein
0.000578755450068	80	peptidase C14 caspase catalytic subunit p20
0.000578755450068	80	UBA/THIF-type NAD/FAD-binding protein
0.000578755450068	80	MULTISPECIES: SulP family inorganic anion transporter
0.000578755450068	80	plasmid maintenance system killer
0.000578755450068	80	DUF1499 domain-containing protein
0.000578755450068	80	arabinosidase
0.000578755450068	80	MULTISPECIES: beta-N-acetylhexosaminidase
0.000578755450068	80	MEKHLA domain-containing protein
0.000571521006942	79	subtilisin-like serine protease
0.000571521006942	79	RNA polymerase Rpb6
0.000571521006942	79	indolepyruvate decarboxylase
0.000571521006942	79	DUF1326 domain-containing protein
0.000571521006942	79	DUF1398 domain-containing protein
0.000571521006942	79	MULTISPECIES: ubiquinone biosynthesis protein UbiH
0.000571521006942	79	MULTISPECIES: peptidase M28
0.000571521006942	79	amino acid-transporting permease
0.000571521006942	79	MULTISPECIES: D-glycerate dehydrogenase
0.000571521006942	79	ATP synthase subunit C
0.000571521006942	79	DNA-binding transcriptional regulator KdgR
0.000571521006942	79	TraG family conjugative transposon ATPase
0.000571521006942	79	terminase, partial
0.000571521006942	79	protein phosphatase 2C domain-containing protein
0.000571521006942	79	integrase, partial
0.000571521006942	79	tRNA modification GTPase, partial
0.000571521006942	79	heme oxygenase (biliverdin-producing)
0.000571521006942	79	glycine betaine/L-proline ABC transporter ATP-binding protein
0.000571521006942	79	cellobiose phosphorylase
0.000571521006942	79	protein containing Filamentous hemagglutinin
0.000571521006942	79	Flp family type IVb pilin
0.000571521006942	79	vitamin K epoxide reductase
0.000571521006942	79	glycerol-3-phosphate dehydrogenase (NAD(P)(+))
0.000571521006942	79	MULTISPECIES: chromosome segregation protein ScpA
0.000571521006942	79	MULTISPECIES: bifunctional diguanylate cyclase/phosphodiesterase
0.000571521006942	79	exonuclease SbcCD subunit D
0.000571521006942	79	MULTISPECIES: peptidoglycan-binding protein
0.000571521006942	79	MULTISPECIES: Glu/Leu/Phe/Val dehydrogenase
0.000571521006942	79	DUF4343 domain-containing protein
0.000571521006942	79	benzoate 1,2-dioxygenase small subunit
0.000571521006942	79	UDP pyrophosphate synthase
0.000571521006942	79	DUF3515 domain-containing protein
0.000571521006942	79	MULTISPECIES: succinate dehydrogenase, cytochrome b556 subunit
0.000571521006942	79	glycoside hydrolase family 24
0.000571521006942	79	RpoD subfamily RNA polymerase sigma-70 subunit
0.000571521006942	79	MULTISPECIES: peptidase M41
0.000571521006942	79	sialic acid synthase
0.000564286563816	78	cytochrome c biogenesis protein DipZ
0.000564286563816	78	MULTISPECIES: PadR family transcriptional regulator
0.000564286563816	78	UPF0262 family protein
0.000564286563816	78	YciK family oxidoreductase
0.000564286563816	78	Na+ dependent nucleoside transporter domain protein
0.000564286563816	78	DUF2087 domain-containing protein
0.000564286563816	78	succinate dehydrogenase flavoprotein subunit, partial
0.000564286563816	78	ammonium transporter, partial
0.000564286563816	78	MazF family transcriptional regulator
0.000564286563816	78	NADH-quinone oxidoreductase
0.000564286563816	78	1,3-beta-glucanase
0.000564286563816	78	DNA polymerase subunit beta
0.000564286563816	78	MULTISPECIES: gliding motility protein
0.000564286563816	78	beta-3-deoxy-D-manno-oct-2-ulosonic acid transferase
0.000564286563816	78	sulfatase atsG
0.000564286563816	78	DUF948 domain-containing protein
0.000564286563816	78	D-lyxose/D-mannose family sugar isomerase
0.000564286563816	78	peptidase A24
0.000564286563816	78	MULTISPECIES: acyl dehydratase
0.000564286563816	78	MULTISPECIES: glucokinase
0.000564286563816	78	homoserine O-succinyltransferase
0.000564286563816	78	RpiR family transcriptional regulator
0.000564286563816	78	two-component system response regulator CreB
0.000564286563816	78	MULTISPECIES: cytochrome-c oxidase, cbb3-type subunit III
0.000564286563816	78	cytochrome c553
0.000564286563816	78	glycerol dehydrogenase
0.000564286563816	78	MULTISPECIES: flavin reductase
0.000564286563816	78	S-adenosyl-methyltransferase
0.000564286563816	78	Na(+)/H(+) antiporter NhaA
0.000564286563816	78	3',5'-cyclic-AMP phosphodiesterase
0.000564286563816	78	sterol-binding protein
0.000564286563816	78	MULTISPECIES: bacteriophage K family protein
0.000564286563816	78	membrane protein, partial
0.000564286563816	78	MULTISPECIES: cytochrome B
0.000564286563816	78	DUF3046 domain-containing protein
0.000564286563816	78	MULTISPECIES: tetraacyldisaccharide 4'-kinase
0.000564286563816	78	NADH-ubiquinone oxidoreductase
0.000564286563816	78	DUF4126 domain-containing protein
0.000564286563816	78	MULTISPECIES: phospho-sugar mutase
0.000564286563816	78	dimethylsulfoniopropionate demethylase
0.000564286563816	78	DUF917 domain-containing protein
0.000564286563816	78	MULTISPECIES: ribose-5-phosphate isomerase
0.000564286563816	78	molecular chaperone HscC
0.00055705212069	77	MULTISPECIES: DnaA regulatory inactivator Hda
0.00055705212069	77	4-hydroxyacetophenone monooxygenase
0.00055705212069	77	putative Sulfatase
0.00055705212069	77	cell envelope integrity/translocation protein TolA
0.00055705212069	77	PleD family two-component system response regulator
0.00055705212069	77	MULTISPECIES: flagellar biosynthesis protein FlhA
0.00055705212069	77	DUF817 domain-containing protein
0.00055705212069	77	PAS domain S-box
0.00055705212069	77	replication initiation protein
0.00055705212069	77	MULTISPECIES: NADH-quinone oxidoreductase subunit E
0.00055705212069	77	nucleic acid-binding protein
0.00055705212069	77	MULTISPECIES: GTP cyclohydrolase I
0.00055705212069	77	ZIP zinc transporter
0.00055705212069	77	4-hydroxy-3-methylbut-2-en-1-yl diphosphate synthase, partial
0.00055705212069	77	MULTISPECIES: methylmalonyl Co-A mutase-associated GTPase MeaB
0.00055705212069	77	ribulose-bisphosphate carboxylase
0.00055705212069	77	tail length tape measure protein
0.00055705212069	77	MULTISPECIES: MurR/RpiR family transcriptional regulator
0.00055705212069	77	MULTISPECIES: HslU--HslV peptidase ATPase subunit
0.00055705212069	77	alpha-L-glycero-D-manno-heptose beta-1,4-glucosyltransferase
0.00055705212069	77	general secretion pathway protein GspF
0.00055705212069	77	ribonucleoside-diphosphate reductase alpha chain
0.00055705212069	77	carotene isomerase
0.00055705212069	77	PEP-utilizing protein mobile subunit
0.00055705212069	77	bifunctional fucokinase/L-fucose-1-P-guanylyltransferase
0.00055705212069	77	putative amino acid ABC transporter permease protein
0.00055705212069	77	helicase IV
0.00055705212069	77	CHRD domain-containing protein
0.00055705212069	77	3-deoxy-D-manno-oct-2-ulosonic acid (Kdo) hydroxylase
0.00055705212069	77	YfcC family protein
0.00055705212069	77	azurin
0.00055705212069	77	MULTISPECIES: DUF2147 domain-containing protein
0.00055705212069	77	ATP-dependent protease ATP-binding subunit ClpX, partial
0.00055705212069	77	chemotaxis protein, partial
0.00055705212069	77	phospholipase D/transphosphatidylase
0.00055705212069	77	RNA polymerase sigma factor RpoD, partial
0.00055705212069	77	MULTISPECIES: signal peptidase II
0.00055705212069	77	NADPH-quinone oxidoreductase
0.00055705212069	77	regulator of chromosome condensation RCC1
0.00055705212069	77	carbon-nitrogen family hydrolase
0.00055705212069	77	MULTISPECIES: 3-hydroxy-2-methylbutyryl-CoA dehydrogenase
0.00055705212069	77	MULTISPECIES: sulfate adenylyltransferase subunit 2
0.00055705212069	77	cytochrome o ubiquinol oxidase subunit III
0.00055705212069	77	UDP-GlcNAc--UDP-phosphate GlcNAc-1-phosphate transferase
0.00055705212069	77	alpha-glucoside ABC transporter permease
0.00055705212069	77	MULTISPECIES: flagellar motor protein MotB
0.00055705212069	77	MULTISPECIES: sulfite reductase
0.00055705212069	77	MULTISPECIES: phosphoribosyl-AMP cyclohydrolase
0.00055705212069	77	Na+/melibiose symporter and related transporter-like protein
0.000549817677564	76	phthalate 4,5-dioxygenase
0.000549817677564	76	DUF547 domain-containing protein
0.000549817677564	76	MULTISPECIES: YggS family pyridoxal phosphate-dependent enzyme
0.000549817677564	76	sodium:galactoside symporter
0.000549817677564	76	rhamnonate dehydratase
0.000549817677564	76	phosphate--nucleotide phosphotransferase
0.000549817677564	76	MULTISPECIES: photosystem I core protein PsaA
0.000549817677564	76	selenium-dependent xanthine dehydrogenase
0.000549817677564	76	sulfate permease
0.000549817677564	76	fumarylacetoacetate (FAA) hydrolase
0.000549817677564	76	NAD(P)H-quinone oxidoreductase subunit D4
0.000549817677564	76	acetoin utilization protein AcuC
0.000549817677564	76	MULTISPECIES: hydroxyacylglutathione hydrolase
0.000549817677564	76	formate acetyltransferase
0.000549817677564	76	CoA transferase, partial
0.000549817677564	76	MULTISPECIES: phospholipid carrier-dependent glycosyltransferase
0.000549817677564	76	magnesium transporter MgtC
0.000549817677564	76	MULTISPECIES: 5'-nucleotidase
0.000549817677564	76	MULTISPECIES: histidinol phosphatase
0.000549817677564	76	endo-1,3(4)-beta-glucanase
0.000549817677564	76	MULTISPECIES: DNA-3-methyladenine glycosylase 2 family protein
0.000549817677564	76	murein peptide amidase A
0.000549817677564	76	bifunctional glutamate N-acetyltransferase/amino-acid N-acetyltransferase
0.000549817677564	76	bifunctional DNA primase/polymerase
0.000549817677564	76	glycerol-3-phosphate ABC transporter ATP-binding protein
0.000549817677564	76	MULTISPECIES: type VI secretion protein
0.000549817677564	76	DUF937 domain-containing protein
0.000549817677564	76	DUF4238 domain-containing protein
0.000549817677564	76	3-methyl-2-oxobutanoate dehydrogenase
0.000542583234438	75	methyl-accepting chemotaxis protein, partial
0.000542583234438	75	DUF3037 domain-containing protein
0.000542583234438	75	MULTISPECIES: 2-dehydropantoate 2-reductase
0.000542583234438	75	phosphomannose isomerase
0.000542583234438	75	ribosomal RNA large subunit methyltransferase E
0.000542583234438	75	type IV pilus modification protein PilV
0.000542583234438	75	NAD(P)H-binding protein
0.000542583234438	75	drug/metabolite exporter YedA
0.000542583234438	75	3-polyprenyl-4-hydroxybenzoate decarboxylase
0.000542583234438	75	multidrug ABC transporter
0.000542583234438	75	MULTISPECIES: thiazole synthase
0.000542583234438	75	MULTISPECIES: acetyl-CoA C-acetyltransferase
0.000542583234438	75	2-oxoacid ferredoxin oxidoreductase
0.000542583234438	75	MULTISPECIES: MaoC family dehydratase
0.000542583234438	75	NADH dehydrogenase (quinone)
0.000542583234438	75	flagellar assembly protein H
0.000542583234438	75	MULTISPECIES: class I poly(R)-hydroxyalkanoic acid synthase
0.000542583234438	75	MULTISPECIES: universal stress protein
0.000542583234438	75	adenine-specific DNA methylase
0.000542583234438	75	Sec-independent protein translocase TatA
0.000542583234438	75	formate dehydrogenase family accessory protein FdhD
0.000542583234438	75	nitrilase/cyanide hydratase and apolipoprotein N-acyltransferase
0.000542583234438	75	tRNA (N6-adenosine(37)-N6)-threonylcarbamoyltransferase complex ATPase TsaE
0.000542583234438	75	MULTISPECIES: phosphoesterase
0.000542583234438	75	sugar transporter permease
0.000542583234438	75	MULTISPECIES: DUF3117 domain-containing protein
0.000542583234438	75	2-dehydro-3-deoxyphosphogluconate aldolase
0.000542583234438	75	type VI secretion system Vgr family protein
0.000542583234438	75	stage V sporulation protein D
0.000542583234438	75	threonine--tRNA ligase, partial
0.000542583234438	75	MULTISPECIES: dephospho-CoA kinase
0.000542583234438	75	L-lysine 6-transaminase
0.000542583234438	75	zinc transporter ZntB
0.000542583234438	75	4-oxalocrotonate decarboxylase
0.000542583234438	75	cytochrome C, partial
0.000542583234438	75	strictosidine synthase
0.000542583234438	75	MULTISPECIES: ribosome maturation factor RimP
0.000542583234438	75	MULTISPECIES: lipid-A-disaccharide synthase
0.000542583234438	75	MULTISPECIES: phosphatidylinositol kinase
0.000542583234438	75	NmrA family transcriptional regulator
0.000542583234438	75	polysaccharide synthesis protein GtrA
0.000535348791313	74	MULTISPECIES: thiosulfohydrolase SoxB
0.000535348791313	74	nucleotidyltransferase/DNA polymerase involved in DNA repair
0.000535348791313	74	3-hydroxyacyl-CoA dehydrogenase, partial
0.000535348791313	74	MULTISPECIES: terminase B
0.000535348791313	74	MULTISPECIES: DNA mismatch repair protein MutL
0.000535348791313	74	MULTISPECIES: protein RarD
0.000535348791313	74	ribosomal RNA small subunit methyltransferase H
0.000535348791313	74	DUF4102 domain-containing protein
0.000535348791313	74	MULTISPECIES: recombinase family protein
0.000535348791313	74	DNA-binding transcriptional regulator
0.000535348791313	74	UbiH/UbiF/VisC/COQ6 family ubiquinone biosynthesis hydroxylase
0.000535348791313	74	MULTISPECIES: bifunctional UDP-N-acetylmuramoyl-tripeptide:D-alanyl-D-alanine ligase/alanine racemase
0.000535348791313	74	MULTISPECIES: ubiquinol-cytochrome c reductase
0.000535348791313	74	MULTISPECIES: PIN domain nuclease
0.000535348791313	74	chromosome condensation protein CrcB
0.000535348791313	74	MULTISPECIES: constituent protein
0.000535348791313	74	MULTISPECIES: DNA recombination protein RmuC
0.000535348791313	74	primosomal protein N', partial
0.000535348791313	74	NADPH dehydrogenase NamA
0.000535348791313	74	MULTISPECIES: hypothetical protein, partial
0.000535348791313	74	DUF4233 domain-containing protein
0.000535348791313	74	transketolase, partial
0.000535348791313	74	pyridoxal kinase
0.000535348791313	74	LexA repressor
0.000535348791313	74	glycosyltransferase group 2
0.000535348791313	74	MULTISPECIES: YggW family oxidoreductase
0.000535348791313	74	2-aminoadipate aminotransferase
0.000535348791313	74	MexE family multidrug efflux RND transporter periplasmic adaptor subunit
0.000535348791313	74	DUF4397 domain-containing protein
0.000535348791313	74	osmoprotectant uptake system permease
0.000535348791313	74	MULTISPECIES: alkyl hydroperoxide reductase subunit F
0.000535348791313	74	MULTISPECIES: NAD(P) transhydrogenase subunit beta
0.000535348791313	74	capsule polysaccharide transporter
0.000535348791313	74	RNB domain-containing protein
0.000535348791313	74	helicase DnaB
0.000535348791313	74	transcriptional activator RfaH
0.000535348791313	74	biotin carboxyl carrier protein
0.000528114348187	73	phosphonate metabolism protein PhnI
0.000528114348187	73	MULTISPECIES: YggT family protein
0.000528114348187	73	bicarbonate-binding protein
0.000528114348187	73	MULTISPECIES: nitrogen regulation protein NR(I)
0.000528114348187	73	MULTISPECIES: type I secretion protein TolC
0.000528114348187	73	LPS biosynthesis protein PseA
0.000528114348187	73	aromatic-ring-hydroxylating dioxygenase subunit beta
0.000528114348187	73	MULTISPECIES: twin-arginine translocation pathway signal protein
0.000528114348187	73	ISAzo13 family transposase
0.000528114348187	73	transcription elongation factor GreAB
0.000528114348187	73	MULTISPECIES: Fis family transcriptional regulator
0.000528114348187	73	transcriptional regulator CynR
0.000528114348187	73	flagellar assembly protein FliH
0.000528114348187	73	MULTISPECIES: 7-cyano-7-deazaguanine synthase
0.000528114348187	73	zinc transporter ZupT
0.000528114348187	73	MULTISPECIES: ACP S-malonyltransferase
0.000528114348187	73	colicin receptor
0.000528114348187	73	glycosyl transferase 9
0.000528114348187	73	coenzyme PQQ biosynthesis protein C
0.000528114348187	73	MULTISPECIES: molybdopterin oxidoreductase family protein
0.000528114348187	73	MULTISPECIES: OHCU decarboxylase
0.000528114348187	73	MULTISPECIES: tRNA epoxyqueuosine(34) reductase QueG
0.000528114348187	73	phosphatase/phosphohexomutase
0.000528114348187	73	YqaJ-like viral recombinase
0.000528114348187	73	3,4-dihydroxy-2-butanone 4-phosphate synthase
0.000528114348187	73	tolB protein precursor
0.000528114348187	73	Ala-tRNA(Pro) hydrolase
0.000528114348187	73	BAX inhibitor protein
0.000528114348187	73	lipid A ABC exporter, fused ATPase and inner membrane subunits MsbA
0.000528114348187	73	aminocarboxymuconate-semialdehyde decarboxylase
0.000528114348187	73	MULTISPECIES: RNA-binding protein S4
0.000528114348187	73	NAD/FAD-dependent oxidoreductase
0.000528114348187	73	MULTISPECIES: NAD(P)-dependent glycerol-3-phosphate dehydrogenase
0.000528114348187	73	WYL domain-containing transcriptional regulator
0.000528114348187	73	IS4 family transposase, partial
0.000528114348187	73	methionine ABC transporter substrate-binding protein
0.000528114348187	73	cob(I)yrinic acid a c-diamide adenosyltransferase
0.000528114348187	73	adenosine nucleotide hydrolase
0.000528114348187	73	MULTISPECIES: DNA helicase UvrD
0.000528114348187	73	tyrosine phenol-lyase
0.000528114348187	73	DUF3717 domain-containing protein
0.000528114348187	73	phenylacetic acid degradation-like protein
0.000528114348187	73	peptidase S53
0.000528114348187	73	succinate dehydrogenase subunit B
0.000528114348187	73	BatD protein
0.000528114348187	73	toxin MazF
0.000528114348187	73	MULTISPECIES: alpha-ketoglutarate decarboxylase
0.000520879905061	72	DUF4391 domain-containing protein
0.000520879905061	72	DUF1257 domain-containing protein
0.000520879905061	72	cytochrome c-550 PedF
0.000520879905061	72	MULTISPECIES: hydrogen peroxide-inducible genes activator
0.000520879905061	72	prolyl oligopeptidase
0.000520879905061	72	UDP-N-acetylenolpyruvoylglucosamine reductase, partial
0.000520879905061	72	outer membrane protein assembly complex YaeT protein
0.000520879905061	72	urease accessory protein UreJ
0.000520879905061	72	bifunctional alpha,alpha-trehalose-phosphate synthase (UDP-forming)/trehalose-phosphatase
0.000520879905061	72	HD family hydrolase
0.000520879905061	72	MULTISPECIES: exonuclease
0.000520879905061	72	putative Geranylgeranyl reductase
0.000520879905061	72	potassium transporter TrkH
0.000520879905061	72	(2E,6E)-farnesyl diphosphate synthase
0.000520879905061	72	maltose ABC transporter permease MalF
0.000520879905061	72	DUF1479 domain-containing protein
0.000520879905061	72	cofactor-independent phosphoglycerate mutase
0.000520879905061	72	bifunctional UDP-sugar hydrolase/5'-nucleotidase
0.000520879905061	72	MULTISPECIES: 3-deoxy-manno-octulosonate cytidylyltransferase
0.000520879905061	72	DUF3367 domain-containing protein
0.000520879905061	72	MULTISPECIES: polynucleotide adenylyltransferase PcnB
0.000520879905061	72	peptidase M56
0.000520879905061	72	stage V sporulation protein E
0.000520879905061	72	protein for maturation of antibiotic MccB17
0.000520879905061	72	MotA/TolQ/ExbB proton channel
0.000520879905061	72	RNA 2'-phosphotransferase
0.000520879905061	72	copper resistance protein B
0.000520879905061	72	bifunctional transcriptional regulator/O6-methylguanine-DNA methyltransferase
0.000520879905061	72	rhamnosyltransferase
0.000520879905061	72	MULTISPECIES: octaprenyl diphosphate synthase
0.000520879905061	72	MULTISPECIES: 6-carboxytetrahydropterin synthase
0.000520879905061	72	MULTISPECIES: serine O-acetyltransferase
0.000520879905061	72	biotin-independent malonate decarboxylase subunit beta
0.000520879905061	72	gliding motility-associated lipoprotein GldK
0.000520879905061	72	MULTISPECIES: carboxypeptidase
0.000520879905061	72	DUF1688 domain-containing protein
0.000520879905061	72	MlrC family protein 3
0.000513645461935	71	DUF3850 domain-containing protein
0.000513645461935	71	anti-anti-sigma factor
0.000513645461935	71	Sulphatase-modifying factor protein
0.000513645461935	71	heme NO-binding protein
0.000513645461935	71	sensory protein
0.000513645461935	71	von Willebrand factor A
0.000513645461935	71	5-keto-4-deoxy-D-glucarate aldolase
0.000513645461935	71	AzlC family transporter
0.000513645461935	71	bifunctional acetaldehyde-CoA/alcohol dehydrogenase
0.000513645461935	71	MULTISPECIES: thiamine pyrophosphate-binding protein
0.000513645461935	71	MULTISPECIES: 5'/3'-nucleotidase SurE
0.000513645461935	71	DDE transposase family protein
0.000513645461935	71	MULTISPECIES: APC family permease
0.000513645461935	71	carbon monoxide dehydrogenase large subunit
0.000513645461935	71	XisI protein
0.000513645461935	71	benzaldehyde dehydrogenase
0.000513645461935	71	MULTISPECIES: flavodoxin family protein
0.000513645461935	71	MULTISPECIES: monofunctional biosynthetic peptidoglycan transglycosylase
0.000513645461935	71	MULTISPECIES: outer membrane protein assembly factor BamE
0.000513645461935	71	MULTISPECIES: cell division protein FtsK
0.000513645461935	71	chromosomal replication initiator DnaA
0.000513645461935	71	cytochrome C peroxidase
0.000513645461935	71	ABC oligopeptide transporter
0.000513645461935	71	delta 4, 5-alpha steroid dehydrogenase
0.000513645461935	71	GTPase Obg, partial
0.000513645461935	71	coniferyl-aldehyde dehydrogenase
0.000513645461935	71	MULTISPECIES: class II glutamine amidotransferase
0.000513645461935	71	autotransporter
0.000513645461935	71	DUF1318 domain-containing protein
0.000513645461935	71	1D-myo-inositol 2-acetamido-2-deoxy-alpha-D-glucopyranoside deacetylase
0.000513645461935	71	NinB family protein
0.000513645461935	71	MULTISPECIES: cytochrome C
0.000513645461935	71	phosphate--acyl-ACP acyltransferase
0.000513645461935	71	secretion system protein Por
0.000513645461935	71	aminotransferase class I and II
0.000513645461935	71	ammonia monooxygenase
0.000513645461935	71	error-prone DNA polymerase, partial
0.000506411018809	70	peptidase S8/S53 subtilisin kexin sedolisin
0.000506411018809	70	glutathione metabolism protein
0.000506411018809	70	MULTISPECIES: RNA polymerase subunit sigma-24
0.000506411018809	70	DUF2194 domain-containing protein
0.000506411018809	70	TIGR02302 family protein
0.000506411018809	70	tagatose-6-phosphate kinase
0.000506411018809	70	type II asparaginase
0.000506411018809	70	protein-disulfide isomerase
0.000506411018809	70	MULTISPECIES: co-chaperone YbbN
0.000506411018809	70	MULTISPECIES: N-acetylglucosamine-6-phosphate deacetylase
0.000506411018809	70	sulfatase-modifying factor 1
0.000506411018809	70	nematoblast specific protein
0.000506411018809	70	ECF subfamily RNA polymerase sigma-24 subunit
0.000506411018809	70	exonuclease V subunit gamma
0.000506411018809	70	glutathione-dependent reductase
0.000506411018809	70	tRNA (cytosine(34)-2'-O)-methyltransferase TrmL
0.000506411018809	70	MIP family channel protein
0.000506411018809	70	DNA recombinase
0.000506411018809	70	MULTISPECIES: flavonol synthase
0.000506411018809	70	MULTISPECIES: HPr family phosphocarrier protein
0.000506411018809	70	cytochrome c552
0.000506411018809	70	Clp protease ClpX
0.000506411018809	70	cycloinulo-oligosaccharide fructanotransferase
0.000506411018809	70	MULTISPECIES: 3-oxoacyl-ACP synthase
0.000506411018809	70	MULTISPECIES: fumarylacetoacetase
0.000506411018809	70	PTS lactose transporter subunit IIC
0.000506411018809	70	ATP-dependent zinc protease
0.000506411018809	70	MULTISPECIES: isoquinoline 1-oxidoreductase
0.000506411018809	70	photosystem I reaction center protein subunit XI
0.000506411018809	70	MULTISPECIES: ATP-dependent Clp protease adapter ClpS
0.000506411018809	70	choline transporter
0.000506411018809	70	MULTISPECIES: formate--tetrahydrofolate ligase
0.000506411018809	70	MULTISPECIES: prepilin peptidase
0.000506411018809	70	UDP-glucose/GDP-mannose dehydrogenase family protein, partial
0.000506411018809	70	MULTISPECIES: catalase
0.000506411018809	70	tRNA threonylcarbamoyladenosine biosynthesis protein RimN
0.000506411018809	70	glutaryl-7-ACA acylase
0.000506411018809	70	MULTISPECIES: NADP-dependent 6-phosphogluconate dehydrogenase
0.000506411018809	70	bifunctional homocysteine S-methyltransferase/methylenetetrahydrofolate reductase
0.000506411018809	70	DUF1007 domain-containing protein
0.000506411018809	70	MULTISPECIES: DUF1365 domain-containing protein
0.000506411018809	70	phage-like protein
0.000499176575683	69	MULTISPECIES: cysteine hydrolase
0.000499176575683	69	pyridoxine/pyridoxamine 5'-phosphate oxidase
0.000499176575683	69	MULTISPECIES: fatty acid desaturase
0.000499176575683	69	RND transporter, partial
0.000499176575683	69	MULTISPECIES: phosphoribosylformylglycinamidine synthase I
0.000499176575683	69	MULTISPECIES: hydroxypyruvate isomerase
0.000499176575683	69	MULTISPECIES: cyclic pyranopterin monophosphate synthase MoaC
0.000499176575683	69	spermidine/putrescine ABC transporter
0.000499176575683	69	UDP pyrophosphate phosphatase
0.000499176575683	69	MULTISPECIES: acetolactate synthase
0.000499176575683	69	peptide ABC transporter ATPase
0.000499176575683	69	MULTISPECIES: sulfate ABC transporter substrate-binding protein
0.000499176575683	69	alpha-dehydro-beta-deoxy-D-glucarate aldolase
0.000499176575683	69	poly-beta-1,6-N-acetyl-D-glucosamine N-deacetylase PgaB
0.000499176575683	69	toxin-antitoxin system YwqK family antitoxin
0.000499176575683	69	outer membrane channel protein
0.000499176575683	69	DUF4112 domain-containing protein
0.000499176575683	69	MULTISPECIES: IS3 family transposase ISPlsp1
0.000499176575683	69	pyruvate dehydrogenase subunit beta
0.000499176575683	69	3-chlorobenzoate-3,4-dioxygenase
0.000499176575683	69	3-oxoadipate--succinyl-CoA transferase
0.000499176575683	69	phosphatidic acid phosphatase
0.000499176575683	69	antibiotic hydrolase
0.000499176575683	69	bacteriorhodopsin
0.000499176575683	69	Clp protease ClpB
0.000499176575683	69	type II secretory pathway, ATPase PulE/Tfp pilus assembly pathway, ATPase PilB
0.000499176575683	69	MucR family transcriptional regulator
0.000499176575683	69	nitrogenase molybdenum-iron protein subunit beta
0.000499176575683	69	MULTISPECIES: QacE family quaternary ammonium compound efflux SMR transporter
0.000499176575683	69	MULTISPECIES: salicylate hydroxylase
0.000499176575683	69	DUF3035 domain-containing protein
0.000499176575683	69	MULTISPECIES: SUF system NifU family Fe-S cluster assembly protein
0.000499176575683	69	tripartite tricarboxylate transporter substrate binding protein, partial
0.000499176575683	69	MULTISPECIES: peptidase M15
0.000499176575683	69	NADH-quinone oxidoreductase subunit C/D
0.000499176575683	69	MULTISPECIES: tRNA (uridine(34)/cytosine(34)/5-carboxymethylaminomethyluridine(34)-2'-O)-methyltransferase TrmL
0.000499176575683	69	MULTISPECIES: adenosylmethionine--8-amino-7-oxononanoate transaminase
0.000499176575683	69	MULTISPECIES: ribosome maturation factor RimM
0.000499176575683	69	MULTISPECIES: preprotein translocase subunit SecG
0.000499176575683	69	aromatic acid decarboxylase
0.000499176575683	69	MULTISPECIES: TIGR00645 family protein
0.000491942132558	68	DUF1194 domain-containing protein
0.000491942132558	68	thiamine ABC transporter substrate binding subunit
0.000491942132558	68	DUF4394 domain-containing protein
0.000491942132558	68	MULTISPECIES: Fe-S cluster assembly protein SufD
0.000491942132558	68	serine endoprotease DegQ
0.000491942132558	68	cell wall surface anchor family protein
0.000491942132558	68	NAD(P)H dehydrogenase
0.000491942132558	68	N5-carboxyaminoimidazole ribonucleotide mutase
0.000491942132558	68	2,3,4,5-tetrahydropyridine-2,6-dicarboxylate N-succinyltransferase, partial
0.000491942132558	68	acetyl-CoA C-acyltransferase FadA
0.000491942132558	68	DUF3370 domain-containing protein
0.000491942132558	68	MULTISPECIES: dihydrofolate synthase
0.000491942132558	68	MULTISPECIES: cytochrome c biogenesis protein
0.000491942132558	68	MULTISPECIES: acetyltransferase
0.000491942132558	68	phosphoesterase PA-phosphatase
0.000491942132558	68	NUDIX hydrolase, partial
0.000491942132558	68	preprotein translocase subunit SecD
0.000491942132558	68	F0F1-ATPase subunit
0.000491942132558	68	N-acetylgalactosamine-4-sulfatase
0.000491942132558	68	MULTISPECIES: glutathione synthase
0.000491942132558	68	MULTISPECIES: transcription elongation factor GreB
0.000491942132558	68	PAS sensor protein
0.000491942132558	68	glycogen phosphorylase
0.000491942132558	68	fused response regulator/phosphatase
0.000491942132558	68	transglutaminase domain-containing protein
0.000491942132558	68	muramidase
0.000491942132558	68	MULTISPECIES: oxalyl-CoA decarboxylase
0.000491942132558	68	MULTISPECIES: galactokinase
0.000491942132558	68	nicotinamide mononucleotide transporter
0.000491942132558	68	beta-D-hydroxybutyrate dehydrogenase
0.000491942132558	68	intracellular septation protein A
0.000491942132558	68	TIGR04076 family protein
0.000491942132558	68	MULTISPECIES: SMC-Scp complex subunit ScpB
0.000491942132558	68	cob(I)alamin adenolsyltransferase/cobinamide ATP-dependent adenolsyltransferase
0.000491942132558	68	phosphoenolpyruvate carboxylase, partial
0.000491942132558	68	protein-S-isoprenylcysteine methyltransferase
0.000491942132558	68	proteinase
0.000491942132558	68	protein disaggregation chaperone
0.000491942132558	68	group II intron reverse transcriptase/maturase, partial
0.000491942132558	68	phosphoenolpyruvate-utilizing protein
0.000491942132558	68	HTTM domain-containing protein
0.000491942132558	68	MULTISPECIES: tRNA glutamyl-Q(34) synthetase GluQRS
0.000491942132558	68	50S ribosomal protein L13, partial
0.000491942132558	68	MULTISPECIES: IS630 family transposase
0.000491942132558	68	polysaccharide export protein EpsE
0.000484707689432	67	MULTISPECIES: TM2 domain-containing protein
0.000484707689432	67	MULTISPECIES: AAA family ATPase
0.000484707689432	67	mechanosensitive channel MscK
0.000484707689432	67	MULTISPECIES: large-conductance mechanosensitive channel protein
0.000484707689432	67	flagellin protein FlaA
0.000484707689432	67	MULTISPECIES: DUF3623 domain-containing protein
0.000484707689432	67	helicase, partial
0.000484707689432	67	DUF2156 domain-containing protein
0.000484707689432	67	MULTISPECIES: glycine/betaine ABC transporter ATP-binding protein
0.000484707689432	67	inner-membrane translocator
0.000484707689432	67	6-pyruvoyl tetrahydropterin synthase
0.000484707689432	67	DUF4245 domain-containing protein
0.000484707689432	67	hydroxymyristoyl-ACP dehydratase
0.000484707689432	67	UDP-galactose-lipid carrier transferase
0.000484707689432	67	vitamin B12 receptor precursor, partial
0.000484707689432	67	DUF222 domain-containing protein
0.000484707689432	67	molybdopterin synthase
0.000484707689432	67	plasmid pRiA4b ORF-3 family protein
0.000484707689432	67	cellulose synthase regulator BcsB
0.000484707689432	67	polysaccharide deacetylase, partial
0.000484707689432	67	MULTISPECIES: lysine exporter protein LysE/YggA
0.000484707689432	67	MULTISPECIES: DNA-processing protein DprA
0.000484707689432	67	PfaB family protein
0.000484707689432	67	MULTISPECIES: VIT family protein
0.000484707689432	67	MULTISPECIES: cell division protein ZapA
0.000484707689432	67	MULTISPECIES: sugar transporter
0.000484707689432	67	phosphopeptide-binding protein
0.000484707689432	67	replicative DNA helicase, partial
0.000484707689432	67	arsenic transporter
0.000484707689432	67	MULTISPECIES: D-glycero-beta-D-manno-heptose 1-phosphate adenylyltransferase
0.000484707689432	67	thiamine-phosphate diphosphorylase
0.000484707689432	67	MULTISPECIES: YggS family pyridoxal phosphate enzyme
0.000484707689432	67	MULTISPECIES: HlyD family secretion protein
0.000484707689432	67	MULTISPECIES: peptidoglycan endopeptidase
0.000484707689432	67	MULTISPECIES: tricarballylate utilization protein TcuB
0.000484707689432	67	DUF993 domain-containing protein
0.000484707689432	67	galactoside O-acetyltransferase
0.000484707689432	67	phage shock protein PspA
0.000484707689432	67	AAC(3) family N-acetyltransferase
0.000484707689432	67	phytochrome sensor protein
0.000484707689432	67	DUF447 domain-containing protein
0.000484707689432	67	MULTISPECIES: four helix bundle protein
0.000484707689432	67	Killer protein
0.000484707689432	67	secretion activator protein
0.000484707689432	67	CDP-diacylglycerol O-phosphatidyltransferase
0.000484707689432	67	MULTISPECIES: type I restriction-modification system subunit M
0.000484707689432	67	peptide cleavage/export ABC transporter
0.000484707689432	67	PaaX family transcriptional regulator
0.000484707689432	67	gamma-glutamyltranspeptidase
0.000484707689432	67	MULTISPECIES: DUF815 domain-containing protein
0.000484707689432	67	CIA30 family protein
0.000484707689432	67	MULTISPECIES: UDP-galactopyranose mutase
0.000484707689432	67	DUF3769 domain-containing protein
0.000484707689432	67	cytochrome d ubiquinol oxidase subunit I
0.000484707689432	67	antitoxin VapB
0.000484707689432	67	sn-glycerol-3-phosphate ABC transporter ATP-binding protein
0.000484707689432	67	MULTISPECIES: phosphoribosylanthranilate isomerase
0.000484707689432	67	MULTISPECIES: DNA polymerase III subunit gamma/tau
0.000484707689432	67	MULTISPECIES: bifunctional diaminohydroxyphosphoribosylaminopyrimidine deaminase/5-amino-6-(5-phosphoribosylamino)uracil reductase
0.000484707689432	67	MULTISPECIES: BON domain-containing protein
0.000477473246306	66	proline dioxygenase
0.000477473246306	66	MULTISPECIES: DUF502 domain-containing protein
0.000477473246306	66	TRAP transporter permease DctM/Q
0.000477473246306	66	beta-mannanase
0.000477473246306	66	MULTISPECIES: D-tyrosyl-tRNA(Tyr) deacylase
0.000477473246306	66	type I secretion protein, partial
0.000477473246306	66	MULTISPECIES: 2-pyrone-4,6-dicarboxylate hydrolase
0.000477473246306	66	DUF3151 domain-containing protein
0.000477473246306	66	cytochrome C oxidase assembly protein
0.000477473246306	66	tRNA threonylcarbamoyladenosine biosynthesis protein TsaE
0.000477473246306	66	phosphonate C-P lyase system protein PhnG
0.000477473246306	66	transcription termination factor Rho, partial
0.000477473246306	66	aromatic hydrocarbon degradation protein
0.000477473246306	66	NAD(P)H:quinone oxidoreductase
0.000477473246306	66	cell envelope biogenesis protein LolA
0.000477473246306	66	MULTISPECIES: Fe-S cluster assembly ATPase SufC
0.000477473246306	66	MULTISPECIES: polysaccharide deacetylase family protein
0.000477473246306	66	DUF4433 domain-containing protein
0.000477473246306	66	MULTISPECIES: integration host factor subunit alpha
0.000477473246306	66	GYD domain-containing protein
0.000477473246306	66	bifunctional NADH dehydrogenase FAD-containing subunit/selenide, water dikinase SelD
0.000477473246306	66	MULTISPECIES: glutaredoxin 3
0.000477473246306	66	DUF3826 domain-containing protein
0.000477473246306	66	MULTISPECIES: mechanosensitive ion channel family protein
0.000477473246306	66	2-phospho-L-lactate guanylyltransferase
0.000477473246306	66	flagellar basal body-associated protein FliL
0.000477473246306	66	antifreeze protein
0.000477473246306	66	HTH domain-containing protein
0.000477473246306	66	excinuclease ABC subunit B, partial
0.000477473246306	66	tRNA uridine(34) 5-carboxymethylaminomethyl modification radical SAM/GNAT enzyme Elp3
0.000477473246306	66	DNA mismatch repair protein MutS, partial
0.000477473246306	66	superinfection immunity protein
0.000477473246306	66	MULTISPECIES: malate:quinone oxidoreductase
0.000477473246306	66	EscC/YscC/HrcC family type III secretion system outer membrane ring protein
0.000477473246306	66	OsmC family peroxiredoxin
0.000477473246306	66	benzaldehyde lyase
0.000477473246306	66	MULTISPECIES: prepilin-type cleavage/methylation domain-containing protein
0.000477473246306	66	nucleoside transporter
0.000477473246306	66	conjugal transfer protein TrbE
0.000477473246306	66	MULTISPECIES: disulfide bond formation protein B
0.000477473246306	66	polyphosphate--AMP phosphotransferase
0.000477473246306	66	MULTISPECIES: ferrous iron transport protein A
0.000477473246306	66	Na+/H+ antiporter NhaC
0.000477473246306	66	MULTISPECIES: multifunctional CCA tRNA nucleotidyl transferase/2'3'-cyclic phosphodiesterase/2'nucleotidase/phosphatase
0.000477473246306	66	two-component hybrid sensor and regulator
0.000477473246306	66	nitrate reductase catalytic subunit
0.000477473246306	66	adenine-specific DNA-methyltransferase
0.000477473246306	66	DUF697 domain-containing protein
0.000477473246306	66	MULTISPECIES: deoxyribonuclease IV
0.000477473246306	66	XdhC/CoxI family protein
0.000477473246306	66	hopanoid biosynthesis-associated RND transporter HpnN
0.000477473246306	66	acyl-CoA synthetase, partial
0.00047023880318	65	MULTISPECIES: ribosome silencing factor RsfS
0.00047023880318	65	glycosyl hydrolase, partial
0.00047023880318	65	erythromycin biosynthesis sensory transduction protein EryC1
0.00047023880318	65	purine permease
0.00047023880318	65	bifunctional (p)ppGpp synthetase/guanosine-3',5'-bis(diphosphate) 3'-pyrophosphohydrolase, partial
0.00047023880318	65	ketol-acid reductoisomerase, partial
0.00047023880318	65	MULTISPECIES: ROK family protein
0.00047023880318	65	MULTISPECIES: BAX inhibitor (BI)-1/YccA family protein
0.00047023880318	65	MULTISPECIES: tartrate dehydrogenase
0.00047023880318	65	MULTISPECIES: bifunctional riboflavin kinase/FMN adenylyltransferase
0.00047023880318	65	MULTISPECIES: chemotaxis protein CheW
0.00047023880318	65	RbsD or FucU transport
0.00047023880318	65	DtxR family transcriptional regulator
0.00047023880318	65	poly(hydroxyalkanoate) granule-associated protein
0.00047023880318	65	subtype II CRISPR-associated endonuclease Cas1
0.00047023880318	65	OLD family endonuclease
0.00047023880318	65	thiamine ABC transporter ATP-binding protein
0.00047023880318	65	cell division protein FtsZ, partial
0.00047023880318	65	MULTISPECIES: dual-specificity RNA methyltransferase RlmN
0.00047023880318	65	exonuclease SbcC
0.00047023880318	65	MULTISPECIES: complex I NDUFA9 subunit family protein
0.00047023880318	65	restriction endonuclease EcoRI subunit R
0.00047023880318	65	methylamine utilization protein
0.00047023880318	65	MULTISPECIES: deoxyribose-phosphate aldolase
0.00047023880318	65	tRNA-dihydrouridine synthase
0.00047023880318	65	exosortase B
0.00047023880318	65	phosphate--AMP phosphotransferase
0.00047023880318	65	proton extrusion protein PcxA
0.00047023880318	65	exported hypothetical protein
0.00047023880318	65	peptidase S58
0.00047023880318	65	MULTISPECIES: phosphoribosyltransferase
0.00047023880318	65	proline--tRNA ligase, partial
0.00047023880318	65	transmembrane protein
0.00047023880318	65	methylglutaconyl-CoA hydratase
0.00047023880318	65	MULTISPECIES: twitching motility protein PilT
0.00047023880318	65	outer-membrane lipoprotein carrier protein
0.00047023880318	65	MULTISPECIES: ribosome recycling factor
0.00047023880318	65	MULTISPECIES: AMP nucleosidase
0.00047023880318	65	amino acid adenylation protein
0.00047023880318	65	ABC-type protease/lipase transport system
0.00047023880318	65	DNA methylase N-4/N-6 domain-containing protein
0.00047023880318	65	respiratory nitrate reductase subunit gamma
0.00047023880318	65	MULTISPECIES: squalene synthase HpnD
0.00047023880318	65	glucosyl-3-phosphoglycerate synthase
0.00047023880318	65	MULTISPECIES: tripartite tricarboxylate transporter TctB family protein
0.00047023880318	65	ATP-NAD kinase
0.00047023880318	65	DNA damage-inducible protein
0.000463004360054	64	cytochrome bd oxidase subunit I
0.000463004360054	64	PDZ/DHR/GLGF domain-containing protein
0.000463004360054	64	MULTISPECIES: molybdopterin biosynthesis protein MoeB
0.000463004360054	64	putative outer membrane protein
0.000463004360054	64	MULTISPECIES: lipoate-protein ligase B
0.000463004360054	64	tRNA (cytidine/uridine-2'-O-)-methyltransferase
0.000463004360054	64	aerobic cobaltochelatase subunit CobS
0.000463004360054	64	MULTISPECIES: type II secretion system protein GspD
0.000463004360054	64	short-chain dehydrogenase, partial
0.000463004360054	64	MULTISPECIES: gamma-aminobutyraldehyde dehydrogenase
0.000463004360054	64	MULTISPECIES: peptidoglycan-associated lipoprotein
0.000463004360054	64	MULTISPECIES: LPS export ABC transporter permease LptG
0.000463004360054	64	NAD-binding protein
0.000463004360054	64	MULTISPECIES: site-specific integrase
0.000463004360054	64	MULTISPECIES: DUF3310 domain-containing protein
0.000463004360054	64	protein disulfide-isomerase
0.000463004360054	64	MULTISPECIES: phytoene synthase
0.000463004360054	64	MULTISPECIES: maltose ABC transporter permease
0.000463004360054	64	inositol monophosphatase, partial
0.000463004360054	64	long-chain acyl-CoA synthetase
0.000463004360054	64	MULTISPECIES: acetyl/propionyl-CoA carboxylase subunit alpha
0.000463004360054	64	competence protein CinA
0.000463004360054	64	PBSX family phage terminase, large subunit
0.000463004360054	64	oxaloacetate decarboxylase subunit alpha
0.000463004360054	64	basal body L-ring protein
0.000463004360054	64	2-oxoglutarate dehydrogenase, E2 component, dihydrolipoamide succinyltransferase, partial
0.000463004360054	64	extracellular protein
0.000463004360054	64	PBS lyase
0.000463004360054	64	bifunctional 3,4-dihydroxy-2-butanone 4-phosphate synthase/GTP cyclohydrolase II
0.000463004360054	64	TipAS antibiotic-recognition domain-containing protein
0.000463004360054	64	MULTISPECIES: lipid II flippase MurJ
0.000463004360054	64	MULTISPECIES: histidine triad nucleotide-binding protein
0.000463004360054	64	HXXEE domain-containing protein
0.000463004360054	64	MULTISPECIES: adenylyltransferase/sulfurtransferase MoeZ
0.000463004360054	64	DUF4170 domain-containing protein
0.000463004360054	64	aminopeptidase, partial
0.000463004360054	64	amino acid ABC transporter substrate-binding protein, partial
0.000463004360054	64	chorismate-binding protein
0.000463004360054	64	VacB/RNase II family 3'-5' exoribonuclease
0.000463004360054	64	XynC protein
0.000463004360054	64	DUF1837 domain-containing protein
0.000463004360054	64	MULTISPECIES: 3-deoxy-D-manno-octulosonate 8-phosphate phosphatase
0.000463004360054	64	B12-binding protein
0.000463004360054	64	MULTISPECIES: outer membrane protein assembly factor BamB
0.000463004360054	64	MULTISPECIES: N-acetyl-alpha-D-glucosaminyl L-malate synthase BshA
0.000463004360054	64	EEP domain-containing protein
0.000463004360054	64	MULTISPECIES: 3-deoxy-D-manno-octulosonic acid transferase
0.000463004360054	64	MULTISPECIES: DUF4395 domain-containing protein
0.000463004360054	64	KHG/KDPG aldolase
0.000463004360054	64	PTS ascorbate transporter subunit IIB
0.000455769916928	63	MULTISPECIES: phosphoribosyl-ATP diphosphatase
0.000455769916928	63	glutaminyl-tRNA synthetase
0.000455769916928	63	UDP-4-amino-4,6-dideoxy-N-acetyl-beta-L-altrosamine N-acetyltransferase
0.000455769916928	63	DUF1802 domain-containing protein
0.000455769916928	63	MULTISPECIES: multidrug efflux protein
0.000455769916928	63	phosphorylase kinase
0.000455769916928	63	dimethylglycine oxidase
0.000455769916928	63	MULTISPECIES: RNA polymerase subunit sigma
0.000455769916928	63	RNA methyltransferase, partial
0.000455769916928	63	DUF1704 domain-containing protein
0.000455769916928	63	phosphate transporter
0.000455769916928	63	geranylgeranylglycerol-phosphate geranylgeranyltransferase
0.000455769916928	63	MULTISPECIES: flagellar biosynthetic protein FliP
0.000455769916928	63	MULTISPECIES: bacterioferritin
0.000455769916928	63	MULTISPECIES: DsbA family oxidoreductase
0.000455769916928	63	MULTISPECIES: bifunctional tetrahydrofolate synthase/dihydrofolate synthase
0.000455769916928	63	thioredoxin 1
0.000455769916928	63	glycoside hydrolase family 28
0.000455769916928	63	MULTISPECIES: asparaginase
0.000455769916928	63	Obg family GTPase CgtA
0.000455769916928	63	DUF1513 domain-containing protein
0.000455769916928	63	flagellin FliC
0.000455769916928	63	DNA gyrase subunit B, partial
0.000455769916928	63	2-hydroxyglutaryl-CoA dehydratase
0.000455769916928	63	cobalamin biosynthesis protein CobS
0.000455769916928	63	DUF4132 domain-containing protein
0.000455769916928	63	MULTISPECIES: polysaccharide deacetylase
0.000455769916928	63	DUF4845 domain-containing protein
0.000455769916928	63	delta-1-pyrroline-5-carboxylate dehydrogenase
0.000455769916928	63	MULTISPECIES: 3-oxoadipate CoA-transferase
0.000455769916928	63	MULTISPECIES: Fe-S-binding ATPase
0.000455769916928	63	deoxyribodipyrimidine photo-lyase/cryptochrome family protein
0.000455769916928	63	pyridoxal 5'-phosphate synthase
0.000455769916928	63	MULTISPECIES: 4-carboxy-4-hydroxy-2-oxoadipate aldolase/oxaloacetate decarboxylase
0.000455769916928	63	MULTISPECIES: DoxX family protein
0.000455769916928	63	Arc family DNA-binding protein
0.000455769916928	63	DNA polymerase, partial
0.000455769916928	63	sensor of ECF-type sigma factor
0.000455769916928	63	cysteine proteinase
0.000455769916928	63	WbqC-like protein
0.000455769916928	63	glycosyl hydrolase family 30
0.000455769916928	63	MULTISPECIES: potassium transporter TrkA
0.000455769916928	63	2,5-dichloro-2,5-cyclohexadiene-1,4-diol dehydrogenase
0.000455769916928	63	DUF723 domain-containing protein
0.000455769916928	63	ATP F0F1 synthase subunit B
0.000455769916928	63	FAD/FMN-containing dehydrogenase
0.000455769916928	63	adenosylcobinamide kinase/adenosylcobinamide phosphate guanyltransferase
0.000455769916928	63	D-isomer specific 2-hydroxyacid dehydrogenase NAD-binding protein
0.000455769916928	63	aminopeptidase N, partial
0.000455769916928	63	MULTISPECIES: naphthalene 1,2-dioxygenase
0.000448535473802	62	flagellar brake protein
0.000448535473802	62	MULTISPECIES: outer membrane porin, OprD family
0.000448535473802	62	NADH:ubiquinone oxidoreductase subunit NDUFA12
0.000448535473802	62	sugar epimerase
0.000448535473802	62	cytochrome b559 subunit alpha
0.000448535473802	62	Na-Ca exchanger/integrin-beta4
0.000448535473802	62	anti-FecI sigma factor FecR
0.000448535473802	62	2-amino-3-ketobutyrate CoA ligase
0.000448535473802	62	MULTISPECIES: 6-phosphogluconate dehydrogenase
0.000448535473802	62	ATPase, partial
0.000448535473802	62	MULTISPECIES: tail-specific protease
0.000448535473802	62	MULTISPECIES: SPOR domain-containing protein
0.000448535473802	62	MULTISPECIES: MBOAT family protein
0.000448535473802	62	manganese-dependent inorganic pyrophosphatase
0.000448535473802	62	PfkB domain protein
0.000448535473802	62	geranyltranstransferase
0.000448535473802	62	NADH:ubiquinone reductase (Na(+)-transporting) subunit A
0.000448535473802	62	MULTISPECIES: deoxyribodipyrimidine photolyase
0.000448535473802	62	IMP cyclohydrolase
0.000448535473802	62	MULTISPECIES: DNA-3-methyladenine glycosylase I
0.000448535473802	62	cardiolipin synthetase
0.000448535473802	62	general secretion pathway protein GspG
0.000448535473802	62	malate dehydrogenase (acceptor)
0.000448535473802	62	MULTISPECIES: HIT domain-containing protein
0.000448535473802	62	DUF342 domain-containing protein
0.000448535473802	62	MULTISPECIES: polyisoprenoid-binding protein
0.000448535473802	62	MULTISPECIES: protein kinase
0.000448535473802	62	MULTISPECIES: electron transfer flavoprotein subunit alpha/FixB family protein
0.000448535473802	62	stringent starvation protein A
0.000448535473802	62	serine-type D-Ala-D-Ala carboxypeptidase
0.000448535473802	62	MULTISPECIES: 3-hydroxyisobutyrate dehydrogenase
0.000448535473802	62	DUF2239 domain-containing protein
0.000448535473802	62	MULTISPECIES: daunorubicin resistance protein DrrA family ABC transporter ATP-binding protein
0.000448535473802	62	DNA phosphorothioation-dependent restriction protein DptF
0.000448535473802	62	MULTISPECIES: 2OG-Fe(II) oxygenase
0.000448535473802	62	copper resistance protein D family protein
0.000448535473802	62	dinucleotide-utilizing protein
0.000448535473802	62	beta-galactosidase subunit alpha
0.000448535473802	62	cell shape-determining protein MreB
0.000448535473802	62	MULTISPECIES: gluconolaconase
0.000448535473802	62	pyrimidine-nucleoside phosphorylase
0.000448535473802	62	DUF2846 domain-containing protein
0.000448535473802	62	adenosylcobinamide-phosphate guanylyltransferase
0.000448535473802	62	molybdenum cofactor biosysynthesis protein
0.000448535473802	62	hopanoid biosynthesis associated radical SAM protein HpnJ
0.000448535473802	62	MULTISPECIES: toxin-antitoxin system HicB family antitoxin
0.000448535473802	62	ferric enterobactin receptor
0.000448535473802	62	insertase
0.000448535473802	62	recombinase RecQ
0.000448535473802	62	High potential iron-sulfur protein
0.000448535473802	62	PLP-dependent lyase/thiolase
0.000448535473802	62	MULTISPECIES: pyridine nucleotide-disulfide oxidoreductase
0.000448535473802	62	MULTISPECIES: phage tail protein
0.000441301030677	61	MULTISPECIES: FAD-binding dehydrogenase
0.000441301030677	61	dicarboxylate--CoA ligase PimA
0.000441301030677	61	heat-shock protein IbpA
0.000441301030677	61	trans-splicing intein-formed DNA polymerase III subunit alpha N-terminal partner DnaE-N
0.000441301030677	61	MULTISPECIES: phosphoethanolamine transferase
0.000441301030677	61	MULTISPECIES: LPS export ABC transporter permease LptF
0.000441301030677	61	MULTISPECIES: amidohydrolase family protein
0.000441301030677	61	cell division ATP-binding protein FtsE, partial
0.000441301030677	61	tail collar domain-containing protein
0.000441301030677	61	flavin monoamine oxidase
0.000441301030677	61	hydantoinase A
0.000441301030677	61	DNA polymerase III subunit gamma and tau, partial
0.000441301030677	61	transcription elongation protein SprT
0.000441301030677	61	5'(3')-deoxyribonucleotidase
0.000441301030677	61	MULTISPECIES: glucosamine-6-phosphate deaminase
0.000441301030677	61	MULTISPECIES: bile acid:sodium symporter
0.000441301030677	61	MULTISPECIES: glutamine amidotransferase
0.000441301030677	61	MULTISPECIES: type IX secretion system membrane protein PorP/SprF
0.000441301030677	61	MULTISPECIES: serine acetyltransferase
0.000441301030677	61	MULTISPECIES: zinc-binding dehydrogenase
0.000441301030677	61	family 31 glucosidase
0.000441301030677	61	MULTISPECIES: LD-carboxypeptidase
0.000441301030677	61	homocitrate synthase
0.000441301030677	61	MULTISPECIES: phosphonate ABC transporter substrate-binding protein
0.000441301030677	61	multi-copper polyphenol oxidoreductase
0.000441301030677	61	ribulose phosphate epimerase
0.000441301030677	61	MULTISPECIES: NADH:flavin oxidoreductase
0.000441301030677	61	acetoin dehydrogenase dihydrolipoyllysine-residue acetyltransferase subunit
0.000441301030677	61	acetyl xylan esterase
0.000441301030677	61	DUF2804 domain-containing protein
0.000441301030677	61	MULTISPECIES: O-methyltransferase
0.000441301030677	61	membrane-binding protein
0.000441301030677	61	MULTISPECIES: bifunctional uridylyltransferase/uridylyl-removing protein
0.000441301030677	61	exosortase F system-associated protein
0.000441301030677	61	ABC transporter, partial
0.000441301030677	61	MULTISPECIES: lipopolysaccharide biosynthesis protein RfbH
0.000441301030677	61	MULTISPECIES: protein-disulfide reductase
0.000441301030677	61	BNR/Asp-box repeat domain protein
0.000441301030677	61	MULTISPECIES: sulfate ABC transporter permease subunit CysW
0.000441301030677	61	beta-N-acetylglucosaminidase precursor
0.000441301030677	61	ribulose 5-phosphate epimerase
0.000441301030677	61	sugar MFS transporter
0.000441301030677	61	DNA polymerase III, epsilon subunit
0.000441301030677	61	DUF4263 domain-containing protein
0.000441301030677	61	flagellar basal body rod modification protein FlgD
0.000441301030677	61	TIGR02147 family protein
0.000434066587551	60	MULTISPECIES: alpha-ketoglutarate-dependent dioxygenase AlkB
0.000434066587551	60	DUF2283 domain-containing protein
0.000434066587551	60	deferrochelatase/peroxidase EfeB
0.000434066587551	60	MULTISPECIES: PTS sugar transporter subunit IIA
0.000434066587551	60	flagellar biosynthesis protein FlgD
0.000434066587551	60	MULTISPECIES: phosphoserine phosphatase
0.000434066587551	60	DUF3131 domain-containing protein
0.000434066587551	60	beta-carotene 15,15'-monooxygenase
0.000434066587551	60	MULTISPECIES: carbonate dehydratase
0.000434066587551	60	MULTISPECIES: methylated-DNA-
0.000434066587551	60	phage repressor protein
0.000434066587551	60	4-hydroxybenzoyl-CoA reductase subunit gamma
0.000434066587551	60	microcystin LR degradation protein MlrC
0.000434066587551	60	MULTISPECIES: PTS fructose transporter subunit IIA
0.000434066587551	60	putative DNA polymerase III epsilon subunit
0.000434066587551	60	MULTISPECIES: tRNA 2-selenouridine(34) synthase MnmH
0.000434066587551	60	MULTISPECIES: magnesium chelatase ATPase subunit I
0.000434066587551	60	DUF3592 domain-containing protein
0.000434066587551	60	BCCT transporter
0.000434066587551	60	MULTISPECIES: DUF2236 domain-containing protein
0.000434066587551	60	xylosidase/arabinosidase
0.000434066587551	60	succinate dehydrogenase (or fumarate reductase) cytochrome b subunit, b558 family
0.000434066587551	60	MULTISPECIES: acetoacetate--CoA ligase
0.000434066587551	60	ModE family transcriptional regulator
0.000434066587551	60	DUF1852 domain-containing protein
0.000434066587551	60	MULTISPECIES: 16S rRNA (cytosine(967)-C(5))-methyltransferase
0.000434066587551	60	MULTISPECIES: galactose oxidase
0.000434066587551	60	lipopolysaccharide core heptose(I) kinase RfaP
0.000434066587551	60	DUF3999 domain-containing protein
0.000434066587551	60	1-phosphofructokinase
0.000434066587551	60	MULTISPECIES: sulfate ABC transporter permease subunit CysT
0.000434066587551	60	secreted protein containing Filamentous hemagglutinin
0.000434066587551	60	energy-dependent translational throttle protein EttA, partial
0.000434066587551	60	class I SAM-dependent methyltransferase, partial
0.000434066587551	60	GNAT family N-acetyltransferase, partial
0.000434066587551	60	type I restriction-modification system deoxyribonuclease
0.000434066587551	60	phosphoglycerol transferase
0.000434066587551	60	DUF1826 domain-containing protein
0.000426832144425	59	acyltransferase, partial
0.000426832144425	59	coat protein
0.000426832144425	59	MULTISPECIES: histone deacetylase
0.000426832144425	59	intein-containing DNA polymerase III subunit alpha
0.000426832144425	59	MULTISPECIES: succinyl-CoA ligase subunit beta
0.000426832144425	59	dehydrogenase E1 component
0.000426832144425	59	DUF904 domain-containing protein
0.000426832144425	59	LacI family DNA-binding transcriptional regulator
0.000426832144425	59	excinuclease ABC subunit C, partial
0.000426832144425	59	DUF2092 domain-containing protein
0.000426832144425	59	MULTISPECIES: thiolase family protein
0.000426832144425	59	major capsid protein, partial
0.000426832144425	59	MULTISPECIES: YihY/virulence factor BrkB family protein
0.000426832144425	59	elongation factor G, partial
0.000426832144425	59	MULTISPECIES: IS66 family transposase
0.000426832144425	59	MULTISPECIES: osmotically inducible protein C
0.000426832144425	59	DUF1244 domain-containing protein
0.000426832144425	59	Cro/Cl family transcriptional regulator
0.000426832144425	59	disulfide bond chaperone
0.000426832144425	59	thiosulfate sulfurtransferase
0.000426832144425	59	PAS/PAC sensor-containing diguanylate cyclase/phosphodiesterase
0.000426832144425	59	tail sheath protein
0.000426832144425	59	MULTISPECIES: NADH:ubiquinone oxidoreductase subunit H
0.000426832144425	59	aerotaxis receptor Aer
0.000426832144425	59	CMP-N-acetylneuraminic acid synthetase
0.000426832144425	59	Ni/Fe-hydrogenase, b-type cytochrome subunit
0.000426832144425	59	NADH:ubiquinone reductase (Na(+)-transporting) subunit D
0.000426832144425	59	DUF2093 domain-containing protein
0.000426832144425	59	FAD-binding molybdopterin dehydrogenase
0.000426832144425	59	MULTISPECIES: ATP-dependent DNA ligase
0.000426832144425	59	MULTISPECIES: hydroxyacid dehydrogenase
0.000426832144425	59	MULTISPECIES: tRNA modification GTPase
0.000426832144425	59	MULTISPECIES: undecaprenyl/decaprenyl-phosphate alpha-N-acetylglucosaminyl 1-phosphate transferase
0.000426832144425	59	polyribonucleotide nucleotidyltransferase, partial
0.000426832144425	59	MULTISPECIES: bifunctional ADP-dependent NAD(P)H-hydrate dehydratase/NAD(P)H-hydrate epimerase
0.000426832144425	59	MULTISPECIES: recombination regulator RecX
0.000426832144425	59	DNA photolyase
0.000426832144425	59	HD family phosphohydrolase
0.000426832144425	59	DUF4190 domain-containing protein
0.000426832144425	59	MULTISPECIES: propionate--CoA ligase
0.000426832144425	59	dolichol monophosphate mannose synthase
0.000426832144425	59	MULTISPECIES: prephenate dehydrogenase
0.000426832144425	59	abortive phage resistance protein
0.000426832144425	59	DUF2726 domain-containing protein
0.000426832144425	59	MULTISPECIES: phosphate ABC transporter substrate-binding protein
0.000426832144425	59	MULTISPECIES: phosphorylase
0.000426832144425	59	putative lipopolysaccharide heptosyltransferase III
0.000426832144425	59	MULTISPECIES: carbon starvation protein A
0.000426832144425	59	AdeC/AdeK/OprM family multidrug efflux complex outer membrane factor
0.000426832144425	59	recombination protein NinG
0.000426832144425	59	MULTISPECIES: LuxR family transcriptional regulator
0.000426832144425	59	permease DsdX
0.000426832144425	59	4-hydroxy-4-methyl-2-oxoglutarate aldolase
0.000426832144425	59	dihydrolipoyllysine succinyltransferase
0.000426832144425	59	MULTISPECIES: DUF349 domain-containing protein
0.000426832144425	59	pilus assembly protein TadE
0.000426832144425	59	DUF2333 domain-containing protein
0.000426832144425	59	DUF4281 domain-containing protein
0.000426832144425	59	GDP-6-deoxy-D-lyxo-4-hexulose reductase
0.000426832144425	59	MULTISPECIES: TIGR01244 family protein
0.000426832144425	59	iron-binding protein
0.000426832144425	59	dimethylarginine dimethylaminohydrolase
0.000426832144425	59	MULTISPECIES: nitrate ABC transporter, permease protein
0.000426832144425	59	MULTISPECIES: prenyltransferase
0.000426832144425	59	MULTISPECIES: altronate dehydratase
0.000426832144425	59	MULTISPECIES: RNA chaperone Hfq
0.000419597701299	58	MULTISPECIES: tripartite tricarboxylate transporter TctA
0.000419597701299	58	sulfonate ABC transporter
0.000419597701299	58	MULTISPECIES: acetylornithine transaminase
0.000419597701299	58	DUF4376 domain-containing protein
0.000419597701299	58	MULTISPECIES: enamidase
0.000419597701299	58	hemolysin III family channel protein
0.000419597701299	58	MULTISPECIES: protocatechuate 3,4-dioxygenase subunit beta
0.000419597701299	58	taurine catabolism dioxygenase
0.000419597701299	58	glucosyl transferase
0.000419597701299	58	heme utilization protein
0.000419597701299	58	VCBS protein
0.000419597701299	58	peptidase M23, partial
0.000419597701299	58	NTP-binding protein
0.000419597701299	58	ribosome biogenesis GTPase RsgA
0.000419597701299	58	shikimate kinase I
0.000419597701299	58	MULTISPECIES: electron transporter RnfB
0.000419597701299	58	isocitrate lyase/phosphoenolpyruvate mutase family protein
0.000419597701299	58	MULTISPECIES: isochorismate synthase
0.000419597701299	58	lipoate--protein ligase family protein
0.000419597701299	58	SlyX protein
0.000419597701299	58	MULTISPECIES: cell division protein
0.000419597701299	58	RNA polymerase-associated protein RapA
0.000419597701299	58	MULTISPECIES: L-threonine 3-dehydrogenase
0.000419597701299	58	MULTISPECIES: GTP cyclohydrolase II
0.000419597701299	58	phosphopantetheine-binding protein
0.000419597701299	58	MULTISPECIES: CoA transferase subunit B
0.000419597701299	58	DUF1223 domain-containing protein
0.000419597701299	58	MULTISPECIES: carbon-monoxide dehydrogenase large subunit
0.000419597701299	58	nitrogenase molybdenum-iron protein alpha chain
0.000419597701299	58	tricarboxylate-binding receptor
0.000419597701299	58	dihydrokaempferol 4-reductase
0.000419597701299	58	alpha-hydroxy-acid oxidizing enzyme, partial
0.000419597701299	58	phage head-tail connector protein
0.000419597701299	58	CMD domain protein
0.000419597701299	58	virulence protein E
0.000419597701299	58	6-phospho-beta-glucosidase
0.000419597701299	58	MULTISPECIES: tRNA (guanine(37)-N(1))-methyltransferase
0.000419597701299	58	erythromycin esterase
0.000419597701299	58	DUF3560 domain-containing protein, partial
0.000419597701299	58	MULTISPECIES: flagellar basal body rod protein FlgG
0.000419597701299	58	electron transporter RnfB, partial
0.000419597701299	58	conjugal transfer protein TraN
0.000419597701299	58	ligand-binding protein
0.000419597701299	58	ribose ABC transporter
0.000419597701299	58	MULTISPECIES: lipase
0.000419597701299	58	spermine synthase
0.000419597701299	58	S-adenosylmethionine decarboxylase
0.000419597701299	58	O-antigen polymerase
0.000419597701299	58	DUF1475 domain-containing protein
0.000419597701299	58	DUF2164 domain-containing protein
0.000419597701299	58	MULTISPECIES: sulfate ABC transporter ATP-binding protein
0.000419597701299	58	MULTISPECIES: PspC domain-containing protein
0.000419597701299	58	DNA ligase (NAD(+)) LigA, partial
0.000419597701299	58	lytic transglycosylase, partial
0.000419597701299	58	MULTISPECIES: NAD-dependent malic enzyme
0.000419597701299	58	phenylalanine--tRNA ligase subunit beta, partial
0.000419597701299	58	MULTISPECIES: 4-alpha-glucanotransferase
0.000419597701299	58	Zn-dependent oxidoreductase
0.000419597701299	58	MULTISPECIES: peptidase M16
0.000419597701299	58	putative acylglycerol lipase
0.000419597701299	58	MULTISPECIES: L,D-transpeptidase
0.000419597701299	58	MULTISPECIES: molecular chaperone HscA
0.000419597701299	58	MULTISPECIES: UDP-N-acetylmuramate:L-alanyl-gamma-D-glutamyl-meso-diaminopimelate ligase
0.000412363258173	57	DUF1465 domain-containing protein
0.000412363258173	57	UspA domain-containing protein
0.000412363258173	57	MULTISPECIES: polysulfide reductase
0.000412363258173	57	ABC-type phosphate/phosphonate transport system, periplasmic component, putative
0.000412363258173	57	microcin B17 transporter, partial
0.000412363258173	57	MULTISPECIES: asparagine synthetase B
0.000412363258173	57	DUF3631 domain-containing protein
0.000412363258173	57	GH3 auxin-responsive promoter-binding protein
0.000412363258173	57	exonuclease subunit SbcC
0.000412363258173	57	arginine deiminase
0.000412363258173	57	MULTISPECIES: S26 family signal peptidase
0.000412363258173	57	MULTISPECIES: arsenical resistance protein ArsH
0.000412363258173	57	MULTISPECIES: methionine biosynthesis protein MetW
0.000412363258173	57	S-(hydroxymethyl)mycothiol dehydrogenase
0.000412363258173	57	DUF350 domain-containing protein
0.000412363258173	57	cobalt chelatase
0.000412363258173	57	MULTISPECIES: UDP-N-acetyl-D-mannosamine dehydrogenase
0.000412363258173	57	3-methyl-2-oxobutanoate dehydrogenase subunit VorB
0.000412363258173	57	K(+)-transporting ATPase subunit B
0.000412363258173	57	DUF3830 domain-containing protein
0.000412363258173	57	methionine--tRNA ligase, partial
0.000412363258173	57	poly-beta-1,6 N-acetyl-D-glucosamine synthase
0.000412363258173	57	N5,N10-methylene tetrahydromethanopterin reductase
0.000412363258173	57	MULTISPECIES: fructose-6-phosphate aldolase
0.000412363258173	57	transmembrane glycosyltransferase
0.000412363258173	57	site-specific recombinase
0.000412363258173	57	DUF4012 domain-containing protein
0.000412363258173	57	MULTISPECIES: UDP-4-amino-4,6-dideoxy-N-acetyl-beta-L-altrosamine transaminase
0.000412363258173	57	N(G),N(G)-dimethylarginine dimethylaminohydrolase
0.000412363258173	57	MULTISPECIES: thiol:disulfide oxidoreductase
0.000412363258173	57	serine recombinase
0.000412363258173	57	pyruvate dehydrogenase complex dihydrolipoyllysine-residue acetyltransferase
0.000412363258173	57	MULTISPECIES: Nif3-like dinuclear metal center hexameric protein
0.000412363258173	57	NAD(FAD)-dependent dehydrogenase
0.000412363258173	57	NADP-dependent aryl-alcohol dehydrogenase
0.000412363258173	57	kinase inhibitor
0.000412363258173	57	MULTISPECIES: prephenate dehydratase
0.000412363258173	57	DUF1092 domain-containing protein
0.000412363258173	57	F420-dependent oxidoreductase
0.000412363258173	57	PAS/PAC sensor hybrid histidine kinase
0.000412363258173	57	4-hydroxy-3-methylbut-2-enyl diphosphate reductase, partial
0.000412363258173	57	signal transduction histidine kinase, lyts
0.000412363258173	57	NHLP family bacteriocin export ABC transporter peptidase/permease/ATPase
0.000412363258173	57	MULTISPECIES: bifunctional aminodeoxychorismate synthase component I/aminodeoxychorismate lyase
0.000412363258173	57	MULTISPECIES: DUF520 domain-containing protein
0.000412363258173	57	enterochelin esterase
0.000412363258173	57	MULTISPECIES: DUF3108 domain-containing protein
0.000412363258173	57	DUF1287 domain-containing protein
0.000412363258173	57	cytochrome c biogenesis factor
0.000412363258173	57	sigma-54-dependent Fis family transcriptional regulator, partial
0.000412363258173	57	DUF1538 domain-containing protein
0.000412363258173	57	spore photoproduct lyase family protein
0.000412363258173	57	N-acetylglutaminylglutamine amidotransferase
0.000412363258173	57	cobyric acid synthase
0.000405128815047	56	MULTISPECIES: tol-pal system protein YbgF
0.000405128815047	56	DUF4834 domain-containing protein
0.000405128815047	56	ETC complex I subunit
0.000405128815047	56	disulfide oxidoreductase
0.000405128815047	56	MULTISPECIES: nitrite reductase large subunit
0.000405128815047	56	CDP-tyvelose epimerase
0.000405128815047	56	MULTISPECIES: undecaprenyldiphospho-muramoylpentapeptide beta-N-acetylglucosaminyltransferase
0.000405128815047	56	tRNA/tmRNA/rRNA uracil-C5-methylase
0.000405128815047	56	2-succinylbenzoyl-CoA synthetase
0.000405128815047	56	ACR family transporter
0.000405128815047	56	anti-sigma regulatory factor
0.000405128815047	56	decaheme-associated outer membrane protein, MtrB/PioB family
0.000405128815047	56	iron-sulfur-binding protein
0.000405128815047	56	sodium:calcium antiporter
0.000405128815047	56	branched-chain amino acid ABC transporter permease LivH
0.000405128815047	56	DUF1961 domain-containing protein
0.000405128815047	56	MULTISPECIES: PrkA family serine protein kinase
0.000405128815047	56	MULTISPECIES: uronate isomerase
0.000405128815047	56	MULTISPECIES: indolepyruvate ferredoxin oxidoreductase
0.000405128815047	56	tagatose-bisphosphate aldolase
0.000405128815047	56	DUF4335 domain-containing protein
0.000405128815047	56	MULTISPECIES: urea ABC transporter substrate-binding protein
0.000405128815047	56	DUF2778 domain-containing protein
0.000405128815047	56	guanine permease
0.000405128815047	56	MULTISPECIES: acetyl-/propionyl-CoA carboxylase subunit alpha
0.000405128815047	56	MULTISPECIES: DUF1446 domain-containing protein
0.000405128815047	56	MULTISPECIES: nitrate reductase subunit alpha
0.000405128815047	56	glycosyl transferase family A
0.000405128815047	56	sugar ABC transporter permease YjfF
0.000405128815047	56	GMC oxidoreductase
0.000405128815047	56	hydroxymethylglutaryl-CoA reductase
0.000405128815047	56	UDP-N-acetylmuramoyl-L-alanyl-D-glutamate--2,6-diaminopimelate ligase, partial
0.000405128815047	56	peptidase M23B
0.000405128815047	56	type II secretion protein F
0.000405128815047	56	glycosyltransferase, exosortase A system-associated
0.000405128815047	56	DUF2849 domain-containing protein
0.000405128815047	56	co-chaperone GroES, partial
0.000405128815047	56	Cu(I)-responsive transcriptional regulator
0.000405128815047	56	MULTISPECIES: HIT family protein
0.000405128815047	56	lipid ABC transporter permease/ATP-binding protein
0.000405128815047	56	GDP-mannose dehydrogenase
0.000405128815047	56	flagellar hook protein
0.000405128815047	56	arylsulfatase B
0.000405128815047	56	M1 family aminopeptidase
0.000405128815047	56	flagellar export apparatus protein FliQ
0.000405128815047	56	MULTISPECIES: protocatechuate 4,5-dioxygenase subunit alpha
0.000405128815047	56	RCC1 repeat-containing protein
0.000405128815047	56	colicin I receptor
0.000405128815047	56	alginate O-acetyltransferase
0.000405128815047	56	subtilisin
0.000405128815047	56	DUF3732 domain-containing protein
0.000397894371922	55	SDR family mycofactocin-dependent oxidoreductase
0.000397894371922	55	CSLREA domain-containing protein
0.000397894371922	55	DUF4280 domain-containing protein
0.000397894371922	55	three-deoxy-D-manno-octulosonic-acid transferase
0.000397894371922	55	FMN reductase (NADPH)
0.000397894371922	55	MULTISPECIES: bacteriochlorophyll/chlorophyll a synthase
0.000397894371922	55	N-acetylglucosaminyltransferase
0.000397894371922	55	ribosomal RNA large subunit methyltransferase N
0.000397894371922	55	MULTISPECIES: type II secretion system protein GspG
0.000397894371922	55	MULTISPECIES: taurine dioxygenase
0.000397894371922	55	PTS fructose transporter subunit IIBC
0.000397894371922	55	type I asparaginase
0.000397894371922	55	peptidoglycan peptidase
0.000397894371922	55	MULTISPECIES: C4-dicarboxylate transporter DctA
0.000397894371922	55	aldehyde dehydrogenase, partial
0.000397894371922	55	tRNA (guanine-N(7)-)-methyltransferase
0.000397894371922	55	PKD domain-containing protein, partial
0.000397894371922	55	MULTISPECIES: L-lactate permease
0.000397894371922	55	prohead protease
0.000397894371922	55	chemotaxis protein B
0.000397894371922	55	NdvB
0.000397894371922	55	TonB-dependent vitamin B12 receptor
0.000397894371922	55	nucleoid-structuring protein H-NS
0.000397894371922	55	MULTISPECIES: recombinase
0.000397894371922	55	DUF4843 domain-containing protein
0.000397894371922	55	DUF4917 domain-containing protein
0.000397894371922	55	DUF1109 domain-containing protein
0.000397894371922	55	DNA integrity scanning protein DisA
0.000397894371922	55	adenylate/guanylate cyclase
0.000397894371922	55	MULTISPECIES: GDP-L-fucose synthase
0.000397894371922	55	flagellin protein
0.000397894371922	55	MULTISPECIES: DNA ligase-associated DEXH box helicase
0.000397894371922	55	Zn-dependent protease with chaperone function
0.000397894371922	55	EscR/YscR/HrcR family type III secretion system export apparatus protein
0.000397894371922	55	site-specific DNA-methyltransferase, partial
0.000397894371922	55	DUF389 domain-containing protein
0.000397894371922	55	MULTISPECIES: L-rhamnose mutarotase
0.000397894371922	55	MULTISPECIES: cysteine--1-D-myo-inosityl 2-amino-2-deoxy-alpha-D-glucopyranoside ligase
0.000397894371922	55	MULTISPECIES: aldehyde oxidoreductase
0.000397894371922	55	p-cumate dioxygenase
0.000397894371922	55	MULTISPECIES: lipoprotein-releasing system ATP-binding protein LolD
0.000397894371922	55	DUF1273 domain-containing protein
0.000397894371922	55	MULTISPECIES: Fe-S protein assembly co-chaperone HscB
0.000397894371922	55	DUF1080 domain-containing protein, partial
0.000397894371922	55	MULTISPECIES: taurine ABC transporter permease
0.000397894371922	55	Electron transfer flavoprotein alpha/beta-subunit
0.000397894371922	55	MULTISPECIES: 1,4-dihydroxy-2-naphthoate polyprenyltransferase
0.000397894371922	55	MULTISPECIES: multidrug transporter
0.000397894371922	55	benzene 1,2-dioxygenase
0.000397894371922	55	aldehyde dehydrogenase iron-sulfur subunit
0.000397894371922	55	D-inositol-3-phosphate glycosyltransferase, partial
0.000397894371922	55	MULTISPECIES: glycogen/starch/alpha-glucan phosphorylase
0.000397894371922	55	MULTISPECIES: 2Fe-2S ferredoxin
0.000397894371922	55	glycoside hydrolase family 95
0.000397894371922	55	MULTISPECIES: DUF971 domain-containing protein
0.000397894371922	55	DUF6 domain-containing protein
0.000397894371922	55	urease-associated protein
0.000397894371922	55	DUF1416 domain-containing protein
0.000397894371922	55	MULTISPECIES: 23S rRNA pseudouridylate synthase B
0.000397894371922	55	penicillin-binding protein, partial
0.000397894371922	55	PEBP family protein
0.000397894371922	55	heterodisulfide reductase
0.000397894371922	55	general secretion pathway protein J
0.000397894371922	55	MULTISPECIES: pseudaminic acid synthase
0.000397894371922	55	MULTISPECIES: malonyl-CoA synthase
0.000397894371922	55	decaprenylphosphoryl-beta-D-ribose oxidase
0.000397894371922	55	delta 9 acyl-lipid fatty acid desaturase
0.000397894371922	55	regulatory protein NosR
0.000397894371922	55	chain length determinant protein tyrosine kinase EpsG
0.000397894371922	55	MULTISPECIES: ATP-dependent RNA helicase
0.000397894371922	55	biosynthetic peptidoglycan transglycosylase
0.000390659928796	54	MULTISPECIES: ATP-dependent helicase HrpB
0.000390659928796	54	integrase family protein
0.000390659928796	54	L-aspartate oxidase, partial
0.000390659928796	54	MULTISPECIES: arsenate reductase
0.000390659928796	54	MULTISPECIES: DUF4032 domain-containing protein
0.000390659928796	54	outer membrane autotransporter
0.000390659928796	54	MULTISPECIES: DUF455 domain-containing protein
0.000390659928796	54	nitric oxide synthase oxygenase
0.000390659928796	54	23S rRNA (guanosine(2251)-2'-O)-methyltransferase
0.000390659928796	54	MULTISPECIES: chemotaxis protein CheA
0.000390659928796	54	MULTISPECIES: nuclease
0.000390659928796	54	DUF2958 domain-containing protein
0.000390659928796	54	D-ala-D-ala transporter subunit
0.000390659928796	54	3-ketosteroid-9-alpha-hydroxylase
0.000390659928796	54	cytochrome C oxidase mono-heme subunit/FixO
0.000390659928796	54	arabinose ABC transporter substrate-binding protein
0.000390659928796	54	DUF4476 domain-containing protein
0.000390659928796	54	putative glutamate--cysteine ligase
0.000390659928796	54	membrane-targeted effector domain-containing toxin
0.000390659928796	54	tryptophanase
0.000390659928796	54	photosystem I reaction center subunit IV
0.000390659928796	54	MULTISPECIES: NYN domain-containing protein
0.000390659928796	54	Tat pathway signal sequence domain protein
0.000390659928796	54	ribonucleoside-diphosphate reductase, beta subunit
0.000390659928796	54	MULTISPECIES: microcin ABC transporter permease
0.000390659928796	54	deoxycytidine triphosphate deaminase
0.000390659928796	54	two-component system response regulator GlrR
0.000390659928796	54	DUF1045 domain-containing protein
0.000390659928796	54	glycerophosphodiester phosphodiesterase, partial
0.000390659928796	54	tRNA (uridine(54)-C5)-methyltransferase TrmA
0.000390659928796	54	portal protein
0.000390659928796	54	MULTISPECIES: tol-pal system-associated acyl-CoA thioesterase
0.000390659928796	54	MULTISPECIES: heme ABC transporter permease
0.000390659928796	54	poly granule associated protein
0.000390659928796	54	vancomycin resistance protein
0.000390659928796	54	purine nucleoside permease
0.000390659928796	54	glutamyl-tRNA amidotransferase subunit A
0.000390659928796	54	histidine/lysine/arginine/ornithine ABC transporter ATP-binding protein
0.000390659928796	54	phage major tail tube protein
0.000390659928796	54	long-chain-fatty-acid--CoA ligase, partial
0.000390659928796	54	phage Tail Collar
0.000390659928796	54	nif-specific transcriptional activator NifA
0.000390659928796	54	MULTISPECIES: aminoacylase
0.000390659928796	54	TerL protein
0.000390659928796	54	DUF2510 domain-containing protein
0.000390659928796	54	MULTISPECIES: MCE family protein
0.000390659928796	54	MULTISPECIES: sel1 repeat family protein
0.000390659928796	54	ammonia-forming cytochrome c nitrite reductase subunit c552
0.000390659928796	54	MULTISPECIES: 1,4-alpha-glucan branching enzyme
0.000390659928796	54	glycosyl hydrolase family 15
0.000390659928796	54	MULTISPECIES: dTDP-4-keto-6-deoxy-D-glucose epimerase
0.000390659928796	54	microcystin LR degradation protein MlrC-like protein
0.000390659928796	54	metallo-mystery pair system four-Cys motif protein
0.000390659928796	54	D-glycero-beta-D-manno-heptose-7-phosphate kinase, partial
0.000390659928796	54	Primase 1
0.000390659928796	54	bifunctional orotidine-5'-phosphate decarboxylase/orotate phosphoribosyltransferase
0.000390659928796	54	ATP-dependent chaperone ClpB, partial
0.000390659928796	54	carbamoyl-phosphate synthase (glutamine-hydrolyzing) small subunit
0.000390659928796	54	MULTISPECIES: disulfide isomerase
0.000390659928796	54	molybdopterin synthase large subunit MoaE
0.000390659928796	54	MULTISPECIES: iron ABC transporter substrate-binding protein
0.000390659928796	54	DUF1838 domain-containing protein
0.000390659928796	54	fumarate hydratase, partial
0.000390659928796	54	MULTISPECIES: class I SAM-dependent DNA methyltransferase
0.000390659928796	54	PTS mannose transporter subunit IIA
0.000390659928796	54	MULTISPECIES: 3-octaprenyl-4-hydroxybenzoate carboxy-lyase
0.000390659928796	54	MULTISPECIES: LPS export ABC transporter periplasmic protein LptC
0.000390659928796	54	ATP synthase epsilon chain
0.000390659928796	54	Immunoglobulin I-set domain protein
0.00038342548567	53	DUF4338 domain-containing protein
0.00038342548567	53	branched-chain amino acid transport system II carrier protein
0.00038342548567	53	IS3 family transposase IS401
0.00038342548567	53	MULTISPECIES: alpha-L-fucosidase
0.00038342548567	53	hydrogenase 2 large subunit
0.00038342548567	53	DNA polymerase A family protein
0.00038342548567	53	MULTISPECIES: D-alanyl-D-alanine carboxypeptidase/D-alanyl-D-alanine-endopeptidase
0.00038342548567	53	DUF4810 domain-containing protein
0.00038342548567	53	malonate transporter subunit MadL
0.00038342548567	53	YaeQ protein
0.00038342548567	53	two-component sensor kinase
0.00038342548567	53	MULTISPECIES: NAD(P)H-dependent oxidoreductase subunit E
0.00038342548567	53	disulfide bond formation protein DsbC
0.00038342548567	53	NDP-hexose 2,3-dehydratase
0.00038342548567	53	protease, partial
0.00038342548567	53	MULTISPECIES: serine/threonine protein phosphatase
0.00038342548567	53	sialic acid-specific 9-O-acetylesterase
0.00038342548567	53	serine endopeptidase
0.00038342548567	53	MULTISPECIES: peptidase M3
0.00038342548567	53	MULTISPECIES: Tol-Pal system beta propeller repeat protein TolB
0.00038342548567	53	MULTISPECIES: cytidine deaminase
0.00038342548567	53	chain length-determining protein
0.00038342548567	53	MULTISPECIES: LPS biosynthesis protein
0.00038342548567	53	MULTISPECIES: chemotaxis response regulator protein-glutamate methylesterase
0.00038342548567	53	MULTISPECIES: cysteine desulfurase-like protein
0.00038342548567	53	translocase
0.00038342548567	53	phage tape measure protein
0.00038342548567	53	rod shape-determining protein, partial
0.00038342548567	53	scramblase
0.00038342548567	53	DUF2789 domain-containing protein
0.00038342548567	53	UDP-N-acetylglucosamine diphosphorylase
0.00038342548567	53	divalent metal cation transporter FieF
0.00038342548567	53	membrane receptor RagA
0.00038342548567	53	DUF551 domain-containing protein
0.00038342548567	53	aliphatic sulfonate ABC transporter ATP-binding protein
0.00038342548567	53	NADH-quinone oxidoreductase subunit N 1
0.00038342548567	53	death-on-curing family protein
0.00038342548567	53	DUF4936 domain-containing protein
0.00038342548567	53	MULTISPECIES: RNA polymerase sigma factor FliA
0.00038342548567	53	solute:sodium symporter family transporter
0.00038342548567	53	MULTISPECIES: YeeE/YedE family protein
0.00038342548567	53	CoA activase
0.00038342548567	53	acetyl-coenzyme A synthetase, partial
0.00038342548567	53	uracil permease
0.00038342548567	53	DUF4071 domain-containing protein
0.00038342548567	53	MULTISPECIES: RNA polymerase sigma factor RpoH
0.00038342548567	53	glutamate--pyruvate aminotransferase
0.00038342548567	53	MULTISPECIES: metal ABC transporter permease
0.00038342548567	53	NAD(P)/FAD-dependent oxidoreductase, partial
0.00038342548567	53	MULTISPECIES: carboxymethylenebutenolidase
0.00038342548567	53	ATP-dependent metalloprotease FtsH
0.00038342548567	53	VacJ family lipoprotein
0.00038342548567	53	dolichol-P-glucose synthetase
0.00038342548567	53	lactate utilization protein C
0.00038342548567	53	ribonuclease 3
0.00038342548567	53	NAD-dependent succinate-semialdehyde dehydrogenase, partial
0.00038342548567	53	MULTISPECIES: dimethylmenaquinone methyltransferase
0.00038342548567	53	alfa-L-rhamnosidase
0.00038342548567	53	MULTISPECIES: branched-chain amino acid ABC transporter ATP-binding protein
0.00038342548567	53	ATP-dependent Clp protease proteolytic subunit, partial
0.00038342548567	53	competence protein TfoX
0.00038342548567	53	MULTISPECIES: molybdenum cofactor biosynthesis protein MoaE
0.00038342548567	53	MULTISPECIES: glycosyltransferase family 4 protein
0.00038342548567	53	MULTISPECIES: D-alanyl-D-alanine endopeptidase
0.00038342548567	53	DUF2125 domain-containing protein
0.00038342548567	53	DNA polymerase V
0.00038342548567	53	MULTISPECIES: PhzF family phenazine biosynthesis protein
0.00038342548567	53	NAD regulator
0.00038342548567	53	non-specific serine/threonine protein kinase
0.00038342548567	53	ABC-ATPase UvrA, partial
0.00038342548567	53	helix-turn-helix domain-containing protein, partial
0.000376191042544	52	MULTISPECIES: arginine decarboxylase
0.000376191042544	52	phosphonate metabolism protein PhnL
0.000376191042544	52	UDP-N-acetylmuramoylalanine--D-glutamate ligase
0.000376191042544	52	MULTISPECIES: YjgP/YjgQ family permease
0.000376191042544	52	MULTISPECIES: aromatic amino acid aminotransferase
0.000376191042544	52	MULTISPECIES: flagellar biosynthesis protein FlhB
0.000376191042544	52	MULTISPECIES: Na+/H+ antiporter NhaA
0.000376191042544	52	MBL fold metallo-hydrolase, partial
0.000376191042544	52	ATP F0F1 synthase subunit gamma
0.000376191042544	52	phage head protein
0.000376191042544	52	GRRM system radical SAM/SPASM domain protein
0.000376191042544	52	MULTISPECIES: alanine--glyoxylate aminotransferase family protein
0.000376191042544	52	D-Ala-D-Ala carboxypeptidase
0.000376191042544	52	outer membrane protein chaperone
0.000376191042544	52	FemAB
0.000376191042544	52	subtilase
0.000376191042544	52	(2,3-dihydroxybenzoyl)adenylate synthase
0.000376191042544	52	polar amino acid ABC transporter substrate-binding protein
0.000376191042544	52	MULTISPECIES: lipopolysaccharide assembly protein LapB
0.000376191042544	52	inner membrane protein
0.000376191042544	52	phosphoadenylylsulfate reductase
0.000376191042544	52	succinate dehydrogenase or fumarate reductase flavoprotein subunit
0.000376191042544	52	L-asparaginase II
0.000376191042544	52	TIGR03085 family protein
0.000376191042544	52	acyltransferase 3
0.000376191042544	52	MULTISPECIES: molecular chaperone Hsp33
0.000376191042544	52	alpha-ketoglutarate permease
0.000376191042544	52	small basic protein
0.000376191042544	52	MULTISPECIES: serine/threonine-protein phosphatase
0.000376191042544	52	MULTISPECIES: 3-oxoacyl
0.000376191042544	52	decaprenylphospho-beta-D-erythro-pentofuranosid-2-ulose 2-reductase
0.000376191042544	52	DUF4242 domain-containing protein
0.000376191042544	52	L-seryl-tRNA(Sec) selenium transferase-related protein
0.000376191042544	52	cytochrome bd-II oxidase subunit 2
0.000376191042544	52	DUF4255 domain-containing protein
0.000376191042544	52	DUF1722 domain-containing protein
0.000376191042544	52	vitamin B12 receptor
0.000376191042544	52	MULTISPECIES: 4-hydroxybenzoate 3-monooxygenase
0.000376191042544	52	acyl-CoA oxidase
0.000376191042544	52	9,9'-di-cis-zeta-carotene desaturase
0.000376191042544	52	RNA polymerase subunit sigma-54
0.000376191042544	52	molybdopterin-synthase adenylyltransferase MoeB
0.000376191042544	52	HAF repeat-containing protein
0.000376191042544	52	cell envelope protein SmpA
0.000376191042544	52	glycerol 3-phosphate ABC transporter
0.000376191042544	52	MULTISPECIES: sarcosine oxidase subunit alpha family protein
0.000376191042544	52	MULTISPECIES: uroporphyrinogen-III synthase
0.000376191042544	52	MULTISPECIES: peptidase M1
0.000376191042544	52	peptide chain release factor-like protein
0.000376191042544	52	rRNA large subunit pseudouridine synthase E
0.000376191042544	52	MULTISPECIES: group II intron reverse transcriptase/maturase
0.000376191042544	52	putative Iron-dependent repressor IdeR
0.000376191042544	52	MULTISPECIES: fuconate dehydratase
0.000376191042544	52	MULTISPECIES: WYL domain-containing protein
0.000376191042544	52	type I restriction-modification system methyltransferase subunit
0.000376191042544	52	AMP-forming long-chain acyl-CoA synthetase
0.000376191042544	52	flagellar hook capping protein
0.000376191042544	52	glycogen/starch/alpha-glucan family phosphorylase
0.000376191042544	52	oxidoreductase, partial
0.000376191042544	52	MULTISPECIES: site-2 protease family protein
0.000376191042544	52	UDP-N-acetylglucosamine--N-acetylmuramyl-(pentapeptide) pyrophosphoryl-undecaprenol N-acetylglucosamine transferase
0.000376191042544	52	tricarboxylic transporter
0.000376191042544	52	DUF4468 domain-containing protein
0.000376191042544	52	hydroxyethylthiazole kinase
0.000376191042544	52	MULTISPECIES: 7-carboxy-7-deazaguanine synthase
0.000376191042544	52	Bax1 inhibitor-like family protein
0.000376191042544	52	MULTISPECIES: DNA starvation/stationary phase protection protein
0.000376191042544	52	ubiquinone biosynthesis protein UbiD
0.000376191042544	52	septation inhibitor protein
0.000368956599418	51	L(+)-tartrate dehydratase subunit beta
0.000368956599418	51	type III-B CRISPR-associated protein Cas10/Cmr2
0.000368956599418	51	MULTISPECIES: cytochrome bc complex cytochrome b subunit
0.000368956599418	51	MULTISPECIES: bifunctional sulfate adenylyltransferase subunit 1/adenylylsulfate kinase
0.000368956599418	51	EscJ/YscJ/HrcJ family type III secretion inner membrane ring protein
0.000368956599418	51	MULTISPECIES: aldehyde-activating protein
0.000368956599418	51	ATP synthase I
0.000368956599418	51	DUF2076 domain-containing protein
0.000368956599418	51	MULTISPECIES: type II secretion system protein GspI
0.000368956599418	51	DUF3617 domain-containing protein
0.000368956599418	51	isobutyryl-CoA mutase small subunit
0.000368956599418	51	aminoacetone oxidase family FAD-binding enzyme, partial
0.000368956599418	51	MULTISPECIES: polynucleotide phosphorylase
0.000368956599418	51	L-alanine-DL-glutamate epimerase
0.000368956599418	51	MULTISPECIES: cobaltochelatase subunit CobS
0.000368956599418	51	peptidase S14 ClpP
0.000368956599418	51	peptidase M29
0.000368956599418	51	pterin-4-alpha-carbinolamine dehydratase
0.000368956599418	51	MULTISPECIES: PorT family protein
0.000368956599418	51	DUF560 domain-containing protein
0.000368956599418	51	RNA polymerase ECF-subfamily sigma factor
0.000368956599418	51	DUF899 domain-containing protein
0.000368956599418	51	riboflavin kinase
0.000368956599418	51	3-(3-hydroxy-phenyl)propionate transporter MhpT
0.000368956599418	51	phosphonate utilization associated transcriptional regulator
0.000368956599418	51	glycoside hydrolase family 20
0.000368956599418	51	DUF550 domain-containing protein
0.000368956599418	51	oleate hydratase
0.000368956599418	51	GCN5 family N-acetyltransferase
0.000368956599418	51	MULTISPECIES: multidrug transporter subunit MdtB
0.000368956599418	51	adenosylcobinamide-phosphate synthase
0.000368956599418	51	bifunctional glyoxylate/hydroxypyruvate reductase B
0.000368956599418	51	fibronectin type III domain-containing protein, partial
0.000368956599418	51	photosystem II reaction center protein PsbH
0.000368956599418	51	MULTISPECIES: SURF1 family protein
0.000368956599418	51	peptidase S1 and S6 chymotrypsin/Hap
0.000368956599418	51	Cys/Met metabolism PLP-dependent enzyme
0.000368956599418	51	MULTISPECIES: translation elongation factor Ts
0.000368956599418	51	RNA 3'-phosphate cyclase
0.000368956599418	51	DUF2191 domain-containing protein
0.000368956599418	51	aryl-alcohol dehydrogenase
0.000368956599418	51	caspase
0.000368956599418	51	MULTISPECIES: cardiolipin synthase B
0.000368956599418	51	MULTISPECIES: flagellar motor switch protein FliG
0.000368956599418	51	peptidase E
0.000368956599418	51	MULTISPECIES: bifunctional isocitrate dehydrogenase kinase/phosphatase
0.000368956599418	51	DUF979 domain-containing protein
0.000368956599418	51	MULTISPECIES: ferredoxin:protochlorophyllide reductase (ATP-dependent) subunit B
0.000368956599418	51	recombination endonuclease VII
0.000368956599418	51	ATP-binding cassette family protein
0.000368956599418	51	pyrophosphate--fructose-6-phosphate 1-phosphotransferase
0.000368956599418	51	MULTISPECIES: DUF2075 domain-containing protein
0.000368956599418	51	MULTISPECIES: lipoate--protein ligase B
0.000368956599418	51	DUF214 domain-containing protein
0.000368956599418	51	ribosomal subunit interface protein, partial
0.000368956599418	51	NAD-dependent aldehyde dehydrogenase
0.000368956599418	51	15-cis-phytoene desaturase
0.000368956599418	51	hydantoinase subunit beta
0.000368956599418	51	MULTISPECIES: alpha-mannosidase
0.000368956599418	51	MULTISPECIES: conjugal transfer protein TraG
0.000368956599418	51	DUF4365 domain-containing protein
0.000368956599418	51	MULTISPECIES: bifunctional o-acetylhomoserine/o-acetylserine sulfhydrylase
0.000368956599418	51	DUF2834 domain-containing protein
0.000368956599418	51	MULTISPECIES: peptidase C69
0.000368956599418	51	UTRA domain-containing protein
0.000368956599418	51	arginine biosynthesis protein ArgJ
0.000368956599418	51	DUF1956 domain-containing protein
0.000361722156292	50	MULTISPECIES: 5-carboxymethyl-2-hydroxymuconate semialdehyde dehydrogenase
0.000361722156292	50	pyridoxamine 5-phosphate oxidase
0.000361722156292	50	sensory box protein/response regulator
0.000361722156292	50	putative phosphatase
0.000361722156292	50	MULTISPECIES: S-(hydroxymethyl)glutathione dehydrogenase/class III alcohol dehydrogenase
0.000361722156292	50	protein containing DUF1549
0.000361722156292	50	nitrogenase cofactor biosynthesis protein NifB
0.000361722156292	50	peptidase S66
0.000361722156292	50	DUF3754 domain-containing protein
0.000361722156292	50	pilus assembly protein CpaC
0.000361722156292	50	MULTISPECIES: deacetylase
0.000361722156292	50	ERF family protein
0.000361722156292	50	fusaric acid resistance protein
0.000361722156292	50	arsenical efflux pump membrane protein ArsB
0.000361722156292	50	MULTISPECIES: isomerase
0.000361722156292	50	twin transmembrane helix small protein
0.000361722156292	50	succinyl-CoA synthetase subunit beta
0.000361722156292	50	insulinase family protein, partial
0.000361722156292	50	phage tail tape measure protein, partial
0.000361722156292	50	peptidase U37
0.000361722156292	50	MULTISPECIES: 5-carboxymethyl-2-hydroxymuconate isomerase
0.000361722156292	50	DUF4244 domain-containing protein
0.000361722156292	50	MULTISPECIES: hemerythrin
0.000361722156292	50	DNA polymerase III, delta' subunit
0.000361722156292	50	MULTISPECIES: malonate transporter subunit MadM
0.000361722156292	50	D-amino-acid transaminase
0.000361722156292	50	MULTISPECIES: NADH pyrophosphatase
0.000361722156292	50	RNA-dependent DNA polymerase
0.000361722156292	50	maltodextrin phosphorylase
0.000361722156292	50	MULTISPECIES: type VI secretion system-associated protein
0.000361722156292	50	adenine-specific DNA methyltransferase
0.000361722156292	50	double-region domain-containing protein
0.000361722156292	50	MULTISPECIES: cob(I)yrinic acid a,c-diamide adenosyltransferase
0.000361722156292	50	DUF1385 domain-containing protein
0.000361722156292	50	MULTISPECIES: isocitrate dehydrogenase
0.000361722156292	50	thiol-disulfide interchange protein, TlpA-like family
0.000361722156292	50	chemotaxis protein CheZ
0.000361722156292	50	outer membrane cobalamin receptor protein
0.000361722156292	50	MULTISPECIES: 5'-3' exonuclease
0.000361722156292	50	formate dehydrogenase accessory protein FdhE
0.000361722156292	50	MULTISPECIES: thioredoxin domain-containing protein
0.000361722156292	50	myo-inositol catabolism protein
0.000361722156292	50	MULTISPECIES: formate dehydrogenase subunit gamma
0.000361722156292	50	phenol degradation protein meta
0.000361722156292	50	type VI secretion system protein
0.000361722156292	50	UDP-N-acetylmuramate--L-alanine ligase, partial
0.000361722156292	50	MULTISPECIES: Fe-S protein assembly chaperone HscA
0.000361722156292	50	S-methyl-5-thioribose kinase
0.000361722156292	50	chalcone isomerase
0.000361722156292	50	pilus assembly protein TadC
0.000361722156292	50	peptidyl-prolyl cis-trans isomerase, EpsD family
0.000361722156292	50	MULTISPECIES: photosystem I iron-sulfur center protein PsaC
0.000361722156292	50	MULTISPECIES: heme-degrading domain-containing protein
0.000361722156292	50	glucose-fructose oxidoreductase
0.000361722156292	50	MULTISPECIES: glycerol-3-phosphate acyltransferase
0.000361722156292	50	putative N-carbamoyl-D-amino acid amidohydrolase
0.000361722156292	50	ubiquinone biosynthesis monooxgenase COQ6
0.000361722156292	50	7,8-didemethyl-8-hydroxy-5-deazariboflavin synthase subunit CofH
0.000361722156292	50	MULTISPECIES: phage head-tail adapter protein
0.000361722156292	50	nucleoside monophosphate kinase
0.000361722156292	50	MULTISPECIES: molybdenum ABC transporter ATP-binding protein
0.000354487713166	49	cystathionine beta-lyase/cystathionine gamma-synthase
0.000354487713166	49	aromatic amino acid decarboxylase
0.000354487713166	49	ferredoxin-NADP reductase
0.000354487713166	49	DUF4325 domain-containing protein
0.000354487713166	49	MULTISPECIES: type II toxin-antitoxin system Phd/YefM family antitoxin
0.000354487713166	49	1-acyl-sn-glycerol-3-phosphate acyltransferase, partial
0.000354487713166	49	DUF969 domain-containing protein
0.000354487713166	49	magnesium chelatase, partial
0.000354487713166	49	class 1b ribonucleoside-diphosphate reductase subunit beta
0.000354487713166	49	restriction endonuclease Eco57I
0.000354487713166	49	flavin-containing monooxygenase
0.000354487713166	49	MULTISPECIES: pilus assembly protein CpaF
0.000354487713166	49	flagellar biosynthesis protein
0.000354487713166	49	DUF763 domain-containing protein
0.000354487713166	49	DUF1996 domain-containing protein
0.000354487713166	49	IS6 family transposase, partial
0.000354487713166	49	YggS family pyridoxal phosphate-dependent enzyme, partial
0.000354487713166	49	MULTISPECIES: sensor domain-containing diguanylate cyclase
0.000354487713166	49	mechanosensitive ion channel MscS
0.000354487713166	49	MULTISPECIES: alpha-amlyase
0.000354487713166	49	MULTISPECIES: DUF2946 domain-containing protein
0.000354487713166	49	Fic/DOC family protein
0.000354487713166	49	MULTISPECIES: ThuA domain-containing protein
0.000354487713166	49	DNA topoisomerase IV subunit A, partial
0.000354487713166	49	IS630 family transposase, partial
0.000354487713166	49	EscU/YscU/HrcU family type III secretion system export apparatus switch protein
0.000354487713166	49	NADH:ubiquinone reductase (Na(+)-transporting) subunit C
0.000354487713166	49	TolC family type I secretion outer membrane protein
0.000354487713166	49	IS481 family transposase, partial
0.000354487713166	49	3-beta hydroxysteroid dehydrogenase/isomerase
0.000354487713166	49	DUF368 domain-containing protein
0.000354487713166	49	transcription factor
0.000354487713166	49	glycoside hydrolase family 5
0.000354487713166	49	anion-transporting ATPase
0.000354487713166	49	DNA topoisomerase IV subunit B, partial
0.000354487713166	49	gluconate permease
0.000354487713166	49	Integral membrane protein TerC
0.000354487713166	49	P-loop ATPase
0.000354487713166	49	MULTISPECIES: methylase
0.000354487713166	49	MULTISPECIES: PAC2 family protein
0.000354487713166	49	type-IV secretion system protein TraC
0.000354487713166	49	MULTISPECIES: bifunctional RNase H/acid phosphatase
0.000354487713166	49	DUF3309 domain-containing protein
0.000354487713166	49	5'-3'-deoxyribonucleotidase
0.000354487713166	49	tRNA (guanine(46)-N(7))-methyltransferase TrmB
0.000354487713166	49	N-acetylmannosamine-6-phosphate 2-epimerase
0.000354487713166	49	lysophospholipase L1-like esterase
0.000354487713166	49	MULTISPECIES: Clp protease ClpS
0.000354487713166	49	MULTISPECIES: amino-acid N-acetyltransferase
0.000354487713166	49	exosortase-associated EpsI family protein
0.000354487713166	49	type VI secretion protein ImpB
0.000354487713166	49	MULTISPECIES: threonine aldolase
0.000354487713166	49	cupredoxin domain-containing protein
0.000354487713166	49	quinoprotein ethanol dehydrogenase
0.000354487713166	49	NADPH--cytochrome reductase
0.000354487713166	49	MULTISPECIES: amine oxidase
0.000354487713166	49	acyl-CoA synthetase (AMP-forming)/AMP-acid ligase II
0.000354487713166	49	dTDP-6-deoxy-L-hexose 3-O-methyltransferase
0.000354487713166	49	MULTISPECIES: NifU family protein
0.000354487713166	49	penicillin-insensitive murein endopeptidase
0.000354487713166	49	methylmalonyl-CoA carboxyltransferase, partial
0.000354487713166	49	esterase/lipase-like protein
0.000354487713166	49	NERD domain-containing protein
0.000354487713166	49	penicillinase repressor
0.000354487713166	49	MULTISPECIES: NAD(P)H-dependent oxidoreductase
0.000354487713166	49	GDP-mannose 4,6-dehydratase, partial
0.000354487713166	49	hemin uptake protein HemP
0.000354487713166	49	DUF386 domain-containing protein
0.000354487713166	49	PorT protein
0.000354487713166	49	MULTISPECIES: N-acetyl-1-D-myo-inositol-2-amino-2-deoxy-alpha-D-glucopyranoside deacetylase
0.000354487713166	49	MULTISPECIES: diapophytoene dehydrogenase
0.000354487713166	49	MULTISPECIES: acetoacetyl-CoA synthetase
0.000354487713166	49	MULTISPECIES: DeoR/GlpR transcriptional regulator
0.000354487713166	49	putrescine/spermidine ABC transporter ATP-binding protein
0.000354487713166	49	GDP-mannose pyrophosphatase
0.000354487713166	49	hydrolase/aminopeptidase
0.000354487713166	49	MULTISPECIES: cell surface protein SprA
0.000354487713166	49	MULTISPECIES: pyridoxal 5'-phosphate synthase glutaminase subunit PdxT
0.000354487713166	49	FMN reductase
0.000354487713166	49	PTS sugar transporter subunit IIC
0.000354487713166	49	ethanolamine utilization protein EutN
0.000347253270041	48	MULTISPECIES: RNA-binding protein Hfq
0.000347253270041	48	trans-2-enoyl-ACP reductase
0.000347253270041	48	hydrolase GDSL
0.000347253270041	48	phosphate ABC transporter substrate-binding protein, PhoT family
0.000347253270041	48	MULTISPECIES: DNA topoisomerase (ATP-hydrolyzing) subunit B
0.000347253270041	48	S-adenosylmethionine-binding protein
0.000347253270041	48	MULTISPECIES: DUF1841 domain-containing protein
0.000347253270041	48	flagellar L-ring protein FlgH
0.000347253270041	48	MULTISPECIES: DUF1003 domain-containing protein
0.000347253270041	48	GlyGly-CTERM sorting domain-containing protein
0.000347253270041	48	dTMP kinase, partial
0.000347253270041	48	malate dehydrogenase, partial
0.000347253270041	48	malic enzyme, partial
0.000347253270041	48	MULTISPECIES: stringent starvation protein A
0.000347253270041	48	leucine-rich repeat domain-containing protein
0.000347253270041	48	AmmeMemoRadiSam system protein A
0.000347253270041	48	AmmeMemoRadiSam system protein B
0.000347253270041	48	RelE/StbE family addiction module toxin
0.000347253270041	48	glutathione-regulated potassium-efflux system protein KefB
0.000347253270041	48	DUF2786 domain-containing protein
0.000347253270041	48	pyruvate formate-lyase 1-activating enzyme
0.000347253270041	48	Fmu (Sun) domain protein
0.000347253270041	48	MULTISPECIES: galactose-1-epimerase
0.000347253270041	48	endo-1,4-D-glucanase
0.000347253270041	48	alpha-2-macroglobulin domain protein
0.000347253270041	48	peptidase C45
0.000347253270041	48	heavy metal transport/detoxification protein
0.000347253270041	48	ribosome-associated inhibitor A/sigma 54 modulation protein
0.000347253270041	48	glutathione ABC transporter permease GsiC
0.000347253270041	48	MULTISPECIES: DUF1993 domain-containing protein
0.000347253270041	48	stilbene synthase
0.000347253270041	48	tRNA (adenosine(37)-N6)-methyltransferase TrmM
0.000347253270041	48	RNA-binding protein, partial
0.000347253270041	48	4-chlorobenzoate--CoA ligase
0.000347253270041	48	phosphate starvation-inducible protein PsiF
0.000347253270041	48	MULTISPECIES: acetyl-CoA carboxylase, biotin carboxyl carrier protein
0.000347253270041	48	DUF2809 domain-containing protein
0.000347253270041	48	MULTISPECIES: formyl-CoA transferase
0.000347253270041	48	HlyD family secretion protein, partial
0.000347253270041	48	nickel/cobalt efflux protein RcnA
0.000347253270041	48	ribonucleoside-diphosphate reductase subunit
0.000347253270041	48	aminobenzoyl-glutamate transporter
0.000347253270041	48	phenylalanyl--tRNA ligase subunit alpha
0.000347253270041	48	NADH-quinone oxidoreductase subunit L, partial
0.000347253270041	48	DNA phosphorothioation-dependent restriction protein DptG
0.000347253270041	48	molybdenum-dependent transcriptional regulator
0.000347253270041	48	serpin family protein
0.000347253270041	48	WXG100 family type VII secretion target
0.000347253270041	48	flagellin modification protein A
0.000347253270041	48	MULTISPECIES: RDD family protein
0.000347253270041	48	pyrimidine utilization transport protein G
0.000347253270041	48	MULTISPECIES: CinA family protein
0.000347253270041	48	MULTISPECIES: chaperonin GroL
0.000347253270041	48	nitrogen assimilation transcriptional regulator
0.000347253270041	48	MULTISPECIES: DUF262 domain-containing protein
0.000347253270041	48	DUF4783 domain-containing protein
0.000347253270041	48	DNA alkylation repair enzyme
0.000347253270041	48	alkaline serine protease
0.000347253270041	48	ATP-dependent endonuclease, partial
0.000347253270041	48	MULTISPECIES: tRNA adenosine(34) deaminase TadA
0.000347253270041	48	phosphatidylserine decarboxylase proenzyme
0.000347253270041	48	MULTISPECIES: PEP-CTERM sorting domain-containing protein
0.000347253270041	48	MULTISPECIES: phosphate regulon transcriptional regulatory protein PhoB
0.000347253270041	48	RpsU-divergently transcribed
0.000347253270041	48	RagB/SusD family nutrient uptake outer membrane protein, partial
0.000347253270041	48	MULTISPECIES: dehydratase
0.000347253270041	48	type III restriction endonuclease subunit M
0.000347253270041	48	XshC-Cox1-family protein
0.000347253270041	48	isoleucyl-tRNA synthetase
0.000347253270041	48	sodium-translocating pyrophosphatase, partial
0.000347253270041	48	cytochrome oxidase
0.000347253270041	48	glycosyl transferase, partial
0.000347253270041	48	large multi-functional protein
0.000347253270041	48	MULTISPECIES: TlyA family RNA methyltransferase
0.000347253270041	48	MULTISPECIES: ribokinase
0.000347253270041	48	uridylate kinase
0.000347253270041	48	MULTISPECIES: ionic transporter y4hA
0.000340018826915	47	magnesium transporter, partial
0.000340018826915	47	MULTISPECIES: sugar isomerase
0.000340018826915	47	MULTISPECIES: cyclohexanecarboxylate-CoA ligase
0.000340018826915	47	tRNA/rRNA methyltransferase SpoU
0.000340018826915	47	family 1 glycoside hydrolase
0.000340018826915	47	serine protein kinase PrkA
0.000340018826915	47	MULTISPECIES: transglycosylase
0.000340018826915	47	acetyl-CoA carboxylase subunit alpha
0.000340018826915	47	MULTISPECIES: adenosylmethionine--8-amino-7-oxononanoate aminotransferase BioA
0.000340018826915	47	chromate resistance protein
0.000340018826915	47	MULTISPECIES: glucarate dehydratase
0.000340018826915	47	MULTISPECIES: threonine/serine dehydratase
0.000340018826915	47	zinc-containing alcohol dehydrogenase
0.000340018826915	47	NHL repeat-containing protein
0.000340018826915	47	EmrA/EmrK family multidrug efflux transporter periplasmic adaptor subunit
0.000340018826915	47	methionine sulfoxide reductase A
0.000340018826915	47	DUF4434 domain-containing protein
0.000340018826915	47	MULTISPECIES: major capsid protein
0.000340018826915	47	MULTISPECIES: 5-oxopent-3-ene-1,2,5-tricarboxylate decarboxylase
0.000340018826915	47	peptide chain release factor 1, partial
0.000340018826915	47	benzoate--CoA ligase
0.000340018826915	47	MULTISPECIES: DUF615 domain-containing protein
0.000340018826915	47	bifunctional 4-hydroxy-3-methylbut-2-enyl diphosphate reductase/30S ribosomal protein S1
0.000340018826915	47	MULTISPECIES: tRNA (guanine(46)-N(7))-methyltransferase
0.000340018826915	47	MULTISPECIES: helix-turn-helix transcriptional regulator
0.000340018826915	47	DUF2927 domain-containing protein
0.000340018826915	47	MULTISPECIES: kinase/pyrophosphorylase
0.000340018826915	47	cytochrome C protein NapC
0.000340018826915	47	glycine dehydrogenase (decarboxylating)
0.000340018826915	47	Replicase polyprotein 1ab
0.000340018826915	47	dTDP-4-dehydro-6-deoxyglucose aminotransferase
0.000340018826915	47	MULTISPECIES: non-ribosomal peptide synthetase
0.000340018826915	47	multidrug ABC transporter permease/ATP-binding protein
0.000340018826915	47	MULTISPECIES: glutamate-1-semialdehyde aminotransferase
0.000340018826915	47	photosystem I P700 chlorophyll a apoprotein A1
0.000340018826915	47	MULTISPECIES: 4-carboxymuconolactone decarboxylase
0.000340018826915	47	macrolide transporter
0.000340018826915	47	MULTISPECIES: fatty acid hydroxylase
0.000340018826915	47	glutamate-1-semialdehyde aminotransferase, partial
0.000340018826915	47	MULTISPECIES: glycoside hydrolase family 2
0.000340018826915	47	DUF4123 domain-containing protein
0.000340018826915	47	O-succinylhomoserine (thiol)-lyase
0.000340018826915	47	saccharopine reductase
0.000340018826915	47	MULTISPECIES: hydantoinase
0.000340018826915	47	aldehyde dehydrogenase dhaS
0.000340018826915	47	ATP-dependent DNA helicase II
0.000340018826915	47	OpgC domain-containing protein
0.000340018826915	47	cysteine desulfurase CsdA
0.000340018826915	47	MULTISPECIES: DUF3276 domain-containing protein
0.000340018826915	47	diflavin flavoprotein A
0.000340018826915	47	thioredoxin-like protein
0.000340018826915	47	MULTISPECIES: tRNA (adenosine(37)-N6)-threonylcarbamoyltransferase complex dimerization subunit type 1 TsaB
0.000340018826915	47	alkaline phosphatase D
0.000340018826915	47	L-arabonate dehydratase
0.000340018826915	47	ornithine cyclodeaminase family protein
0.000340018826915	47	MULTISPECIES: alpha-galactosidase
0.000340018826915	47	MULTISPECIES: phosphogluconate dehydrogenase (NADP(+)-dependent, decarboxylating)
0.000340018826915	47	mannitol-1-phosphate 5-dehydrogenase
0.000340018826915	47	multifunctional tRNA nucleotidyltransferase/2',3'-cyclic phosphodiesterase/2' nucleotidase/2'phosphatase
0.000340018826915	47	DUF4912 domain-containing protein
0.000340018826915	47	NmrA/HSCARG family protein
0.000340018826915	47	MULTISPECIES: HIT family hydrolase
0.000340018826915	47	F420-0--gamma-glutamyl ligase
0.000340018826915	47	MULTISPECIES: NAD-dependent alcohol dehydrogenase
0.000340018826915	47	glycine dehydrogenase (aminomethyl-transferring), partial
0.000340018826915	47	MULTISPECIES: glycoside hydrolase family 19
0.000340018826915	47	hydrolase 1, exosortase A system-associated
0.000340018826915	47	ribosomal large subunit pseudouridine synthase C
0.000340018826915	47	ribosomal large subunit pseudouridine synthase E
0.000340018826915	47	MULTISPECIES: NAD/FAD-binding protein
0.000340018826915	47	hybrid sensor and regulator
0.000340018826915	47	molecular chaperone Hsp20
0.000340018826915	47	UDP-glucose/GDP-mannose dehydrogenase
0.000340018826915	47	phage tail protein I
0.000340018826915	47	polyphosphate--nucleotide phosphotransferase
0.000340018826915	47	chromosome condensation regulator
0.000340018826915	47	sensory protein TspO
0.000340018826915	47	nucleoside 2-deoxyribosyltransferase
0.000340018826915	47	3-oxoadipate--succinyl-CoA transferase subunit A
0.000340018826915	47	ioquinoline 1-oxidoreductase subunit beta
0.000340018826915	47	NTPase KAP
0.000340018826915	47	DUF533 domain-containing protein
0.000340018826915	47	MULTISPECIES: oxidative damage protection protein
0.000340018826915	47	MULTISPECIES: NADPH:quinone reductase
0.000340018826915	47	cytochrome Cbb3 oxidase maturation protein CcoH
0.000340018826915	47	DUF466 domain-containing protein
0.000340018826915	47	(4Fe-4S)-binding protein
0.000340018826915	47	glycine/betaine ABC transporter permease
0.000340018826915	47	MULTISPECIES: DUF2867 domain-containing protein
0.000340018826915	47	riboflavin deaminase
0.000340018826915	47	cytochrome c5530 family protein
0.000340018826915	47	type I-D CRISPR-associated protein Cas10d/Csc3
0.000340018826915	47	MULTISPECIES: chlorophyllide a reductase subunit Y
0.000332784383789	46	O-acetyl-ADP-ribose deacetylase
0.000332784383789	46	arsenite S-adenosylmethyltransferase, partial
0.000332784383789	46	DUF4291 domain-containing protein
0.000332784383789	46	YhgE/Pip domain-containing protein
0.000332784383789	46	MULTISPECIES: M48 family peptidase
0.000332784383789	46	virulence factor
0.000332784383789	46	muconolactone delta-isomerase
0.000332784383789	46	MULTISPECIES: fructose-bisphosphate aldolase
0.000332784383789	46	MULTISPECIES: phosphonoacetate hydrolase
0.000332784383789	46	polysialic acid transporter kpsD
0.000332784383789	46	purine nucleoside phosphorylase DeoD-type
0.000332784383789	46	ribosomal RNA large subunit methyltransferase H
0.000332784383789	46	DUF3443 domain-containing protein
0.000332784383789	46	phosphoserine aminotransferase
0.000332784383789	46	MULTISPECIES: EmrB/QacA family drug resistance transporter
0.000332784383789	46	Bifunctional DNA Primase/polymerase
0.000332784383789	46	MULTISPECIES: glycolate oxidase subunit GlcE
0.000332784383789	46	MULTISPECIES: TlyA family rRNA (cytidine-2'-O)-methyltransferase
0.000332784383789	46	type VI secretion system ImpA domain-containing protein
0.000332784383789	46	Auxin Efflux Carrier
0.000332784383789	46	MULTISPECIES: galactose-1-phosphate uridylyltransferase
0.000332784383789	46	MULTISPECIES: DUF3971 domain-containing protein
0.000332784383789	46	MULTISPECIES: NAD(+) kinase
0.000332784383789	46	putative ABC transporter substrate binding protein
0.000332784383789	46	MULTISPECIES: ankyrin repeat domain-containing protein
0.000332784383789	46	heme transporter CcmD
0.000332784383789	46	NgoPII family restriction endonuclease
0.000332784383789	46	IS3 family transposase ISPbe1
0.000332784383789	46	proton-translocating NADH-quinone oxidoreductase chain M
0.000332784383789	46	MULTISPECIES: aldehyde dehydrogenase (NADP(+))
0.000332784383789	46	cobalamin biosynthesis protein P47K
0.000332784383789	46	DUF1622 domain-containing protein
0.000332784383789	46	ATP-dependent Clp protease ClpS
0.000332784383789	46	zinc-binding protein
0.000332784383789	46	mycothiol conjugate amidase Mca
0.000332784383789	46	acyl-homoserine-lactone acylase
0.000332784383789	46	Ste24 endopeptidase
0.000332784383789	46	formate hydrogenlyase
0.000332784383789	46	MULTISPECIES: DUF1016 domain-containing protein
0.000332784383789	46	RTX toxin
0.000332784383789	46	L-cysteine:1D-myo-inositol 2-amino-2-deoxy-alpha-D-glucopyranoside ligase
0.000332784383789	46	MULTISPECIES: type-IV secretion system protein TraC
0.000332784383789	46	chemotaxis protein CheX
0.000332784383789	46	MULTISPECIES: carboxylesterase
0.000332784383789	46	ATP-dependent zinc metalloprotease FtsH
0.000332784383789	46	putative FlgJ-like protein
0.000332784383789	46	MULTISPECIES: gliding motility protein GldC
0.000332784383789	46	signal peptide prediction
0.000332784383789	46	MULTISPECIES: 2,3-bisphosphoglycerate-independent phosphoglycerate mutase
0.000332784383789	46	serine/threonine protein kinase with TPR repeats
0.000332784383789	46	MULTISPECIES: 4-hydroxy-2-oxovalerate aldolase
0.000332784383789	46	MULTISPECIES: NADH dehydrogenase (quinone) subunit D
0.000332784383789	46	ATPase-like protein
0.000332784383789	46	DUF2591 domain-containing protein
0.000332784383789	46	fumarate reductase (quinol) flavoprotein subunit
0.000332784383789	46	aryldialkylphosphatase
0.000332784383789	46	dimethyl sulfone monooxygenase SfnG
0.000332784383789	46	flagellar biosynthesis regulator FlhF
0.000332784383789	46	plastocyanin
0.000332784383789	46	propionyl-CoA synthetase, partial
0.000332784383789	46	MULTISPECIES: biotin attachment protein
0.000332784383789	46	MULTISPECIES: U32 family peptidase
0.000332784383789	46	ferrichrome ABC transporter permease
0.000332784383789	46	MULTISPECIES: septum site-determining protein MinC
0.000332784383789	46	RNA polymerase sigma-54 factor, partial
0.000332784383789	46	MULTISPECIES: NADH-ubiquinone oxidoreductase subunit 6
0.000332784383789	46	ArsC family transcriptional regulator
0.000332784383789	46	erythronate-4-phosphate dehydrogenase
0.000332784383789	46	serine/threonine-protein kinase PknK
0.000332784383789	46	MULTISPECIES: ATP:cob(I)alamin adenosyltransferase
0.000332784383789	46	levansucrase
0.000332784383789	46	MULTISPECIES: flagellar hook protein FlgE
0.000332784383789	46	photosystem I reaction center subunit X
0.000332784383789	46	DUF1983 domain-containing protein
0.000332784383789	46	fatty acid oxidation complex subunit alpha
0.000332784383789	46	cytochrome C biogenesis protein CycH
0.000332784383789	46	dihydrouridine synthase DuS
0.000325549940663	45	RlmI/RlmK family 23S rRNA methyltransferase
0.000325549940663	45	MULTISPECIES: NrdH-redoxin
0.000325549940663	45	DUF3376 domain-containing protein
0.000325549940663	45	Smr protein/MutS2
0.000325549940663	45	SUF system Fe-S cluster assembly regulator
0.000325549940663	45	alkylated DNA repair protein
0.000325549940663	45	trimethylamine methyltransferase subfamily protein
0.000325549940663	45	peptide-N-glycosidase
0.000325549940663	45	protein of unknown function DUF224 cysteine-rich region domain protein
0.000325549940663	45	IMPACT family protein
0.000325549940663	45	cell division protein DedD
0.000325549940663	45	X-Pro dipeptidase
0.000325549940663	45	polynucleotide kinase-phosphatase
0.000325549940663	45	MULTISPECIES: phenylacetate-CoA oxygenase subunit PaaA
0.000325549940663	45	bacteriophage tail assembly protein
0.000325549940663	45	NAD-dependent alcohol dehydrogenase
0.000325549940663	45	MULTISPECIES: DUF3579 domain-containing protein
0.000325549940663	45	DUF1304 domain-containing protein
0.000325549940663	45	MULTISPECIES: carbamoyltransferase
0.000325549940663	45	4-phytase
0.000325549940663	45	conserved hypothetical protein
0.000325549940663	45	MULTISPECIES: type IV pilus secretin PilQ
0.000325549940663	45	endo-arabinase
0.000325549940663	45	lytic transglycosylase catalytic subunit
0.000325549940663	45	antirestriction protein ArdA
0.000325549940663	45	MULTISPECIES: maleylacetoacetate isomerase
0.000325549940663	45	IS21 family transposase, partial
0.000325549940663	45	MULTISPECIES: DUF3052 domain-containing protein
0.000325549940663	45	type II secretory pathway protein
0.000325549940663	45	2,3-dimethylmalate lyase
0.000325549940663	45	ATP-dependent serine peptidase containing a PDZ domain protein
0.000325549940663	45	dihydrolipoamide acyltransferase
0.000325549940663	45	MULTISPECIES: NADPH:quinone oxidoreductase
0.000325549940663	45	MULTISPECIES: acetylornithine aminotransferase
0.000325549940663	45	phasin
0.000325549940663	45	MULTISPECIES: YicC family protein
0.000325549940663	45	flagellar P-ring protein
0.000325549940663	45	DJ-1 family protein
0.000325549940663	45	two-component system sensor histidine kinase NtrB
0.000325549940663	45	colanic acid biosynthesis glycosyltransferase WcaI
0.000325549940663	45	general secretion pathway protein GspC
0.000325549940663	45	MULTISPECIES: L-serine ammonia-lyase
0.000325549940663	45	MULTISPECIES: trimethylamine methyltransferase
0.000325549940663	45	MULTISPECIES: RsmD family RNA methyltransferase
0.000325549940663	45	Asp-tRNA(Asn)/Glu-tRNA(Gln) amidotransferase GatCAB subunit B, partial
0.000325549940663	45	erythritol/L-threitol dehydrogenase
0.000325549940663	45	C4-dicarboxylic acid transporter DauA
0.000325549940663	45	filamentous hemagglutinin family N-terminal domain-containing protein
0.000325549940663	45	MULTISPECIES: Tungsten-containing formate dehydrogenase subunit beta
0.000325549940663	45	high potential iron-sulfur protein
0.000325549940663	45	DUF2254 domain-containing protein
0.000325549940663	45	MULTISPECIES: cyanate hydratase
0.000325549940663	45	phosphonate ABC transporter substrate-binding protein, partial
0.000325549940663	45	tRNA uridine-5-carboxymethylaminomethyl(34) synthesis enzyme MnmG, partial
0.000325549940663	45	sulfate permease and related transporter
0.000325549940663	45	NADH dehydrogenase subunit A
0.000325549940663	45	DDE transposase, partial
0.000325549940663	45	stress protection protein MarC
0.000325549940663	45	xanthine dehydrogenase FAD-binding subunit
0.000325549940663	45	type I restriction endonuclease subunit S
0.000325549940663	45	2-oxo-3-hexenedioate decarboxylase
0.000325549940663	45	cytochrome c oxidase accessory protein CcoG, partial
0.000325549940663	45	2-epi-5-epi-valiolone synthase
0.000325549940663	45	3-deoxy-D-manno-octulosonic-acid transferase domain-containing protein
0.000325549940663	45	Menaquinol-cytochrome c reductase cytochrome c subunit
0.000325549940663	45	YccF family protein
0.000325549940663	45	1-deoxy-D-xylulose-5-phosphate synthase, partial
0.000325549940663	45	arsenate reductase (azurin) large subunit
0.000325549940663	45	MULTISPECIES: 2-deoxy-D-gluconate 3-dehydrogenase
0.000325549940663	45	MULTISPECIES: TIGR00374 family protein
0.000325549940663	45	MULTISPECIES: DUF934 domain-containing protein
0.000325549940663	45	DUF1320 domain-containing protein
0.000325549940663	45	tellurium resistance protein
0.000325549940663	45	ATP-dependent DNA helicase UvrD/PcrA
0.000325549940663	45	ribonuclease E/G, partial
0.000325549940663	45	MULTISPECIES: fructose 1,6-bisphosphatase
0.000325549940663	45	MULTISPECIES: IS30 family transposase
0.000325549940663	45	fatty acid oxidation complex subunit alpha FadJ
0.000325549940663	45	MULTISPECIES: NAD(+) synthase
0.000325549940663	45	MULTISPECIES: acyl--CoA ligase
0.000325549940663	45	DNA single-strand annealing protein
0.000325549940663	45	phenylpropionate dioxygenase
0.000325549940663	45	DUF4194 domain-containing protein
0.000325549940663	45	HprK-related kinase A
0.000325549940663	45	MULTISPECIES: glucose/galactose MFS transporter
0.000325549940663	45	MULTISPECIES: 2-alkenal reductase
0.000325549940663	45	MULTISPECIES: DUF3048 domain-containing protein
0.000325549940663	45	MULTISPECIES: AMP-binding protein
0.000318315497537	44	phosphonate metabolism protein PhnM
0.000318315497537	44	extracellular solute-binding protein
0.000318315497537	44	Neu5Ac-binding protein
0.000318315497537	44	6-aminohexanoate-dimer hydrolase
0.000318315497537	44	phosphoribosylaminoimidazolecarboxamide formyltransferase
0.000318315497537	44	MULTISPECIES: thioesterase family protein
0.000318315497537	44	polysaccharide lyase family 7 protein
0.000318315497537	44	transcriptional regulator Crp
0.000318315497537	44	Hrp-dependent type III effector protein
0.000318315497537	44	DUF333 domain-containing protein
0.000318315497537	44	lycopene cyclase family protein
0.000318315497537	44	phosphoprotein phosphatase
0.000318315497537	44	two-component sensor histidine kinase, partial
0.000318315497537	44	DUF3553 domain-containing protein
0.000318315497537	44	competence damage-inducible protein A
0.000318315497537	44	cytochrome c oxidase polypeptide I
0.000318315497537	44	TRAP dicarboxylate transporter subunit DctM
0.000318315497537	44	TRAP dicarboxylate transporter subunit DctQ
0.000318315497537	44	small-conductance mechanosensitive channel
0.000318315497537	44	DNA phosphorothioation system restriction enzyme
0.000318315497537	44	MULTISPECIES: feruloyl-CoA synthase
0.000318315497537	44	glycoside hydrolase family 9
0.000318315497537	44	MULTISPECIES: cytochrome C biogenesis protein
0.000318315497537	44	dTDP-glucose 4,6-dehydratase, partial
0.000318315497537	44	symporter
0.000318315497537	44	acid protease
0.000318315497537	44	tRNA 2-thiouridine(34) synthase MnmA, partial
0.000318315497537	44	tetracycline regulation of excision, RteC
0.000318315497537	44	kdtA protein
0.000318315497537	44	DNA recombination/repair protein RecA, partial
0.000318315497537	44	putative secreted protein
0.000318315497537	44	MULTISPECIES: iron ABC transporter ATP-binding protein
0.000318315497537	44	chalcone synthase
0.000318315497537	44	MULTISPECIES: tRNA pseudouridine(38-40) synthase
0.000318315497537	44	nucleotidyltransferase, partial
0.000318315497537	44	Patched family protein
0.000318315497537	44	MULTISPECIES: ribonuclease P protein component
0.000318315497537	44	MULTISPECIES: ATP-dependent Clp endopeptidase, proteolytic subunit ClpP
0.000318315497537	44	erythrose-4-phosphate dehydrogenase
0.000318315497537	44	glutaconyl-CoA decarboxylase subunit beta
0.000318315497537	44	peptidase m15a
0.000318315497537	44	formylmethanofuran dehydrogenase subunit C
0.000318315497537	44	CO2 hydration protein
0.000318315497537	44	molybdenum cofactor biosynthesis protein MoaB
0.000318315497537	44	glycosyl transferase family 4
0.000318315497537	44	DNA cytosine methyltransferase, partial
0.000318315497537	44	peptidase C13
0.000318315497537	44	MULTISPECIES: CoA pyrophosphatase
0.000318315497537	44	coagulation factor 5/8 type domain-containing protein
0.000318315497537	44	MULTISPECIES: VOC family virulence protein
0.000318315497537	44	DNA damage-inducible protein DinB
0.000318315497537	44	DUF1939 domain-containing protein
0.000318315497537	44	purine phosphoribosyltransferase
0.000318315497537	44	trehalose utilization protein ThuA
0.000318315497537	44	CTP synthetase, partial
0.000318315497537	44	MULTISPECIES: 1-(5-phosphoribosyl)-5-((5-phosphoribosylamino)methylideneamino)imidazole-4-carboxamide isomerase
0.000318315497537	44	MULTISPECIES: L-alanyl-D-glutamate peptidase
0.000318315497537	44	DUF2938 domain-containing protein
0.000318315497537	44	precorrin-6A synthase (deacetylating)
0.000318315497537	44	cell wall/surface repeat protein
0.000318315497537	44	MULTISPECIES: PLxRFG domain-containing protein
0.000318315497537	44	aldehyde oxidoreductase
0.000318315497537	44	disulfide reductase
0.000318315497537	44	DotU family type IV/VI secretion system protein
0.000318315497537	44	conjugal transfer protein TraD
0.000318315497537	44	DUF1361 domain-containing protein
0.000318315497537	44	MULTISPECIES: sulfate adenylyltransferase
0.000318315497537	44	multidrug resistance protein B
0.000318315497537	44	heme-dependent peroxidase
0.000318315497537	44	cytochrome c biogenesis protein CcsA
0.000318315497537	44	MULTISPECIES: delta-aminolevulinic acid dehydratase
0.000318315497537	44	MULTISPECIES: DUF3025 domain-containing protein
0.000318315497537	44	MULTISPECIES: glutamine--fructose-6-phosphate transaminase (isomerizing)
0.000318315497537	44	MULTISPECIES: allantoinase PuuE
0.000318315497537	44	DUF3302 domain-containing protein
0.000318315497537	44	endopeptidase
0.000318315497537	44	MULTISPECIES: 23S rRNA pseudouridine synthase F
0.000318315497537	44	streptomycin biosynthesis protein StrI
0.000318315497537	44	flagellar biosynthetic protein FlhB
0.000318315497537	44	PEP-CTERM domain protein
0.000318315497537	44	trans-aconitate 2-methyltransferase
0.000318315497537	44	molybdopterin oxidoreductase iron-sulfur-binding subunit
0.000311081054411	43	CDP-6-deoxy-L-threo-D-glycero-4-hexulose-3-dehydrase reductase
0.000311081054411	43	polynucleotide phosphorylase (PNPase)
0.000311081054411	43	pyruvate dehydrogenase (acetyl-transferring), homodimeric type, partial
0.000311081054411	43	MULTISPECIES: lytic murein transglycosylase
0.000311081054411	43	diaminopimelate decarboxylase, partial
0.000311081054411	43	EpsI domain-containing exosortase
0.000311081054411	43	Bax1 inhibitor
0.000311081054411	43	phage major capsid protein, partial
0.000311081054411	43	nitrogenase iron-molybdenum cofactor biosynthesis protein NifN
0.000311081054411	43	phenylacetaldehyde dehydrogenase
0.000311081054411	43	MULTISPECIES: fumarate hydratase, class II
0.000311081054411	43	MULTISPECIES: allophanate hydrolase
0.000311081054411	43	pilus assembly protein PilN
0.000311081054411	43	D-amino-acid dehydrogenase
0.000311081054411	43	MULTISPECIES: 4-hydroxybenzoyl-CoA thioesterase
0.000311081054411	43	DUF4868 domain-containing protein
0.000311081054411	43	MULTISPECIES: carbohydrate porin
0.000311081054411	43	MULTISPECIES: DUF4043 domain-containing protein
0.000311081054411	43	MULTISPECIES: hydroxymethylpyrimidine/phosphomethylpyrimidine kinase
0.000311081054411	43	pyrogallol hydroxytransferase large subunit
0.000311081054411	43	DUF1491 domain-containing protein
0.000311081054411	43	phosphohexose mutase
0.000311081054411	43	MULTISPECIES: nitrite reductase
0.000311081054411	43	DUF4209 domain-containing protein
0.000311081054411	43	sorbosone dehydrogenase, partial
0.000311081054411	43	6-pyruvoyltetrahydropterin synthase
0.000311081054411	43	MULTISPECIES: type II secretion system protein E
0.000311081054411	43	Dienelactone hydrolase-like protein
0.000311081054411	43	type I secretion outer membrane protein, TolC
0.000311081054411	43	DUF3018 domain-containing protein
0.000311081054411	43	4-hydroxyphenylacetate 3-monooxygenase
0.000311081054411	43	DUF1844 domain-containing protein
0.000311081054411	43	MULTISPECIES: 30S ribosomal protein S6--L-glutamate ligase
0.000311081054411	43	peptidase M42, partial
0.000311081054411	43	NAD-binding oxidoreductase
0.000311081054411	43	MULTISPECIES: DUF983 domain-containing protein
0.000311081054411	43	3-deoxy-D-manno-octulosonic acid kinase
0.000311081054411	43	intein-containing recombinase RecA
0.000311081054411	43	MULTISPECIES: exodeoxyribonuclease V subunit beta
0.000311081054411	43	MULTISPECIES: Bcr/CflA family drug resistance efflux transporter
0.000311081054411	43	MULTISPECIES: coenzyme A pyrophosphatase
0.000311081054411	43	proline dehydrogenase/delta-1-pyrroline-5-carboxylate dehydrogenase
0.000311081054411	43	MULTISPECIES: chromosome partitioning ATPase
0.000311081054411	43	phage resistance protein
0.000311081054411	43	MULTISPECIES: ubiquinone-binding protein
0.000311081054411	43	MULTISPECIES: DUF1653 domain-containing protein
0.000311081054411	43	peptidase C39 family protein
0.000311081054411	43	ribosomal RNA adenine methylase transferase
0.000311081054411	43	extracellular nuclease
0.000311081054411	43	DUF1906 domain-containing protein
0.000311081054411	43	MULTISPECIES: IS21 family transposase ISFK1
0.000311081054411	43	adenosylhomocysteinase, partial
0.000311081054411	43	NADH dehydrogenase subunit I
0.000311081054411	43	DUF1230 domain-containing protein
0.000311081054411	43	C-factor
0.000311081054411	43	alcohol dehydrogenase AdhP
0.000311081054411	43	MULTISPECIES: translation factor Sua5
0.000311081054411	43	DNA topoisomerase VI
0.000311081054411	43	MULTISPECIES: phospholipase
0.000311081054411	43	SAM-dependent methyltransferase, partial
0.000311081054411	43	bacteriocin/lantibiotic ABC transporter
0.000311081054411	43	MULTISPECIES: class II aldolase/adducin family protein
0.000311081054411	43	DUF2188 domain-containing protein
0.000311081054411	43	PTS sorbitol transporter subunit IIB
0.000311081054411	43	heavy metal resistance protein CzcA
0.000311081054411	43	3-hydroxybutyryl-CoA dehydratase
0.000311081054411	43	RNA degradosome polyphosphate kinase, partial
0.000311081054411	43	MULTISPECIES: DUF4172 domain-containing protein
0.000311081054411	43	DNA polymerase I, partial
0.000311081054411	43	glucose-1-phosphate adenylyltransferase, partial
0.000311081054411	43	MULTISPECIES: DUF853 domain-containing protein
0.000311081054411	43	MULTISPECIES: uridine kinase
0.000311081054411	43	Transcriptional activator NphR
0.000311081054411	43	acetyl-CoA acetyltransferase, partial
0.000311081054411	43	vitamin B12 receptor precursor
0.000311081054411	43	N-acetylmuramoyl-L-alanine amidase family 2
0.000311081054411	43	peptidyl-prolyl cis-trans isomerase cyclophilin type
0.000311081054411	43	DUF1857 domain-containing protein
0.000311081054411	43	MULTISPECIES: salicylate-5-hydroxylase small oxygenase NagH
0.000311081054411	43	sigma factor, ECF subfamily protein
0.000311081054411	43	MULTISPECIES: RusA family crossover junction endodeoxyribonuclease
0.000311081054411	43	DUF3090 domain-containing protein
0.000311081054411	43	DUF4962 domain-containing protein
0.000303846611286	42	2-hydroxymuconic semialdehyde dehydrogenase, partial
0.000303846611286	42	glycine cleavage system protein R
0.000303846611286	42	xanthine permease XanP
0.000303846611286	42	TrpB-like pyridoxal-phosphate dependent enzyme
0.000303846611286	42	MULTISPECIES: cystathionine gamma-synthase
0.000303846611286	42	MULTISPECIES: glycine dehydrogenase
0.000303846611286	42	pilus assembly protein PilW
0.000303846611286	42	antiholin
0.000303846611286	42	flagellar motor protein PomA
0.000303846611286	42	MULTISPECIES: urease accessory protein UreG
0.000303846611286	42	PbsX family transcriptional regulator
0.000303846611286	42	alkylhalidase
0.000303846611286	42	MULTISPECIES: lysozyme
0.000303846611286	42	pyridoxal 4-dehydrogenase
0.000303846611286	42	MULTISPECIES: L-dehydroascorbate transporter large permease subunit
0.000303846611286	42	AIPR protein
0.000303846611286	42	MULTISPECIES: large-conductance mechanosensitive channel
0.000303846611286	42	MULTISPECIES: peptidoglycan glycosyltransferase
0.000303846611286	42	Ni/Fe hydrogenase
0.000303846611286	42	TIGR03016 family PEP-CTERM system-associated outer membrane protein
0.000303846611286	42	amidophosphoribosyltransferase, partial
0.000303846611286	42	peptide chain release factor N(5)-glutamine methyltransferase
0.000303846611286	42	D-mycarose 3-C-methyltransferase
0.000303846611286	42	MULTISPECIES: DUF4390 domain-containing protein
0.000303846611286	42	MULTISPECIES: lysine transporter LysE
0.000303846611286	42	cobalamin (vitamin B12) biosynthesis CbiX protein
0.000303846611286	42	photosystem I core protein PsaB, partial
0.000303846611286	42	dipeptidyl-peptidase IV
0.000303846611286	42	glycosyl transferase family 1, partial
0.000303846611286	42	nitric oxide reductase transcription regulator
0.000303846611286	42	phosphoribosylformimino-5-aminoimidazole carboxamide ribotide isomerase
0.000303846611286	42	crotonobetainyl-CoA--carnitine CoA-transferase
0.000303846611286	42	MULTISPECIES: DUF3422 domain-containing protein
0.000303846611286	42	MULTISPECIES: RNA pyrophosphohydrolase
0.000303846611286	42	alanine acetyltransferase
0.000303846611286	42	MULTISPECIES: metallophosphatase
0.000303846611286	42	bacillithiol system protein YtxJ
0.000303846611286	42	DUF2291 domain-containing protein
0.000303846611286	42	MULTISPECIES: O-succinylbenzoate synthase
0.000303846611286	42	tRNA U-34 5-methylaminomethyl-2-thiouridine biosynthesis protein
0.000303846611286	42	DUF1176 domain-containing protein
0.000303846611286	42	aminoglycoside N(3)-acetyltransferase
0.000303846611286	42	potassium-transporting ATPase subunit A
0.000303846611286	42	2-keto-3-deoxygluconate permease
0.000303846611286	42	malic enzyme
0.000303846611286	42	phage/plasmid primase, P4 family
0.000303846611286	42	bacteriochlorophyll/chlorophyll synthetase
0.000303846611286	42	amine dehydrogenase
0.000303846611286	42	redox-sensitive transcriptional activator SoxR
0.000303846611286	42	type IV secretion protein IcmB
0.000303846611286	42	PAS/PAC sensor signal transduction histidine kinase
0.000303846611286	42	endoribonuclease L-PSP
0.000303846611286	42	arginine-ornithine antiporter
0.000303846611286	42	IS1595 family transposase ISFtu6
0.000303846611286	42	indolepyruvate ferredoxin oxidoreductase subunit alpha
0.000303846611286	42	TolB protein
0.000303846611286	42	MULTISPECIES: AbrB family transcriptional regulator
0.000303846611286	42	TIGR02611 family protein
0.000303846611286	42	MULTISPECIES: DNA internalization-related competence protein ComEC/Rec2
0.000303846611286	42	phage N-6-adenine-methyltransferase
0.000303846611286	42	b-glycanase
0.000303846611286	42	DNA-binding domain-containing protein
0.000303846611286	42	MULTISPECIES: Fe-S oxidoreductase
0.000303846611286	42	acetyl-CoA synthetase, partial
0.000303846611286	42	PrpF family protein
0.000303846611286	42	flagellar export protein FliJ
0.000303846611286	42	DUF2232 domain-containing protein
0.000303846611286	42	iron dicitrate transporter
0.000303846611286	42	MULTISPECIES: PrpF protein
0.000303846611286	42	stage 0 sporulation protein J
0.000303846611286	42	MULTISPECIES: transcription termination/antitermination factor NusG
0.000303846611286	42	3-ketosteroid-delta-1-dehydrogenase
0.000303846611286	42	MULTISPECIES: heme A synthase
0.000303846611286	42	alpha,alpha-trehalose-phosphate synthase (UDP-forming)
0.000303846611286	42	MULTISPECIES: regulator of chromosome condensation RCC1
0.000303846611286	42	ligase
0.000303846611286	42	protoheme IX synthesis protein
0.000303846611286	42	molybdopterin biosynthesis protein MoeE
0.000303846611286	42	MULTISPECIES: amino acid synthesis family protein
0.000303846611286	42	MULTISPECIES: acyl-CoA thioesterase II
0.000303846611286	42	glucan endo-1,3-beta-D-glucosidase
0.000303846611286	42	MULTISPECIES: sigma-70 family RNA polymerase sigma factor
0.000303846611286	42	MULTISPECIES: copper oxidase
0.00029661216816	41	DUF3336 domain-containing protein
0.00029661216816	41	portal protein p19
0.00029661216816	41	flagellar protein
0.00029661216816	41	MULTISPECIES: shikimate 5-dehydrogenase
0.00029661216816	41	DUF1355 domain-containing protein
0.00029661216816	41	D-alanine--poly(phosphoribitol) ligase
0.00029661216816	41	DUF1588 domain-containing protein
0.00029661216816	41	tRNA/rRNA cytosine-C5-methylase
0.00029661216816	41	TIGR02996 domain-containing protein
0.00029661216816	41	MULTISPECIES: glycerol acyltransferase
0.00029661216816	41	DUF1467 domain-containing protein
0.00029661216816	41	membrane associated hydrolase
0.00029661216816	41	MULTISPECIES: collagen-binding protein
0.00029661216816	41	MULTISPECIES: cbb3-type cytochrome oxidase assembly protein CcoS
0.00029661216816	41	conjugative transfer ATPase
0.00029661216816	41	tautomerase
0.00029661216816	41	MULTISPECIES: ubiquinone biosynthesis protein UbiB
0.00029661216816	41	C-3',4' desaturase CrtD
0.00029661216816	41	cytochrome ubiquinol oxidase subunit II
0.00029661216816	41	polysaccharide deacetylase familiy protein
0.00029661216816	41	histone H1
0.00029661216816	41	calx-beta domain protein
0.00029661216816	41	MULTISPECIES: phosphate starvation protein PhoH
0.00029661216816	41	amino acid adenylation domain-containing protein
0.00029661216816	41	putative corrinoid protein
0.00029661216816	41	MULTISPECIES: methylglyoxal synthase
0.00029661216816	41	hexuranate MFS transporter
0.00029661216816	41	DUF3365 domain-containing protein
0.00029661216816	41	MULTISPECIES: secretion system protein
0.00029661216816	41	MULTISPECIES: L-rhamnose isomerase
0.00029661216816	41	cyclic diguanylate phosphodiesterase
0.00029661216816	41	GbsR/MarR family transcriptional regulator
0.00029661216816	41	MULTISPECIES: sulfurtransferase FdhD
0.00029661216816	41	mycofactocin biosynthesis chaperone MftB
0.00029661216816	41	cobalt/nickel ABC transporter ATPase
0.00029661216816	41	peptidase S01 family protein
0.00029661216816	41	WGR domain-containing protein
0.00029661216816	41	DUF2750 domain-containing protein
0.00029661216816	41	DUF4114 domain-containing protein
0.00029661216816	41	elongation factor 4, partial
0.00029661216816	41	DUF3095 domain-containing protein
0.00029661216816	41	MULTISPECIES: 4a-hydroxytetrahydrobiopterin dehydratase
0.00029661216816	41	type II secretion system protein G
0.00029661216816	41	L-cysteine desulfhydrase
0.00029661216816	41	putative multicopper oxidase
0.00029661216816	41	MULTISPECIES: 3-ketoacyl-ACP reductase
0.00029661216816	41	MgtC/SapB transporter
0.00029661216816	41	MULTISPECIES: phosphatidylglycerophosphatase A
0.00029661216816	41	N,N-dimethylformamidase
0.00029661216816	41	xanthan lyase
0.00029661216816	41	ketoacid CoA transferase
0.00029661216816	41	serine/threonine protein kinase with FHA domain
0.00029661216816	41	MULTISPECIES: lipopolysaccharide transport periplasmic protein LptA
0.00029661216816	41	MULTISPECIES: transglutaminase
0.00029661216816	41	Spore coat-like protein
0.00029661216816	41	MULTISPECIES: exodeoxyribonuclease V subunit alpha
0.00029661216816	41	MULTISPECIES: phenylacetate--CoA ligase
0.00029661216816	41	type I-D CRISPR-associated helicase Cas3'
0.00029661216816	41	multidrug transporter MdfA
0.00029661216816	41	DUF4262 domain-containing protein
0.00029661216816	41	peptidase M64
0.00029661216816	41	IS1380 family transposase, partial
0.00029661216816	41	MULTISPECIES: 2-oxoglutarate dehydrogenase, E2 component, dihydrolipoamide succinyltransferase
0.00029661216816	41	organic solvent ABC transporter permease
0.00029661216816	41	sugar O-acyltransferase sialic acid O- acetyltransferase NeuD family
0.00029661216816	41	branched-chain amino acid transporter AzlC
0.00029661216816	41	hydrogenase maturation protease
0.00029661216816	41	imidazole glycerol phosphate synthase, glutamine amidotransferase subunit
0.00029661216816	41	DUF1425 domain-containing protein
0.00029661216816	41	MULTISPECIES: photosynthetic reaction center cytochrome c subunit
0.00029661216816	41	MULTISPECIES: A circularly permuted ATPgrasp family protein
0.00029661216816	41	ligand-binding protein, RmlD family
0.00029661216816	41	MULTISPECIES: acetylornithine deacetylase
0.00029661216816	41	ceramide glucosyltransferase
0.00029661216816	41	MULTISPECIES: phosphohydrolase
0.00029661216816	41	bleomycin hydrolase
0.00029661216816	41	tRNA 5-methoxyuridine(34)/uridine 5-oxyacetic acid(34) synthase CmoB
0.00029661216816	41	nitrite reductase small subunit
0.00029661216816	41	MULTISPECIES: nodulation protein NolG
0.00029661216816	41	membrane protease subunit, stomatin/prohibitin
0.00029661216816	41	DUF4336 domain-containing protein
0.00029661216816	41	NdvB protein
0.000289377725034	40	MULTISPECIES: DUF423 domain-containing protein
0.000289377725034	40	Na/Pi cotransporter
0.000289377725034	40	aspartate--tRNA(Asp/Asn) ligase
0.000289377725034	40	MULTISPECIES: succinate dehydrogenase/fumarate reductase iron-sulfur subunit
0.000289377725034	40	MULTISPECIES: DUF1800 domain-containing protein
0.000289377725034	40	translation factor (SUA5)
0.000289377725034	40	MULTISPECIES: nucleoside triphosphate pyrophosphohydrolase
0.000289377725034	40	Amidophosphoribosyltransferase precursor
0.000289377725034	40	MULTISPECIES: DNA polymerase
0.000289377725034	40	MULTISPECIES: DUF2312 domain-containing protein
0.000289377725034	40	biotin-independent malonate decarboxylase subunit gamma
0.000289377725034	40	DUF2304 domain-containing protein
0.000289377725034	40	diaminobutyrate--2-oxoglutarate transaminase
0.000289377725034	40	1,4-alpha-glucan-branching enzyme
0.000289377725034	40	MULTISPECIES: bifunctional rhamnulose-1-phosphate aldolase/short-chain dehydrogenase
0.000289377725034	40	MULTISPECIES: phenylacetate-CoA oxygenase subunit PaaB
0.000289377725034	40	MULTISPECIES: DUF1624 domain-containing protein
0.000289377725034	40	molybdopterin dinucleotide-binding protein
0.000289377725034	40	Nex18 symbiotically induced protein
0.000289377725034	40	triosephosphate isomerase
0.000289377725034	40	MULTISPECIES: dTDP-4-dehydrorhamnose reductase
0.000289377725034	40	aldehyde dehydrogenase EutE
0.000289377725034	40	MULTISPECIES: acetyl-CoA carboxylase carboxyl transferase subunit beta
0.000289377725034	40	DUF3138 domain-containing protein
0.000289377725034	40	BCCT family transporter
0.000289377725034	40	pyrimidine-specific ribonucleoside hydrolase RihA
0.000289377725034	40	glutamate--ammonia ligase
0.000289377725034	40	GldJ
0.000289377725034	40	pyruvate, water dikinase
0.000289377725034	40	nitroreductase family deazaflavin-dependent oxidoreductase
0.000289377725034	40	MULTISPECIES: nucleotidyl transferase AbiEii/AbiGii toxin family protein
0.000289377725034	40	D-erythrulose kinase
0.000289377725034	40	BadM/Rrf2 family transcriptional regulator
0.000289377725034	40	MULTISPECIES: RepB family plasmid replication initiator protein
0.000289377725034	40	biopolymer transporter TolR
0.000289377725034	40	MULTISPECIES: polyprenyl synthetase
0.000289377725034	40	MULTISPECIES: lysylphosphatidylglycerol synthetase family protein
0.000289377725034	40	AAA family ATPase, partial
0.000289377725034	40	MULTISPECIES: xanthine dehydrogenase
0.000289377725034	40	MULTISPECIES: Hcp1 family type VI secretion system effector
0.000289377725034	40	Cytochrome c, class I
0.000289377725034	40	murein hydrolase effector protein LrgB
0.000289377725034	40	MULTISPECIES: DUF3000 domain-containing protein
0.000289377725034	40	form I ribulose bisphosphate carboxylase large subunit
0.000289377725034	40	DNA translocase FtsK, partial
0.000289377725034	40	phosphoribosyl transferase
0.000289377725034	40	Asp-tRNA(Asn)/Glu-tRNA(Gln) amidotransferase GatCAB subunit A, partial
0.000289377725034	40	DUF1615 domain-containing protein
0.000289377725034	40	propanoyl-CoA acyltransferase
0.000289377725034	40	AlwI family type II restriction endonuclease
0.000289377725034	40	2,3-epoxybenzoyl-CoA dihydrolase
0.000289377725034	40	ABC transporter substrate binding protein precursor
0.000289377725034	40	baseplate wedge subunit
0.000289377725034	40	MULTISPECIES: 2-succinyl-5-enolpyruvyl-6-hydroxy-3-cyclohexene-1-carboxylic-acid synthase
0.000289377725034	40	MULTISPECIES: gamma-glutamylcyclotransferase
0.000289377725034	40	carbon-phosphorus lyase subunit PhnH
0.000289377725034	40	arylamine N-acetyltransferase
0.000289377725034	40	MULTISPECIES: racemase
0.000289377725034	40	outer membrane beta-barrel domain-containing protein
0.000289377725034	40	stage II sporulation protein E
0.000289377725034	40	AAA ATPase
0.000289377725034	40	molecular chaperone Tir
0.000289377725034	40	signal transduction histidine kinase LytS
0.000289377725034	40	cellulose-binding protein
0.000289377725034	40	MULTISPECIES: benzoyl-CoA-dihydrodiol lyase
0.000289377725034	40	phosphate transporter permease subunit PtsA
0.000289377725034	40	antifreeze protein type I
0.000289377725034	40	serine/threonine transporter SstT
0.000289377725034	40	DUF4815 domain-containing protein
0.000289377725034	40	MULTISPECIES: allantoin permease
0.000289377725034	40	2-oxoglutarate oxidoreductase
0.000289377725034	40	propanediol dehydratase
0.000289377725034	40	folylpolyglutamate synthase
0.000289377725034	40	C4-dicarboxylate ABC transporter, partial
0.000289377725034	40	aromatic acid/H+ symport family MFS transporter
0.000289377725034	40	MexX family efflux pump subunit
0.000289377725034	40	molybdate-binding protein
0.000289377725034	40	TIGR02300 family protein
0.000289377725034	40	MULTISPECIES: AsmA family protein
0.000289377725034	40	Fic family protein, partial
0.000289377725034	40	tRNA synthetase class II
0.000289377725034	40	sodium:sulfate symporter
0.000289377725034	40	hydrogenase 4 subunit B
0.000289377725034	40	HemD protein
0.000289377725034	40	DUF1846 domain-containing protein
0.000289377725034	40	MT-A70 family protein
0.000289377725034	40	3-hydroxyacyl-thioester dehydratase
0.000289377725034	40	MULTISPECIES: iron transporter
0.000289377725034	40	dihydroflavonol 4-reductase
0.000289377725034	40	acetyl-CoA carboxylase carboxyl transferase subunit alpha, partial
0.000289377725034	40	inosamine-phosphate amidinotransferase 1
0.000289377725034	40	protein glxC
0.000289377725034	40	succinic semialdehyde dehydrogenase
0.000282143281908	39	MULTISPECIES: AzlD domain-containing protein
0.000282143281908	39	P-nitrobenzoate reductase NfnB
0.000282143281908	39	YbjQ family protein
0.000282143281908	39	GatB/YqeY domain-containing protein
0.000282143281908	39	MULTISPECIES: DUF2800 domain-containing protein
0.000282143281908	39	phage tail protein, partial
0.000282143281908	39	zinc ABC transporter ATP-binding protein
0.000282143281908	39	fructosamine kinase family protein
0.000282143281908	39	integrins alpha chain
0.000282143281908	39	MULTISPECIES: type II toxin-antitoxin system HicA family toxin
0.000282143281908	39	glyoxalase/bleomycin resistance protein/dioxygenase
0.000282143281908	39	DUF2058 domain-containing protein
0.000282143281908	39	RNase III inhibitor
0.000282143281908	39	nitrogenase iron-molybdenum cofactor biosynthesis protein NifE
0.000282143281908	39	metalloendopeptidase-like membrane protein
0.000282143281908	39	MULTISPECIES: chemotaxis protein CheY
0.000282143281908	39	MULTISPECIES: resolvase
0.000282143281908	39	MULTISPECIES: YceI family protein
0.000282143281908	39	MULTISPECIES: cytochrome c biogenesis protein CcmE
0.000282143281908	39	MULTISPECIES: xanthorhodopsin
0.000282143281908	39	carboxy-S-adenosyl-L-methionine synthase CmoA
0.000282143281908	39	MULTISPECIES: lipid hydroperoxide peroxidase
0.000282143281908	39	Flp pilus assembly protein, ATPase CpaF
0.000282143281908	39	Na+/proline symporter
0.000282143281908	39	DUF3363 domain-containing protein
0.000282143281908	39	solanesyl diphosphate synthase
0.000282143281908	39	HipA-like protein
0.000282143281908	39	RimJ/RimL family protein N-acetyltransferase
0.000282143281908	39	1,3--beta-D-glucan 3-glucanohydrolase
0.000282143281908	39	catecholate siderophore receptor Fiu
0.000282143281908	39	uracil-xanthine permease
0.000282143281908	39	MULTISPECIES: RNA polymerase factor sigma-32
0.000282143281908	39	MULTISPECIES: nitrate/sulfonate/bicarbonate ABC transporter ATP-binding protein
0.000282143281908	39	TdeIII family type II restriction endonuclease
0.000282143281908	39	NADH:ubiquinone reductase (Na(+)-transporting) subunit E
0.000282143281908	39	5'-nucleotidase, lipoprotein e(P4) family
0.000282143281908	39	DUF3748 domain-containing protein
0.000282143281908	39	MULTISPECIES: acetate kinase
0.000282143281908	39	DUF3180 domain-containing protein
0.000282143281908	39	flagellar cap protein
0.000282143281908	39	Sec-independent protein translocase (twin-arginine translocation protein)
0.000282143281908	39	MULTISPECIES: glutaredoxin
0.000282143281908	39	MULTISPECIES: dethiobiotin synthase
0.000282143281908	39	sensor histidine kinase, partial
0.000282143281908	39	putative 3-hydroxyacyl-thioester dehydratase
0.000282143281908	39	Rieske family ferredoxin
0.000282143281908	39	phage baseplate protein
0.000282143281908	39	electron transfer flavoprotein-ubiquinone oxidoreductase, partial
0.000282143281908	39	Eco47II family restriction endonuclease
0.000282143281908	39	ATP synthase
0.000282143281908	39	aminotransferase class V-fold PLP-dependent enzyme, partial
0.000282143281908	39	glycoside hydrolase family 35
0.000282143281908	39	MULTISPECIES: cell division protein FtsQ
0.000282143281908	39	alginate biosynthesis protein
0.000282143281908	39	DNA-methyltransferase Dcm
0.000282143281908	39	cell division protein FtsJ
0.000282143281908	39	MULTISPECIES: ATP synthase subunit delta
0.000282143281908	39	TrmH family RNA methyltransferase
0.000282143281908	39	two-component response regulator
0.000282143281908	39	amino acid carrier protein
0.000282143281908	39	YIP1 family protein
0.000282143281908	39	diversity-generating retroelement protein bAvd family protein
0.000282143281908	39	MULTISPECIES: cobalt ECF transporter T component CbiQ
0.000282143281908	39	penicillin-binding protein 2, partial
0.000282143281908	39	cytochrome c oxidase subunit 1
0.000282143281908	39	DUF2827 domain-containing protein
0.000282143281908	39	MULTISPECIES: DUF3499 domain-containing protein
0.000282143281908	39	4-hydroxy-2-oxo-heptane-1,7-dioate aldolase
0.000282143281908	39	acyl-CoA synthase
0.000282143281908	39	MULTISPECIES: DNA methylase
0.000282143281908	39	YciI family protein
0.000282143281908	39	threonine synthase, partial
0.000282143281908	39	DUF4265 domain-containing protein
0.000282143281908	39	mannitol 2-dehydrogenase
0.000282143281908	39	SMP-30/gluconolaconase/LRE domain protein
0.000282143281908	39	copper-exporting ATPase
0.000282143281908	39	MULTISPECIES: peptidase S8
0.000282143281908	39	DUF3455 domain-containing protein
0.000282143281908	39	sulfate ABC transporter
0.000282143281908	39	glutamate 5-kinase, partial
0.000282143281908	39	transcriptional regulator BetI
0.000282143281908	39	vegetatible incompatibility protein HET-E-1
0.000282143281908	39	phenylalanine racemase
0.000282143281908	39	Na+ dependent nucleoside transporter
0.000282143281908	39	putative transcriptional regulator
0.000282143281908	39	DUF3483 domain-containing protein
0.000282143281908	39	FAD-dependent pyridine nucleotide-disulfide oxidoreductase
0.000282143281908	39	MULTISPECIES: flagellar hook-associated protein FlgK
0.000282143281908	39	DNA mismatch repair protein MutL, partial
0.000282143281908	39	NADH-quinone oxidoreductase subunit E, partial
0.000282143281908	39	MULTISPECIES: restriction endonuclease subunit M
0.000282143281908	39	MULTISPECIES: peptidase S14
0.000274908838782	38	N-acetyltransferase, partial
0.000274908838782	38	chaperonin GroL, partial
0.000274908838782	38	hemin-binding protein
0.000274908838782	38	benzoate membrane transporter
0.000274908838782	38	xylulose 5-phosphate 3-epimerase
0.000274908838782	38	MULTISPECIES: Txe/YoeB family addiction module toxin
0.000274908838782	38	phycobilisome linker polypeptide
0.000274908838782	38	outer-membrane lipoprotein carrier protein LolA
0.000274908838782	38	DUF4231 domain-containing protein
0.000274908838782	38	MULTISPECIES: pectate lyase
0.000274908838782	38	MULTISPECIES: type IV-A pilus assembly ATPase PilB
0.000274908838782	38	MAF protein
0.000274908838782	38	type I phosphodiesterase/nucleotide pyrophosphatase
0.000274908838782	38	ribonucleotide reductase of class Ia (aerobic), subunit beta
0.000274908838782	38	peptidase S9B dipeptidylpeptidase IV domain protein
0.000274908838782	38	MULTISPECIES: DNA-directed DNA polymerase
0.000274908838782	38	peptidase dimerization domain protein, partial
0.000274908838782	38	TIGR00730 family Rossman fold protein, partial
0.000274908838782	38	glycosyl transferase family 25
0.000274908838782	38	L-cystine transporter
0.000274908838782	38	MULTISPECIES: GDP-mannose pyrophosphorylase
0.000274908838782	38	MULTISPECIES: NADH:ubiquinone oxidoreductase subunit L
0.000274908838782	38	MULTISPECIES: ATP-dependent protease subunit HslV
0.000274908838782	38	potassium transport system protein
0.000274908838782	38	Lon protease
0.000274908838782	38	3-methyl-2-oxobutanoate hydroxymethyltransferase, partial
0.000274908838782	38	oligoendopeptidase
0.000274908838782	38	MULTISPECIES: ribosome silencing factor
0.000274908838782	38	MULTISPECIES: hydroxyproline-2-epimerase
0.000274908838782	38	MULTISPECIES: cobyrinic acid a,c-diamide synthase
0.000274908838782	38	MULTISPECIES: type II secretory pathway, component PulD
0.000274908838782	38	MULTISPECIES: 3-oxoadipate CoA-transferase subunit A
0.000274908838782	38	rhamnosidase
0.000274908838782	38	molybdopterin-synthase adenylyltransferase
0.000274908838782	38	DUF3348 domain-containing protein
0.000274908838782	38	DUF1127 domain-containing protein
0.000274908838782	38	MULTISPECIES: GGDEF-domain containing protein
0.000274908838782	38	MULTISPECIES: bifunctional 3-phosphoshikimate 1-carboxyvinyltransferase/cytidylate kinase
0.000274908838782	38	MULTISPECIES: ADP-ribose pyrophosphatase
0.000274908838782	38	chloramphenicol resistance protein
0.000274908838782	38	translation initiation inhibitor
0.000274908838782	38	general secretion pathway protein GspM
0.000274908838782	38	MULTISPECIES: DsbE family thiol:disulfide interchange protein
0.000274908838782	38	MULTISPECIES: septal ring lytic transglycosylase RlpA family lipoprotein
0.000274908838782	38	tail tape measure protein
0.000274908838782	38	phosphoesterase family protein
0.000274908838782	38	DUF3040 domain-containing protein
0.000274908838782	38	aconitate hydratase, partial
0.000274908838782	38	sensor histidine kinase efflux regulator BaeS
0.000274908838782	38	DUF202 domain-containing protein
0.000274908838782	38	N-acetylmuramoyl-L-alanine amidase, partial
0.000274908838782	38	creatinine amidohydrolase
0.000274908838782	38	thiamine pyrophosphate TPP-binding domain-containing protein
0.000274908838782	38	4Fe-4S-binding domain protein
0.000274908838782	38	flagellar protein FliT
0.000274908838782	38	MULTISPECIES: DUF1049 domain-containing protein
0.000274908838782	38	rhombotarget A
0.000274908838782	38	MULTISPECIES: succinylglutamate desuccinylase
0.000274908838782	38	undecaprenyl-diphosphatase UppP
0.000274908838782	38	malate synthase G, partial
0.000274908838782	38	SMP-30/Gluconolaconase/LRE domain protein
0.000274908838782	38	nitrilase/cyanide hydratase
0.000274908838782	38	MULTISPECIES: flagellar basal body rod protein FlgC
0.000274908838782	38	arsenic-transporting ATPase
0.000274908838782	38	PA-phosphatase
0.000274908838782	38	D-threitol dehydrogenase
0.000274908838782	38	DUF3526 domain-containing protein
0.000274908838782	38	MULTISPECIES: saccharopine dehydrogenase
0.000274908838782	38	MULTISPECIES: sulfite oxidase-like oxidoreductase
0.000274908838782	38	MULTISPECIES: ferric iron uptake transcriptional regulator
0.000274908838782	38	MULTISPECIES: DUF1854 domain-containing protein
0.000274908838782	38	MULTISPECIES: 3-oxoadipate enol-lactonase
0.000274908838782	38	tartrate/fumarate subfamily Fe-S type hydro-lyase subunit alpha
0.000274908838782	38	sulfide dehydrogenase
0.000274908838782	38	DUF2497 domain-containing protein
0.000274908838782	38	agglutination protein
0.000274908838782	38	capsule biosynthesis protein CapD
0.000274908838782	38	deoxyuridine 5'-triphosphate nucleotidohydrolase Dut
0.000274908838782	38	acyl-CoA dehydrogenase domain-containing protein
0.000274908838782	38	MULTISPECIES: 3'(2'),5'-bisphosphate nucleotidase CysQ
0.000274908838782	38	putative anion transporting ATPase
0.000274908838782	38	MULTISPECIES: ureidoglycolate lyase
0.000274908838782	38	MULTISPECIES: YraN family protein
0.000274908838782	38	nucleoporin
0.000274908838782	38	L-threonine dehydrogenase
0.000274908838782	38	glycosyl transferase family 36
0.000274908838782	38	DUF3375 domain-containing protein
0.000274908838782	38	energy-coupling factor ABC transporter ATP-binding protein
0.000274908838782	38	flagellar basal body protein FliL
0.000274908838782	38	carbon monoxide dehydrogenase accessory protein
0.000274908838782	38	MULTISPECIES: type II secretion system protein GspF
0.000274908838782	38	MULTISPECIES: lytic murein transglycosylase B
0.000274908838782	38	raiA ribosome-associated inhibitor A
0.000274908838782	38	DUF4054 domain-containing protein
0.000274908838782	38	NAD(P)H dehydrogenase subunit NdhF3 family
0.000274908838782	38	MULTISPECIES: DUF125 domain-containing protein
0.000267674395656	37	damage-inducible protein CinA, partial
0.000267674395656	37	beta-phosphoglucomutase family hydrolase
0.000267674395656	37	Na+/H+ antiporter subunit E
0.000267674395656	37	MULTISPECIES: thiamine phosphate synthase
0.000267674395656	37	leukotoxin LktA family filamentous adhesin
0.000267674395656	37	isoquinoline 1-oxidoreductase subunit beta
0.000267674395656	37	MULTISPECIES: TIGR03767 family metallophosphoesterase
0.000267674395656	37	post-segregation antitoxin CcdA
0.000267674395656	37	magnesium chelatase subunit ChlI
0.000267674395656	37	aspartate aminotransferase family protein, partial
0.000267674395656	37	MULTISPECIES: AzlC family protein
0.000267674395656	37	transporter, partial
0.000267674395656	37	RNA-binding s4 domain-containing protein
0.000267674395656	37	MULTISPECIES: muramoyltetrapeptide carboxypeptidase
0.000267674395656	37	tungsten formylmethanofuran dehydrogenase subunit F
0.000267674395656	37	MULTISPECIES: ClpXP protease specificity-enhancing factor
0.000267674395656	37	cell wall biogenesis protein
0.000267674395656	37	ATP synthase F1 subunit gamma, partial
0.000267674395656	37	acetohydroxyacid synthase large subunit
0.000267674395656	37	GUN4 domain-containing protein
0.000267674395656	37	flagellar motor protein MotD
0.000267674395656	37	DUF1111 domain-containing protein
0.000267674395656	37	polysaccharide/polyol phosphate ABC transporter ATP-binding protein
0.000267674395656	37	MULTISPECIES: 7-carboxy-7-deazaguanine synthase QueE
0.000267674395656	37	MULTISPECIES: protein-tyrosine-phosphatase
0.000267674395656	37	MULTISPECIES: galactonate dehydratase
0.000267674395656	37	D-aminoacyl-tRNA deacylase
0.000267674395656	37	globin-like protein
0.000267674395656	37	ComEC/Rec2-like protein
0.000267674395656	37	pyridoxal biosynthesis lyase PdxS, partial
0.000267674395656	37	branched-chain amino acid ABC transporter ATPase
0.000267674395656	37	RhtB family transporter
0.000267674395656	37	MULTISPECIES: phage tail tape measure protein
0.000267674395656	37	MULTISPECIES: glutamine-synthetase adenylyltransferase
0.000267674395656	37	histidine-type phosphatase
0.000267674395656	37	phosphonate utilization associated membrane protein
0.000267674395656	37	ATP--cob(I)alamin adenosyltransferase
0.000267674395656	37	type I-C CRISPR-associated protein Cas8c/Csd1
0.000267674395656	37	polyphosphate glucokinase
0.000267674395656	37	bifunctional 2-acylglycerophosphoethanolamine acyltransferase/acyl-ACP synthetase
0.000267674395656	37	MULTISPECIES: thiosulfate oxidation carrier protein SoxY
0.000267674395656	37	MULTISPECIES: septum formation protein Maf
0.000267674395656	37	MULTISPECIES: phosphopantetheine adenylyltransferase
0.000267674395656	37	nitrate transport ATP-binding subunits C and D
0.000267674395656	37	serine protease, partial
0.000267674395656	37	MULTISPECIES: ribulose-bisphosphate carboxylase large subunit
0.000267674395656	37	flagellar biosynthesis protein FliR
0.000267674395656	37	hexapeptide transferase
0.000267674395656	37	glycohydrolase
0.000267674395656	37	MULTISPECIES: lipoprotein
0.000267674395656	37	formaldehyde dehydrogenase, glutathione-independent
0.000267674395656	37	MULTISPECIES: fatty acid synthase subunit beta
0.000267674395656	37	phospholipid:lipid A palmitoyltransferase
0.000267674395656	37	MULTISPECIES: voltage-gated chloride channel protein
0.000267674395656	37	MULTISPECIES: gliding motility lipoprotein GldJ
0.000267674395656	37	cobalamin synthase
0.000267674395656	37	MULTISPECIES: cell division protein ZapD
0.000267674395656	37	glycoside hydrolase family 37
0.000267674395656	37	L-arabinose ABC transporter permease AraH
0.000267674395656	37	MULTISPECIES: lipopolysaccharide biosynthesis protein
0.000267674395656	37	type I restriction-modification system restriction subunit
0.000267674395656	37	cobalamin biosynthesis protein CobQ
0.000267674395656	37	glutamate-pyruvate aminotransferase
0.000267674395656	37	aromatic amino acid transporter AroP
0.000267674395656	37	C4-dicarboxylate ABC transporter substrate-binding protein, partial
0.000267674395656	37	MULTISPECIES: undecaprenyl-phosphate glucose phosphotransferase
0.000267674395656	37	DUF616 domain-containing protein
0.000267674395656	37	2-dehydro-3-deoxy-D-gluconate 5-dehydrogenase
0.000267674395656	37	MULTISPECIES: mechanosensitive ion channel protein MscS
0.000267674395656	37	MULTISPECIES: SirA family protein
0.000267674395656	37	D-lactate dehydrogenase
0.000267674395656	37	mannose-1-phosphate guanylyltransferase (GDP)
0.000267674395656	37	alpha-L-glutamate ligase-like protein
0.000267674395656	37	DUF309 domain-containing protein
0.000267674395656	37	cytochrome d terminal oxidase subunit I
0.000267674395656	37	phospholipid ABC transporter ATP-binding protein MlaF
0.000267674395656	37	MULTISPECIES: dCMP deaminase
0.000267674395656	37	DUF1929 domain-containing protein
0.000267674395656	37	sporulation initiation inhibitor Soj
0.000267674395656	37	plasmid maintenance system antidote protein
0.000267674395656	37	glycosyl hydrolase family protein
0.000267674395656	37	phosphoribosylformylglycinamidine synthase, purS protein
0.000267674395656	37	MULTISPECIES: sarcosine oxidase subunit beta family protein
0.000267674395656	37	MULTISPECIES: 4-aminobutyrate--2-oxoglutarate transaminase
0.000267674395656	37	MULTISPECIES: channel protein TolC
0.000267674395656	37	STAS/SEC14 domain-containing protein
0.000267674395656	37	multiple antibiotic resistance (MarC)-like protein
0.000267674395656	37	MULTISPECIES: formylglycine-generating enzyme family protein
0.000267674395656	37	DUF1254 domain-containing protein
0.000267674395656	37	MULTISPECIES: carotenoid 1,2-hydratase
0.000267674395656	37	putative signal transduction histidine kinase
0.000267674395656	37	MULTISPECIES: pyridine nucleotide transhydrogenase
0.00026043995253	36	MULTISPECIES: heme ABC transporter ATP-binding protein
0.00026043995253	36	CRISPR-associated endonuclease Cas3''
0.00026043995253	36	hemolysin-type calcium-binding region protein
0.00026043995253	36	MULTISPECIES: phage integrase family protein
0.00026043995253	36	DUF4886 domain-containing protein
0.00026043995253	36	lipo-like protein
0.00026043995253	36	triphosphoribosyl-dephospho-CoA synthase MdcB
0.00026043995253	36	MULTISPECIES: thiolase
0.00026043995253	36	MULTISPECIES: phage holin family protein
0.00026043995253	36	MULTISPECIES: peptidase S46
0.00026043995253	36	MULTISPECIES: twin-arginine translocase subunit TatA
0.00026043995253	36	MULTISPECIES: tRNA (N(6)-L-threonylcarbamoyladenosine(37)-C(2))-methylthiotransferase MtaB
0.00026043995253	36	mannuronan epimerase
0.00026043995253	36	PorT
0.00026043995253	36	MULTISPECIES: 16S rRNA methyltransferase
0.00026043995253	36	DUF3943 domain-containing protein
0.00026043995253	36	NADH (or F420H2) dehydrogenase
0.00026043995253	36	Na(+)-translocating NADH-quinone reductase subunit A
0.00026043995253	36	acyl-CoA esterase
0.00026043995253	36	gliding motility-associated C-terminal domain-containing protein
0.00026043995253	36	MULTISPECIES: fatty acid--CoA ligase
0.00026043995253	36	phytoene synthase, partial
0.00026043995253	36	MULTISPECIES: SUF system Fe-S cluster assembly protein
0.00026043995253	36	permease cytosine/purine uracil thiamine allantoin family
0.00026043995253	36	phosphatidylglycerophosphate synthase
0.00026043995253	36	MULTISPECIES: methyltransferase type 11
0.00026043995253	36	MULTISPECIES: MOSC domain-containing protein
0.00026043995253	36	MULTISPECIES: carnitine dehydratase
0.00026043995253	36	MULTISPECIES: ribosomal RNA small subunit methyltransferase A
0.00026043995253	36	phage prohead protease HK97 family
0.00026043995253	36	MULTISPECIES: thiamine-monophosphate kinase
0.00026043995253	36	thiamine monophosphate synthase
0.00026043995253	36	GSCFA domain protein
0.00026043995253	36	lambda family phage tail tape measure protein
0.00026043995253	36	calcineurin-like phosphoesterase
0.00026043995253	36	MULTISPECIES: N-acetylneuraminate synthase
0.00026043995253	36	prolyl 4-hydroxylase subunit alpha
0.00026043995253	36	chain length determinant protein
0.00026043995253	36	MULTISPECIES: DUF4193 domain-containing protein
0.00026043995253	36	uroporphyrinogen-III C-methyltransferase, partial
0.00026043995253	36	DUF3308 domain-containing protein
0.00026043995253	36	DUF4079 domain-containing protein
0.00026043995253	36	lysine-sensitive aspartokinase 3
0.00026043995253	36	photosynthesis system II assembly factor Ycf48
0.00026043995253	36	MULTISPECIES: S49 family peptidase
0.00026043995253	36	DUF2993 domain-containing protein
0.00026043995253	36	DUF2270 domain-containing protein
0.00026043995253	36	MULTISPECIES: glycogen debranching enzyme
0.00026043995253	36	MULTISPECIES: deoxyhypusine synthase
0.00026043995253	36	putative bicarbonate transporter, IctB family
0.00026043995253	36	MULTISPECIES: mannosyltransferase
0.00026043995253	36	MULTISPECIES: phosphoglycerate mutase (2,3-diphosphoglycerate-independent)
0.00026043995253	36	MULTISPECIES: tryptophan 7-halogenase
0.00026043995253	36	MULTISPECIES: LamB/YcsF family protein
0.00026043995253	36	NADPH-dependent 2,4-dienoyl-CoA reductase, partial
0.00026043995253	36	MULTISPECIES: phosphoribosylglycinamide formyltransferase 2
0.00026043995253	36	iron/ascorbate oxidoreductase
0.00026043995253	36	outer membrane protein LolB
0.00026043995253	36	homogentisate phytyltransferase
0.00026043995253	36	reactivating factor for ethanolamine ammonia lyase
0.00026043995253	36	choline dehydrogenase-like flavoprotein
0.00026043995253	36	photosystem II reaction center protein L
0.00026043995253	36	MULTISPECIES: 4-hydroxybutyrate dehydrogenase
0.00026043995253	36	MCBG-like protein
0.00026043995253	36	flagellar basal body rod modification protein
0.00026043995253	36	MULTISPECIES: cyclohexanone monooxygenase
0.00026043995253	36	UDP-N-acetylmuramyl peptide synthase
0.00026043995253	36	Peptidoglycan hydrolase FlgJ
0.00026043995253	36	aromatic amino acid transporter
0.00026043995253	36	conjugative coupling factor TraD, PFGI-1 class
0.00026043995253	36	phosphate porin
0.00026043995253	36	exonuclease VIII
0.00026043995253	36	alpha-amylase, partial
0.00026043995253	36	MULTISPECIES: ornithine--oxo-acid transaminase
0.00026043995253	36	MULTISPECIES: DUF2520 domain-containing protein
0.00026043995253	36	xenobiotic-transporting ATPase
0.00026043995253	36	high light inducible protein
0.00026043995253	36	UDP-glycosyltransferase
0.00026043995253	36	MULTISPECIES: bifunctional cbb3-type cytochrome c oxidase subunit I/II
0.00026043995253	36	response regulator, partial
0.00026043995253	36	DUF5123 domain-containing protein
0.00026043995253	36	MULTISPECIES: PepSY domain-containing protein
0.00026043995253	36	Tripartite ATP-independent periplasmic transporter DctQ component
0.00026043995253	36	cell envelope protein
0.00026043995253	36	MULTISPECIES: CopD family protein
0.00026043995253	36	DNA polymerase III subunit beta, partial
0.00026043995253	36	PPOX class F420-dependent enzyme
0.00026043995253	36	Vat family streptogramin A O-acetyltransferase
0.00026043995253	36	stress-induced protein
0.00026043995253	36	MULTISPECIES: 23S rRNA (uracil(1939)-C(5))-methyltransferase RlmD
0.00026043995253	36	outer membrane usher protein
0.00026043995253	36	polysaccharide biosynthesis PFTS motif protein
0.00026043995253	36	aminocyclopropane-1-carboxylate deaminase/D-cysteine desulfhydrase family protein
0.00026043995253	36	EcsC family protein
0.000253205509405	35	copper resistance protein CopC
0.000253205509405	35	MULTISPECIES: beta-ketoadipyl CoA thiolase
0.000253205509405	35	bifunctional rhamnulose-1-phosphate aldolase/short-chain dehydrogenase, partial
0.000253205509405	35	formate dehydrogenase subunit alpha, partial
0.000253205509405	35	gamma-butyrobetaine dioxygenase
0.000253205509405	35	ResB family protein
0.000253205509405	35	TetR/AcrR family transcriptional regulator, partial
0.000253205509405	35	XdhC/CoxF family protein
0.000253205509405	35	peptidase S9, prolyl oligopeptidase
0.000253205509405	35	isopropylmalate isomerase
0.000253205509405	35	DNA gyrase subunit A, partial
0.000253205509405	35	TIGR02391 family protein
0.000253205509405	35	MULTISPECIES: PilZ domain-containing protein
0.000253205509405	35	MULTISPECIES: DUF4239 domain-containing protein
0.000253205509405	35	16S/23S rRNA (cytidine-2'-O)-methyltransferase
0.000253205509405	35	peptidylprolyl isomerase, partial
0.000253205509405	35	MULTISPECIES: laccase domain-containing protein
0.000253205509405	35	YARHG domain-containing protein
0.000253205509405	35	M1 family metalloprotease precursor
0.000253205509405	35	sirohydrochlorin chelatase
0.000253205509405	35	glycoside hydrolase family 10 protein
0.000253205509405	35	exodeoxyribonuclease X
0.000253205509405	35	surface lipoprotein
0.000253205509405	35	ubiquinol-cytochrome c chaperone
0.000253205509405	35	thiamine pyrophosphate enzyme
0.000253205509405	35	non-heme iron oxygenase ferredoxin subunit
0.000253205509405	35	histidine/lysine/arginine/ornithine ABC transporter ATP-binding protein HisP
0.000253205509405	35	YidC/Oxa1 family membrane protein insertase
0.000253205509405	35	two-component system sensor protein
0.000253205509405	35	MULTISPECIES: acetyl-CoA hydrolase
0.000253205509405	35	MULTISPECIES: GlnR family transcriptional regulator
0.000253205509405	35	MULTISPECIES: bifunctional oligoribonuclease/PAP phosphatase NrnA
0.000253205509405	35	export ABC transporter ATP-binding protein
0.000253205509405	35	MULTISPECIES: GlxA family transcriptional regulator
0.000253205509405	35	citrate lyase subunit beta
0.000253205509405	35	30S ribosomal protein THX
0.000253205509405	35	apolipoprotein N-acyltransferase, partial
0.000253205509405	35	bifunctional ADP-dependent (S)-NAD(P)H-hydrate dehydratase/NAD(P)H-hydrate epimerase, partial
0.000253205509405	35	MULTISPECIES: keto-deoxy-phosphogluconate aldolase
0.000253205509405	35	macrolide ABC transporter permease
0.000253205509405	35	DUF2142 domain-containing protein
0.000253205509405	35	MULTISPECIES: VirB4 family type IV secretion/conjugal transfer ATPase
0.000253205509405	35	Mrr restriction system protein
0.000253205509405	35	photosystem I core protein PsaA, partial
0.000253205509405	35	MULTISPECIES: DUF485 domain-containing protein
0.000253205509405	35	MULTISPECIES: chromosomal replication initiator protein DnaA
0.000253205509405	35	host attachment protein
0.000253205509405	35	MULTISPECIES: RecQ family ATP-dependent DNA helicase
0.000253205509405	35	MULTISPECIES: carboxynorspermidine decarboxylase
0.000253205509405	35	neutral zinc metallopeptidase
0.000253205509405	35	galactose-binding protein
0.000253205509405	35	type III restriction-modification enzyme helicase subunit
0.000253205509405	35	phosphonate-binding protein
0.000253205509405	35	murein biosynthesis integral membrane protein MurJ, partial
0.000253205509405	35	two-component sensor histidine kinase BarA
0.000253205509405	35	serine esterase
0.000253205509405	35	bifunctional UDP-glucuronic acid oxidase/UDP-4-amino-4-deoxy-L-arabinose formyltransferase
0.000253205509405	35	DUF4915 domain-containing protein
0.000253205509405	35	DUF4375 domain-containing protein
0.000253205509405	35	sec-independent translocation protein mttA/Hcf106
0.000253205509405	35	phosphopantothenate--cysteine ligase
0.000253205509405	35	mannose-6-phosphate isomerase type II
0.000253205509405	35	MULTISPECIES: NADH-quinone oxidoreductase subunit C/D
0.000253205509405	35	UDP-N-acetylglucosamine--LPS N-acetylglucosamine transferase
0.000253205509405	35	NAD-dependent malic enzyme, partial
0.000253205509405	35	MULTISPECIES: antitermination protein NusG
0.000253205509405	35	aspartyl-tRNA amidotransferase
0.000253205509405	35	TIGR04552 family protein
0.000253205509405	35	MULTISPECIES: arginine repressor
0.000253205509405	35	RNA polymerase subunit sigma-24, partial
0.000253205509405	35	flagellar transcriptional regulator FlhD
0.000253205509405	35	DUF2282 domain-containing protein
0.000253205509405	35	internalin
0.000253205509405	35	catalase/peroxidase HPI, partial
0.000253205509405	35	recombinase RarA
0.000253205509405	35	Pathogenesis-related transcriptional factor and ERF protein
0.000253205509405	35	MULTISPECIES: alkanesulfonate monooxygenase
0.000253205509405	35	ABC-1 domain-containing protein
0.000253205509405	35	thymidylate synthase, partial
0.000253205509405	35	fructose-1,6-bisphosphate aldolase, class II
0.000253205509405	35	DNA N-6-adenine-methyltransferase
0.000253205509405	35	MULTISPECIES: alkane 1-monooxygenase
0.000253205509405	35	methylmalonyl-CoA mutase small subunit
0.000253205509405	35	MULTISPECIES: ubiquinol-cytochrome c reductase cytochrome b subunit
0.000253205509405	35	MULTISPECIES: molybdenum cofactor guanylyltransferase
0.000253205509405	35	MULTISPECIES: toxin RelE
0.000253205509405	35	MULTISPECIES: prevent-host-death protein
0.000253205509405	35	MULTISPECIES: Fe-S assembly protein IscX
0.000253205509405	35	MULTISPECIES: type IV pilus biogenesis/stability protein PilW
0.000253205509405	35	MULTISPECIES: phosphoribosylpyrophosphate synthetase
0.000253205509405	35	methyltransferase small
0.000253205509405	35	MULTISPECIES: 3-oxoadipyl-CoA thiolase
0.000253205509405	35	DUF2288 domain-containing protein
0.000253205509405	35	MULTISPECIES: HDOD domain-containing protein
0.000253205509405	35	KAP P-loop protein
0.000253205509405	35	glucose-6-phosphate dehydrogenase assembly protein OpcA
0.000253205509405	35	DNA transporter
0.000253205509405	35	MULTISPECIES: phosphohistidine phosphatase
0.000253205509405	35	TIGR03279 family radical SAM protein
0.000253205509405	35	putative endo-beta-galactosidase
0.000253205509405	35	phage tail assembly protein
0.000253205509405	35	MULTISPECIES: bifunctional phosphoribosyl-AMP cyclohydrolase/phosphoribosyl-ATP diphosphatase
0.000253205509405	35	MULTISPECIES: ribonuclease Z
0.000253205509405	35	photosystem I iron-sulfur center protein PsaC
0.000253205509405	35	DUF4435 domain-containing protein
0.000253205509405	35	MULTISPECIES: arginase
0.000253205509405	35	MULTISPECIES: glycerol-3-phosphate cytidylyltransferase
0.000253205509405	35	MULTISPECIES: rhamnose/proton symporter RhaT
0.000253205509405	35	MULTISPECIES: Phenylacetic acid degradation-related protein
0.000253205509405	35	DUF3422 domain-containing protein, partial
0.000253205509405	35	MULTISPECIES: acetylxylan esterase
0.000253205509405	35	coenzyme F390 synthetase II
0.000253205509405	35	MULTISPECIES: pantothenate kinase
0.000253205509405	35	Photosystem I reaction center subunit III
0.000253205509405	35	phage terminase
0.000253205509405	35	exoprotein
0.000245971066279	34	divergent PAP2 family protein
0.000245971066279	34	ribosome hibernation protein
0.000245971066279	34	DNA methyltransferase, partial
0.000245971066279	34	baseplate protein
0.000245971066279	34	MULTISPECIES: alpha-L-rhamnosidase
0.000245971066279	34	DUF1849 domain-containing protein
0.000245971066279	34	MutS2 protein
0.000245971066279	34	DUF349 domain-containing protein, partial
0.000245971066279	34	glycoside hydrolase clan GH-D
0.000245971066279	34	type VI secretion system-associated lipoprotein
0.000245971066279	34	putative colanic acid biosynthesis acetyltransferase
0.000245971066279	34	ribosomal RNA small subunit methyltransferase E
0.000245971066279	34	ribosomal RNA small subunit methyltransferase B
0.000245971066279	34	DUF3750 domain-containing protein
0.000245971066279	34	C4-dicarboxylate transport protein
0.000245971066279	34	DUF4081 domain-containing protein
0.000245971066279	34	diaminopimelate dehydrogenase
0.000245971066279	34	MULTISPECIES: DNA-protecting protein DprA
0.000245971066279	34	glycine--tRNA ligase subunit beta, partial
0.000245971066279	34	methylmalonyl-CoA decarboxylase
0.000245971066279	34	MULTISPECIES: phenylacetic acid degradation protein PaaD
0.000245971066279	34	MULTISPECIES: cytochrome C biogenesis protein CcdA
0.000245971066279	34	DUF1972 domain-containing protein
0.000245971066279	34	topoisomerase IV
0.000245971066279	34	Zn-dependent oligopeptidase
0.000245971066279	34	molecular chaperone DnaJ, partial
0.000245971066279	34	30S ribosomal protein S2, partial
0.000245971066279	34	H4MPT-linked C1 transfer pathway protein
0.000245971066279	34	DUF2760 domain-containing protein
0.000245971066279	34	ACT domain-containing protein
0.000245971066279	34	phage terminase, large subunit, PBSX family
0.000245971066279	34	glutamine synthetase II
0.000245971066279	34	MULTISPECIES: glycosyl hydrolase family 2
0.000245971066279	34	MULTISPECIES: 4-hydroxythreonine-4-phosphate dehydrogenase
0.000245971066279	34	DUF3685 domain-containing protein
0.000245971066279	34	gliding-motility protein MglA
0.000245971066279	34	TrkA family potassium uptake protein
0.000245971066279	34	putrescine aminotransferase
0.000245971066279	34	DUF3386 domain-containing protein
0.000245971066279	34	toxin HicA
0.000245971066279	34	MULTISPECIES: twin-arginine translocase TatA/TatE family subunit
0.000245971066279	34	MULTISPECIES: FmdB family transcriptional regulator
0.000245971066279	34	MULTISPECIES: cytochrome d ubiquinol oxidase subunit II
0.000245971066279	34	major capsid protein E
0.000245971066279	34	beta-glucosidase-like glycosyl hydrolase
0.000245971066279	34	DUF4892 domain-containing protein
0.000245971066279	34	MULTISPECIES: lysophospholipase
0.000245971066279	34	bifunctional phosphoribosylaminoimidazolecarboxamide formyltransferase/IMP cyclohydrolase, partial
0.000245971066279	34	translation initiation factor IF-3, partial
0.000245971066279	34	protein involved in meta-pathway of phenol degradation
0.000245971066279	34	flagellin, partial
0.000245971066279	34	DNA internalization-related competence protein ComEC/Rec2, partial
0.000245971066279	34	ATP-dependent DNA helicase RecQ, partial
0.000245971066279	34	phage-related lysozyme (muraminidase)
0.000245971066279	34	MULTISPECIES: peptide ABC transporter ATP-binding protein
0.000245971066279	34	MULTISPECIES: transcriptional regulator RegF
0.000245971066279	34	FAD-binding oxidoreductase, partial
0.000245971066279	34	metal-dependent phosphoesterase
0.000245971066279	34	endonuclease V
0.000245971066279	34	rRNA pseudouridine synthase, partial
0.000245971066279	34	DUF2218 domain-containing protein
0.000245971066279	34	capsular biosynthesis protein, partial
0.000245971066279	34	serine--tRNA ligase, partial
0.000245971066279	34	MULTISPECIES: DUF1330 domain-containing protein
0.000245971066279	34	VCBS repeat-containing protein
0.000245971066279	34	hemolysin secretion protein D
0.000245971066279	34	MULTISPECIES: phosphatase
0.000245971066279	34	Maf-like protein
0.000245971066279	34	dehydrogenase-like protein
0.000245971066279	34	SSS family solute/sodium (Na+) symporter
0.000245971066279	34	MULTISPECIES: cell envelope biogenesis protein OmpA
0.000245971066279	34	hemagglutination activity domain protein
0.000245971066279	34	5-histidylcysteine sulfoxide synthase
0.000245971066279	34	MULTISPECIES: PTS sorbitol transporter subunit IIC
0.000245971066279	34	D-threonine aldolase
0.000245971066279	34	MULTISPECIES: acyl CoA:acetate/3-ketoacid CoA transferase
0.000245971066279	34	sel1 repeat family protein, partial
0.000245971066279	34	HipA protein
0.000245971066279	34	5-(carboxyamino)imidazole ribonucleotide synthase, partial
0.000245971066279	34	MULTISPECIES: wax ester/triacylglycerol synthase family O-acyltransferase
0.000245971066279	34	dihydroxynaphthoic acid synthetase
0.000245971066279	34	type II secretion system protein GspJ
0.000245971066279	34	MULTISPECIES: addiction module antidote protein, HigA family
0.000245971066279	34	channel protein, hemolysin III family
0.000245971066279	34	MULTISPECIES: cytochrome C oxidase assembly protein
0.000245971066279	34	multidrug transporter MatE
0.000245971066279	34	MULTISPECIES: 2-hydroxy-acid oxidase
0.000245971066279	34	MULTISPECIES: carboxypeptidase M32
0.000245971066279	34	conjugative transposon protein TraM
0.000245971066279	34	MULTISPECIES: NAD(P)(+) transhydrogenase (Si-specific)
0.000245971066279	34	dihydroxy-acid dehydratase IlvD
0.000245971066279	34	3'-5' exonuclease, partial
0.000245971066279	34	L-2-hydroxyglutarate oxidase
0.000245971066279	34	ribosomal large subunit pseudouridine synthase B
0.000245971066279	34	nodulation protein NodN
0.000245971066279	34	MULTISPECIES: aromatic compound degradation protein PaaI
0.000245971066279	34	lactose ABC transporter permease
0.000245971066279	34	transporter component
0.000245971066279	34	MULTISPECIES: transferase
0.000245971066279	34	MULTISPECIES: disulfide bond formation protein DsbA
0.000245971066279	34	DUF535 domain-containing protein
0.000245971066279	34	peptidase M32
0.000245971066279	34	rhombosortase
0.000245971066279	34	thiamine pyrophosphate enzyme-like protein
0.000245971066279	34	MULTISPECIES: GtrA family protein
0.000245971066279	34	L-proline 4-hydroxylase
0.000245971066279	34	ClC family H(+)/Cl(-) exchange transporter
0.000245971066279	34	aspartate-alanine antiporter
0.000245971066279	34	MULTISPECIES: glycine cleavage system aminomethyltransferase T
0.000245971066279	34	MULTISPECIES: chloride channel protein
0.000245971066279	34	aspartate--ammonia ligase
0.000245971066279	34	TMAO reductase system periplasmic protein TorT
0.000245971066279	34	MULTISPECIES: NAD(P)(+) transhydrogenase
0.000238736623153	33	IS3 family transposase ISPko4
0.000238736623153	33	bacteriophage protein
0.000238736623153	33	recombinase XerC, partial
0.000238736623153	33	TonB C-terminal domain-containing protein
0.000238736623153	33	MULTISPECIES: cardiolipin synthase
0.000238736623153	33	5'-nucleotidase SurE
0.000238736623153	33	MULTISPECIES: peptidase M28 family protein
0.000238736623153	33	DUF4405 domain-containing protein
0.000238736623153	33	long-chain-fatty-acyl-CoA reductase
0.000238736623153	33	copper homeostasis protein
0.000238736623153	33	DUF3427 domain-containing protein, partial
0.000238736623153	33	nucleoside kinase
0.000238736623153	33	glycoside hydrolase family 2 protein
0.000238736623153	33	putative PAS/PAC sensor protein
0.000238736623153	33	sodium:proton antiporter, partial
0.000238736623153	33	pyruvate carboxyltransferase
0.000238736623153	33	MULTISPECIES: GxxExxY protein
0.000238736623153	33	PAAR domain-containing protein
0.000238736623153	33	MULTISPECIES: cytochrome BD ubiquinol oxidase subunit II
0.000238736623153	33	methane monooxygenase/ammonia monooxygenase subunit B
0.000238736623153	33	histidine ammonia-lyase, partial
0.000238736623153	33	MULTISPECIES: DUF552 domain-containing protein
0.000238736623153	33	DUF4345 domain-containing protein
0.000238736623153	33	hybrid-cluster NAD(P)-dependent oxidoreductase
0.000238736623153	33	MULTISPECIES: 2-hydroxychromene-2-carboxylate isomerase
0.000238736623153	33	N-succinylarginine dihydrolase
0.000238736623153	33	phage tail length tape measure protein
0.000238736623153	33	glycosyl transferase 2 family protein
0.000238736623153	33	MULTISPECIES: DUF465 domain-containing protein
0.000238736623153	33	O-unit flippase
0.000238736623153	33	MULTISPECIES: phasin family protein
0.000238736623153	33	DNA topoisomerase VI subunit A
0.000238736623153	33	cation-transporting ATPase
0.000238736623153	33	MULTISPECIES: isochorismatase
0.000238736623153	33	ferrous iron transporter
0.000238736623153	33	dihydroorotase, partial
0.000238736623153	33	peptidase M48 family protein
0.000238736623153	33	rhodanese-related sulfurtransferase
0.000238736623153	33	MULTISPECIES: dihydropyrimidinase
0.000238736623153	33	efflux RND transporter periplasmic adaptor subunit, partial
0.000238736623153	33	7-keto-8-aminopelargonate synthetase-like enzyme
0.000238736623153	33	quinoprotein
0.000238736623153	33	MULTISPECIES: YbaB/EbfC family nucleoid-associated protein
0.000238736623153	33	polysaccharide pyruvyl transferase CsaB
0.000238736623153	33	DUF1150 domain-containing protein
0.000238736623153	33	O-acetylserine/cysteine exporter
0.000238736623153	33	N6 adenine-specific DNA methyltransferase
0.000238736623153	33	head-tail joining protein
0.000238736623153	33	EamA family transporter, partial
0.000238736623153	33	MULTISPECIES: DUF3109 domain-containing protein
0.000238736623153	33	MULTISPECIES: peptidase M50
0.000238736623153	33	SlyX family protein
0.000238736623153	33	plasma-membrane proton-efflux P-type ATPase
0.000238736623153	33	UDP-N-acetylglucosamine 4,6-dehydratase/5-epimerase
0.000238736623153	33	MULTISPECIES: ADP-L-glycero-D-mannoheptose-6-epimerase
0.000238736623153	33	Short chain fatty acid transporter
0.000238736623153	33	MULTISPECIES: ferredoxin:protochlorophyllide reductase (ATP-dependent) subunit N
0.000238736623153	33	collagen-binding protein, partial
0.000238736623153	33	replication endonuclease
0.000238736623153	33	phosphodiesterase/alkaline phosphatase D
0.000238736623153	33	carbon monoxide dehydrogenase small subunit
0.000238736623153	33	MULTISPECIES: desaturase
0.000238736623153	33	isocitrate dehydrogenase (NADP(+)), partial
0.000238736623153	33	isopropylmalate/homocitrate/citramalate synthase
0.000238736623153	33	MULTISPECIES: alkylphosphonate utilization protein
0.000238736623153	33	cag pathogenicity island protein Cag11
0.000238736623153	33	glucosyltransferase
0.000238736623153	33	Denitrification system component NirT
0.000238736623153	33	transcriptional regulator IlvY
0.000238736623153	33	peptidase M61, partial
0.000238736623153	33	MULTISPECIES: formyltransferase
0.000238736623153	33	MULTISPECIES: SET domain-containing protein-lysine N-methyltransferase
0.000238736623153	33	MULTISPECIES: redox-regulated molecular chaperone Hsp33
0.000238736623153	33	MULTISPECIES: BMC domain-containing protein
0.000238736623153	33	deoxynucleotide monophosphate kinase
0.000238736623153	33	DUF2116 family Zn-ribbon domain-containing protein
0.000238736623153	33	spore photoproduct lyase
0.000238736623153	33	serine phosphatase
0.000238736623153	33	IS66 family transposase, partial
0.000238736623153	33	Electron transport complex, RnfABCDGE type, B subunit
0.000238736623153	33	lipid A biosynthesis lauroyl (or palmitoleoyl) acyltransferase
0.000238736623153	33	nitrate/sulfite reductase
0.000238736623153	33	UvrABC system protein C
0.000238736623153	33	immunoglobulin I-set domain-containing protein
0.000238736623153	33	proteinase inhibitor I4 serpin
0.000238736623153	33	tRNA/rRNA methyltransferase (SpoU)
0.000238736623153	33	type III deoxyribonuclease
0.000238736623153	33	MULTISPECIES: tRNA methyltransferase
0.000238736623153	33	MULTISPECIES: 3-isopropylmalate dehydratase
0.000238736623153	33	MULTISPECIES: toxin HipA
0.000238736623153	33	chaperone TorD
0.000238736623153	33	winged helix DNA-binding domain-containing protein
0.000238736623153	33	MULTISPECIES: integral membrane protein
0.000238736623153	33	family 3 adenylate cyclase
0.000238736623153	33	DUF4907 domain-containing protein
0.000238736623153	33	TIGR02646 family protein
0.000238736623153	33	MULTISPECIES: malonic semialdehyde reductase
0.000238736623153	33	acetolactate synthase AlsS
0.000238736623153	33	EscT/YscT/HrcT family type III secretion system export apparatus protein
0.000238736623153	33	MULTISPECIES: hsp70 family protein
0.000238736623153	33	toluene tolerance family protein
0.000238736623153	33	glycoside hydrolase family 15
0.000238736623153	33	microcin B17 transporter
0.000238736623153	33	pyrimidine utilization protein A
0.000238736623153	33	lipolytic enzyme, G-D-S-L
0.000238736623153	33	D-glutamate deacylase
0.000238736623153	33	MULTISPECIES: EVE domain-containing protein
0.000238736623153	33	ATP-dependent serine protease
0.000238736623153	33	cyclic peptide transporter
0.000238736623153	33	2,3,4,5-tetrahydropyridine-2,6-carboxylate N-succinyltransferase
0.000238736623153	33	chlorophyll synthase ChlG
0.000238736623153	33	DUF4411 domain-containing protein
0.000238736623153	33	WalW protein
0.000238736623153	33	glycoside hydrolase 25
0.000238736623153	33	MULTISPECIES: altronate oxidoreductase
0.000238736623153	33	P-type conjugative transfer protein VirB9
0.000238736623153	33	MULTISPECIES: ATP-dependent RNA helicase DbpA
0.000238736623153	33	DoxX family protein, partial
0.000238736623153	33	cytochrome D oxidase subunit I
0.000238736623153	33	glucosamine-6-phosphate deaminase, partial
0.000238736623153	33	peptidase M36
0.000238736623153	33	Topoisomerase IV subunit A
0.000238736623153	33	MULTISPECIES: 5-aminolevulinate synthase
0.000238736623153	33	VWA domain-containing protein, partial
0.000238736623153	33	alpha-ribazole phosphatase
0.000238736623153	33	MULTISPECIES: kynureninase
0.000238736623153	33	plasmid mobilization relaxosome protein MobC
0.000238736623153	33	MULTISPECIES: pyrroloquinoline quinone precursor peptide PqqA
0.000238736623153	33	MULTISPECIES: bifunctional 1-(5-phosphoribosyl)-5-((5-phosphoribosylamino)methylideneamino)imidazole-4-carboxamide isomerase/phosphoribosylanthranilate isomerase PriA
0.000238736623153	33	translation initiation factor SUI1-related protein
0.000238736623153	33	MULTISPECIES: 2-hydroxy-3-oxopropionate reductase
0.000238736623153	33	transcription elongation factor
0.000238736623153	33	patatin domain-containing protein
0.000238736623153	33	glycosyltransferase group 2 family protein
0.000238736623153	33	DUF4328 domain-containing protein
0.000238736623153	33	chaperone protein DnaK
0.000238736623153	33	MULTISPECIES: YkgJ family cysteine cluster protein
0.000238736623153	33	signal peptidase
0.000231502180027	32	amine oxidoreductase
0.000231502180027	32	MULTISPECIES: D-amino acid dehydrogenase
0.000231502180027	32	RNP-1 like RNA-binding protein
0.000231502180027	32	MULTISPECIES: DUF2815 domain-containing protein
0.000231502180027	32	MULTISPECIES: lipid-transfer protein
0.000231502180027	32	ErfK/YbiS/YcfS/YnhG family protein
0.000231502180027	32	Kelch repeat type 1-containing protein
0.000231502180027	32	MULTISPECIES: GTP cyclohydrolase I FolE2
0.000231502180027	32	dihydrolipoyl dehydrogenase, partial
0.000231502180027	32	MULTISPECIES: maltose phosphorylase
0.000231502180027	32	MULTISPECIES: polyphosphate kinase 1
0.000231502180027	32	oligosaccharide repeat unit polymerase
0.000231502180027	32	MULTISPECIES: chromosome partitioning protein ParA
0.000231502180027	32	Cerebroside-sulfatase
0.000231502180027	32	MULTISPECIES: DUF86 domain-containing protein
0.000231502180027	32	MULTISPECIES: sodium:proton exchanger
0.000231502180027	32	DUF1674 domain-containing protein
0.000231502180027	32	DUF1828 domain-containing protein
0.000231502180027	32	long-chain acyl
0.000231502180027	32	MULTISPECIES: twin-arginine translocase subunit TatB
0.000231502180027	32	integral membrane regulatory protein
0.000231502180027	32	dihydrolipoamide dehydrogenase, partial
0.000231502180027	32	flagellar basal body P-ring protein
0.000231502180027	32	cytochrome c biogenesis protein CcmH
0.000231502180027	32	beta 1,4 glucosyltransferase
0.000231502180027	32	DUF1559 domain-containing protein
0.000231502180027	32	MULTISPECIES: DUF2892 domain-containing protein
0.000231502180027	32	integral membrane protein YggT, involved in response to extracytoplasmic stress (osmotic shock)
0.000231502180027	32	fimbrial assembly family protein
0.000231502180027	32	MULTISPECIES: DUF3427 domain-containing protein
0.000231502180027	32	cAMP-induced filamentation protein
0.000231502180027	32	MULTISPECIES: glycerate dehydrogenase
0.000231502180027	32	4-coumarate--CoA ligase family protein
0.000231502180027	32	serine/threonine phosphatase
0.000231502180027	32	MULTISPECIES: cell division protein FtsL
0.000231502180027	32	dipeptidyl-peptidase
0.000231502180027	32	electron transporter RnfC
0.000231502180027	32	DUF354 domain-containing protein
0.000231502180027	32	MULTISPECIES: DUF1376 domain-containing protein
0.000231502180027	32	histidinol-phosphate transaminase, partial
0.000231502180027	32	C-5 cytosine-specific DNA methylase
0.000231502180027	32	DUF1565 domain-containing protein
0.000231502180027	32	DNA-directed RNA polymerase
0.000231502180027	32	dTDP-4-dehydrorhamnose 35-epimerase related
0.000231502180027	32	DUF4421 domain-containing protein
0.000231502180027	32	YgeY family selenium metabolism-linked hydrolase
0.000231502180027	32	nucleotide-diphospho-sugar transferase
0.000231502180027	32	bifunctional sulfurtransferase/Rlu family pseudouridine synthase
0.000231502180027	32	Bpu10I family restriction endonuclease
0.000231502180027	32	flagellar modification protein B
0.000231502180027	32	acyl-CoA carboxylase subunit epsilon
0.000231502180027	32	helicase domain-containing protein
0.000231502180027	32	fumarate reductase flavoprotein subunit
0.000231502180027	32	invasion associated locus B family protein
0.000231502180027	32	CTP synthase (glutamine hydrolyzing)
0.000231502180027	32	carboxylic ester hydrolase
0.000231502180027	32	type V CRISPR-associated protein Cpf1
0.000231502180027	32	MULTISPECIES: Fe/S-dependent 2-methylisocitrate dehydratase AcnD
0.000231502180027	32	NAD(P)H-flavin reductase
0.000231502180027	32	histamine oxidase
0.000231502180027	32	glycine cleavage system aminomethyltransferase T, partial
0.000231502180027	32	MULTISPECIES: S-(hydroxymethyl)glutathione dehydrogenase
0.000231502180027	32	MULTISPECIES: pyruvate dehydrogenase
0.000231502180027	32	MULTISPECIES: exodeoxyribonuclease VII small subunit
0.000231502180027	32	MULTISPECIES: DUF2723 domain-containing protein
0.000231502180027	32	MULTISPECIES: cytochrome c family protein
0.000231502180027	32	DUF4329 domain-containing protein
0.000231502180027	32	PAS/PAC and GAF sensor-containing diguanylate cyclase/phosphodiesterase
0.000231502180027	32	phosphatidylserine decarboxylase, partial
0.000231502180027	32	calcium-translocating P-type ATPase, SERCA-type
0.000231502180027	32	ATP-dependent metallopeptidase HflB
0.000231502180027	32	MULTISPECIES: ornithine cyclodeaminase
0.000231502180027	32	MULTISPECIES: sterol desaturase
0.000231502180027	32	poly(3-hydroxyalkanoate) depolymerase
0.000231502180027	32	MULTISPECIES: DUF4177 domain-containing protein
0.000231502180027	32	CRISPR-associated endonuclease Cas1
0.000231502180027	32	DUF340 domain-containing protein
0.000231502180027	32	DUF4932 domain-containing protein
0.000231502180027	32	cytochrome C and quinol oxidase polypeptide I
0.000231502180027	32	intein-containing DNA gyrase subunit B
0.000231502180027	32	sec-independent protein translocase TatC
0.000231502180027	32	cytochrome c prime
0.000231502180027	32	Clp protease ClpA
0.000231502180027	32	GTP cyclohydrolase I FolE, partial
0.000231502180027	32	D-ribose transporter ATP-binding protein
0.000231502180027	32	MULTISPECIES: fatty-acid--CoA ligase
0.000231502180027	32	conjugal transfer protein TrbI
0.000231502180027	32	dCMP hydroxymethylase
0.000231502180027	32	MULTISPECIES: DUF3416 domain-containing protein
0.000231502180027	32	MULTISPECIES: L-fuconate dehydratase
0.000231502180027	32	MULTISPECIES: membrane-bound PQQ-dependent dehydrogenase, glucose/quinate/shikimate family
0.000231502180027	32	MULTISPECIES: 3-hydroxyanthranilate 3,4-dioxygenase
0.000231502180027	32	MULTISPECIES: type II toxin-antitoxin system mRNA interferase toxin, RelE/StbE family
0.000231502180027	32	DUF1997 domain-containing protein
0.000231502180027	32	glycosyltransferase-like protein
0.000231502180027	32	MULTISPECIES: tryptophan-rich sensory protein
0.000231502180027	32	putative potassium transport system protein kup
0.000231502180027	32	granule protein PhaP
0.000231502180027	32	alkaline invertase
0.000231502180027	32	pyruvate dehydrogenase E1
0.000231502180027	32	MULTISPECIES: peptide methionine sulfoxide reductase
0.000231502180027	32	MULTISPECIES: acylase
0.000231502180027	32	virulence factor family protein
0.000231502180027	32	proline/betaine ABC transporter permease ProW
0.000231502180027	32	methionine biosynthesis protein
0.000231502180027	32	MULTISPECIES: DUF3027 domain-containing protein
0.000231502180027	32	RNA polymerase, sigma 32 subunit, RpoH
0.000231502180027	32	MULTISPECIES: DUF2189 domain-containing protein
0.000231502180027	32	DNA-binding protein WhiA, partial
0.000231502180027	32	SIS domain-containing protein, partial
0.000231502180027	32	assimilatory nitrite reductase large subunit
0.000231502180027	32	DUF3955 domain-containing protein
0.000231502180027	32	MULTISPECIES: DUF2007 domain-containing protein
0.000231502180027	32	bile acid beta-glucosidase
0.000231502180027	32	MULTISPECIES: methionine aminotransferase
0.000231502180027	32	mobile mystery protein A
0.000231502180027	32	capsule biosynthesis protein CapK
0.000231502180027	32	pectin degradation protein
0.000231502180027	32	subtilase family protease
0.000231502180027	32	DNA-directed RNA polymerase subunit beta/beta'
0.000231502180027	32	DNA polymerase IV, partial
0.000231502180027	32	MULTISPECIES: DUF1343 domain-containing protein
0.000231502180027	32	MULTISPECIES: integron integrase
0.000231502180027	32	MULTISPECIES: flagellar M-ring protein FliF
0.000231502180027	32	type I-C CRISPR-associated protein Cas7/Csd2
0.000231502180027	32	DNA transfer protein p32
0.000231502180027	32	autotransporter domain-containing protein, partial
0.000231502180027	32	DNA-directed RNA polymerase subunit beta'', partial
0.000231502180027	32	MULTISPECIES: YbjN domain-containing protein
0.000231502180027	32	MULTISPECIES: DUF4062 domain-containing protein
0.000231502180027	32	muramidase (flagellum-specific)
0.000231502180027	32	MULTISPECIES: DUF1295 domain-containing protein
0.000231502180027	32	MULTISPECIES: outer membrane lipoprotein carrier protein LolA
0.000231502180027	32	HipA domain-containing protein
0.000224267736901	31	arginine transporter ATP-binding subunit
0.000224267736901	31	MULTISPECIES: malate synthase A
0.000224267736901	31	chromophore lyase
0.000224267736901	31	2,6-beta-D-fructofuranosidase
0.000224267736901	31	penicillin acylase
0.000224267736901	31	DUF2586 domain-containing protein
0.000224267736901	31	hydrogenase expression protein HypE
0.000224267736901	31	MULTISPECIES: phosphate starvation-inducible protein PhoH
0.000224267736901	31	2-deoxyglucose-6-phosphatase
0.000224267736901	31	sarcosine oxidase subunit delta family protein
0.000224267736901	31	MULTISPECIES: DUF3833 domain-containing protein
0.000224267736901	31	ribonucleotide-diphosphate reductase subunit alpha, partial
0.000224267736901	31	MULTISPECIES: acriflavine resistance protein B
0.000224267736901	31	MULTISPECIES: 2-methylaconitate cis-trans isomerase PrpF
0.000224267736901	31	MULTISPECIES: DUF2252 domain-containing protein
0.000224267736901	31	acyltransferase family protein
0.000224267736901	31	SLC5 family protein
0.000224267736901	31	MULTISPECIES: carboxylesterase/lipase family protein
0.000224267736901	31	dodecin domain-containing protein
0.000224267736901	31	MULTISPECIES: DUF1015 domain-containing protein
0.000224267736901	31	acetylserine transporter
0.000224267736901	31	Gcv operon activator
0.000224267736901	31	protein TolB
0.000224267736901	31	ATPase AAA, partial
0.000224267736901	31	cell division protease FtsH
0.000224267736901	31	MULTISPECIES: polyphosphate kinase
0.000224267736901	31	metal ABC transporter ATPase
0.000224267736901	31	esterase/lipase/thioesterase
0.000224267736901	31	putative ABC transporter ATP-binding protein
0.000224267736901	31	putative Arsenate (2+)-transporting ATPase
0.000224267736901	31	biofilm PGA synthesis protein PgaB
0.000224267736901	31	MULTISPECIES: alpha-N-arabinofuranosidase
0.000224267736901	31	nitroreductase, partial
0.000224267736901	31	Na+/H+-exchanging protein (Na+/H+ antiporter)
0.000224267736901	31	MULTISPECIES: S-methyl-5-thioribose-1-phosphate isomerase
0.000224267736901	31	MULTISPECIES: signal protein PDZ
0.000224267736901	31	WD-40 repeat protein
0.000224267736901	31	ERF superfamily protein
0.000224267736901	31	photosystem I reaction center subunit II
0.000224267736901	31	methyltetrahydrofolate cobalamin methyltransferase
0.000224267736901	31	MULTISPECIES: TerC family protein
0.000224267736901	31	cell wall-associated hydrolase invasion-associated protein
0.000224267736901	31	putative large multi-functional protein
0.000224267736901	31	alpha-2-macroglobulin domain-containing protein
0.000224267736901	31	4-hydroxybutyryl-CoA dehydratase
0.000224267736901	31	DUF2066 domain-containing protein
0.000224267736901	31	proteobacterial dedicated sortase system histidine kinase
0.000224267736901	31	DUF4251 domain-containing protein
0.000224267736901	31	D-xylose transporter subunit XylF
0.000224267736901	31	MULTISPECIES: diguanylate phosphodiesterase
0.000224267736901	31	high-affinity choline transporter BetT
0.000224267736901	31	DUF4035 domain-containing protein
0.000224267736901	31	MULTISPECIES: O-acetylhomoserine aminocarboxypropyltransferase/cysteine synthase
0.000224267736901	31	MULTISPECIES: translation repressor protein
0.000224267736901	31	RND efflux system outer membrane lipoprotein
0.000224267736901	31	thioester reductase
0.000224267736901	31	MULTISPECIES: salicylate 5-hydroxylase large oxygenase NagG
0.000224267736901	31	MULTISPECIES: ion transporter
0.000224267736901	31	tail-specific peptidase
0.000224267736901	31	iron-sulfur binding oxidoreductase
0.000224267736901	31	MULTISPECIES: family 2 glycosyl transferase
0.000224267736901	31	DNA polymerase V, subunit C
0.000224267736901	31	negative transcriptional regulator
0.000224267736901	31	peptidoglycan domain protein
0.000224267736901	31	Integrase catalytic region
0.000224267736901	31	aerotolerance operon
0.000224267736901	31	phage antirepressor
0.000224267736901	31	methionyl-tRNA formyltransferase, partial
0.000224267736901	31	hemolytic protein HlpA
0.000224267736901	31	flagellar hook protein 2
0.000224267736901	31	MULTISPECIES: DDE transposase
0.000224267736901	31	lipoxygenase
0.000224267736901	31	MULTISPECIES: nucleotide sugar epimerase
0.000224267736901	31	MULTISPECIES: 6-carboxytetrahydropterin synthase QueD
0.000224267736901	31	5'-3' exonuclease, partial
0.000224267736901	31	MULTISPECIES: gliding motility lipoprotein GldH
0.000224267736901	31	ISKra4 family transposase
0.000224267736901	31	hydrolase, partial
0.000224267736901	31	phosphomannomutase/phosphoglucomutase, partial
0.000224267736901	31	MULTISPECIES: dienelactone hydrolase
0.000224267736901	31	DUF1571 domain-containing protein
0.000224267736901	31	MULTISPECIES: bifunctional metallophosphatase/5'-nucleotidase
0.000224267736901	31	low temperature requirement protein A
0.000224267736901	31	6-chlorohydroxyquinol-1,2-dioxygenase, partial
0.000224267736901	31	MULTISPECIES: photosynthetic reaction center subunit M
0.000224267736901	31	lipoyl(octanoyl) transferase, partial
0.000224267736901	31	heme d1 biosynthesis radical SAM protein NirJ
0.000224267736901	31	ion transport 2 domain-containing protein
0.000224267736901	31	MULTISPECIES: DSBA oxidoreductase
0.000224267736901	31	alpha-acetolactate decarboxylase
0.000224267736901	31	pyocin R, lytic enzyme
0.000224267736901	31	cellulose synthase operon protein YhjQ
0.000224267736901	31	MULTISPECIES: flagellar basal body rod protein FlgF
0.000224267736901	31	phage virion morphogenesis protein
0.000224267736901	31	MULTISPECIES: UPF0365 family protein
0.000224267736901	31	cell surface protein SprA, partial
0.000224267736901	31	phage terminase large subunit (GpA)
0.000224267736901	31	peptidase U35 phage prohead HK97
0.000224267736901	31	dihydroorotate oxidase
0.000224267736901	31	LysR family transcriptional regulator ArgP
0.000224267736901	31	tRNA-guanine(34) transglycosylase, partial
0.000224267736901	31	itaconyl-CoA hydratase
0.000224267736901	31	type I 3-dehydroquinate dehydratase
0.000224267736901	31	MULTISPECIES: adenosine kinase
0.000224267736901	31	MULTISPECIES: capsular biosynthesis protein
0.000224267736901	31	MULTISPECIES: UDP-N-acetylglucosamine 2-epimerase (hydrolyzing)
0.000224267736901	31	conjugative transposon protein TraJ
0.000224267736901	31	DNA metabolism protein
0.000224267736901	31	ribonuclease inhibitor
0.000224267736901	31	aminotransferase class V
0.000224267736901	31	MULTISPECIES: Phasin (PHA-granule associated protein)
0.000224267736901	31	MULTISPECIES: nucleotide pyrophosphohydrolase
0.000224267736901	31	DUF2808 domain-containing protein
0.000224267736901	31	MULTISPECIES: nitrilotriacetate monooxygenase
0.000224267736901	31	DUF1367 domain-containing protein
0.000224267736901	31	3-ketosteroid dehydrogenase
0.000224267736901	31	MULTISPECIES: thioredoxin family protein
0.000224267736901	31	DUF1574 domain-containing protein
0.000224267736901	31	2,3-dihydroxyphenylpropionate 1,2-dioxygenase
0.000224267736901	31	voltage-gated sodium channel
0.000224267736901	31	MULTISPECIES: octanoyltransferase
0.000224267736901	31	steroid dehydrogenase
0.000224267736901	31	methylamine utilization protein MauG
0.000224267736901	31	filamin
0.000224267736901	31	3-oxoadipate--succinyl-CoA transferase subunit B
0.000224267736901	31	MULTISPECIES: squalene synthase HpnC
0.000224267736901	31	MULTISPECIES: DUF945 domain-containing protein
0.000224267736901	31	MULTISPECIES: DUF3039 domain-containing protein
0.000224267736901	31	IS3 family transposase ISMex37
0.000224267736901	31	MULTISPECIES: aspartyl-tRNA amidotransferase subunit B
0.000224267736901	31	pca operon transcription factor PcaQ
0.000224267736901	31	alpha-glucoside ABC transporter substrate-binding protein
0.000224267736901	31	ATP-sensitive inward rectifier potassium channel 10
0.000224267736901	31	MULTISPECIES: DUF3297 domain-containing protein
0.000224267736901	31	D-cysteine desulfhydrase family protein
0.000217033293775	30	lipid A phosphoethanolamine transferase
0.000217033293775	30	bifunctional o-acetylhomoserine/o-acetylserine sulfhydrylase, partial
0.000217033293775	30	acetyl-/propionyl-CoA carboxylase alpha chain
0.000217033293775	30	MULTISPECIES: AbrB/MazE/SpoVT family DNA-binding domain-containing protein
0.000217033293775	30	acyl CoA--acetate/3-ketoacid CoA transferase subunit alpha
0.000217033293775	30	DUF3530 domain-containing protein
0.000217033293775	30	alkaline phosphatase, partial
0.000217033293775	30	MULTISPECIES: acetyl-CoA C-acyltransferase FadA
0.000217033293775	30	ABC protease/lipase transporter ATPase/permease
0.000217033293775	30	antirestriction protein
0.000217033293775	30	head morphogenesis protein
0.000217033293775	30	MULTISPECIES: pilus assembly protein PilM
0.000217033293775	30	OstA family protein
0.000217033293775	30	glycosyl transferase group 2
0.000217033293775	30	FldA protein
0.000217033293775	30	leucine efflux protein
0.000217033293775	30	MULTISPECIES: cyclopropane-fatty-acyl-phospholipid synthase
0.000217033293775	30	DUF1926 domain-containing protein
0.000217033293775	30	FecR protein
0.000217033293775	30	MULTISPECIES: HslU--HslV peptidase proteolytic subunit
0.000217033293775	30	transcriptional regulator, IclR family protein
0.000217033293775	30	fimbrial protein pilin
0.000217033293775	30	MULTISPECIES: biotin synthase
0.000217033293775	30	DUF3086 domain-containing protein
0.000217033293775	30	MULTISPECIES: FkbM family methyltransferase
0.000217033293775	30	salicylate 5-hydroxylase large oxygenase component
0.000217033293775	30	electron transporter RnfG
0.000217033293775	30	lactonase
0.000217033293775	30	MULTISPECIES: ubiquinone biosynthesis protein UbiA
0.000217033293775	30	DUF3126 domain-containing protein
0.000217033293775	30	OHCU decarboxylase, partial
0.000217033293775	30	MULTISPECIES: prolyl aminopeptidase
0.000217033293775	30	MULTISPECIES: OmpW family protein
0.000217033293775	30	FG-GAP repeat-containing protein
0.000217033293775	30	selenium-binding protein
0.000217033293775	30	succinyl-diaminopimelate desuccinylase, partial
0.000217033293775	30	thiamine pyrophosphate-requiring enzyme
0.000217033293775	30	ERF superfamily
0.000217033293775	30	MULTISPECIES: galactarate dehydratase
0.000217033293775	30	ubiquinol cytochrome C oxidoreductase
0.000217033293775	30	MULTISPECIES: ribosomal RNA small subunit methyltransferase I
0.000217033293775	30	ATP synthase subunit E
0.000217033293775	30	imelysin
0.000217033293775	30	MULTISPECIES: Fe-S cluster assembly scaffold IscU
0.000217033293775	30	ketodeoxygluconokinase
0.000217033293775	30	SMC domain-containing protein
0.000217033293775	30	7-dehydrocholesterol reductase
0.000217033293775	30	multidrug DMT transporter
0.000217033293775	30	phosphoglycerate dehydrogenase, partial
0.000217033293775	30	MULTISPECIES: UDP-2-acetamido-2,6-dideoxy-beta-L-talose 4-dehydrogenase
0.000217033293775	30	GTP-binding protein LepA
0.000217033293775	30	glutathione synthetase
0.000217033293775	30	MULTISPECIES: PhnA protein
0.000217033293775	30	MULTISPECIES: N-acetylmuramic acid 6-phosphate etherase
0.000217033293775	30	protein nirF
0.000217033293775	30	MULTISPECIES: amino acid transporter
0.000217033293775	30	MULTISPECIES: pimeloyl-CoA dehydrogenase large subunit
0.000217033293775	30	S-adenosylhomocysteine deaminase
0.000217033293775	30	D-arabino-3-hexulose 6-phosphate formaldehyde lyase
0.000217033293775	30	diacylglycerol kinase catalytic subunit
0.000217033293775	30	L-arabinose ABC transporter ATP-binding protein AraG
0.000217033293775	30	alanine racemase, partial
0.000217033293775	30	restriction endonuclease, partial
0.000217033293775	30	general secretion pathway protein GspA
0.000217033293775	30	MULTISPECIES: L-glyceraldehyde 3-phosphate reductase
0.000217033293775	30	thioester reductase domain-containing protein
0.000217033293775	30	flagellar hook protein FliD
0.000217033293775	30	DNA maturase
0.000217033293775	30	chlorohydrolase
0.000217033293775	30	peptidase S51
0.000217033293775	30	MULTISPECIES: acyl-ACP desaturase
0.000217033293775	30	dibenzothiophene desulfurase
0.000217033293775	30	NnrU
0.000217033293775	30	MULTISPECIES: DUF3225 domain-containing protein
0.000217033293775	30	MULTISPECIES: cell division protein DedD
0.000217033293775	30	chromosomal replication initiation protein, partial
0.000217033293775	30	response regulator receiver modulated metal-depenent phosphohydrolase
0.000217033293775	30	MULTISPECIES: Trk system potassium transport protein TrkA
0.000217033293775	30	L-lysine dehydrogenase
0.000217033293775	30	MULTISPECIES: type II toxin-antitoxin system PemK/MazF family toxin
0.000217033293775	30	L-arabinose transporter ATP-binding protein
0.000217033293775	30	iron-sulfur containing oxygenase
0.000217033293775	30	copper ABC transporter substrate-binding protein
0.000217033293775	30	MULTISPECIES: autotransporter domain-containing protein
0.000217033293775	30	amino acid ABC transporter permease/ATP-binding protein
0.000217033293775	30	2-ketoisovalerate ferredoxin oxidoreductase subunit alpha
0.000217033293775	30	DUF2837 domain-containing protein
0.000217033293775	30	ECF subfamily RNA polymerase sigma-24 factor
0.000217033293775	30	MULTISPECIES: flagellar motor switch protein FliM
0.000217033293775	30	DUF1737 domain-containing protein
0.000217033293775	30	branched-chain amino acid transferase
0.000217033293775	30	DDE endonuclease
0.000217033293775	30	MULTISPECIES: DNA polymerase V subunit UmuC
0.000217033293775	30	MULTISPECIES: 5-methyltetrahydropteroyltriglutamate--homocysteine methyltransferase
0.000217033293775	30	lipid A phosphate methyltransferase
0.000217033293775	30	DNA gyrase/topoisomerase IV, A subunit
0.000217033293775	30	recombination protein NinB
0.000217033293775	30	hybrid glycoside hydrolase group 92(-20) family protein precursor
0.000217033293775	30	pili assembly chaperone
0.000217033293775	30	30S ribosomal protein S12, partial
0.000217033293775	30	MULTISPECIES: DUF2130 domain-containing protein
0.000217033293775	30	molybdopterin oxidoreductase, iron-sulfur binding subunit
0.000217033293775	30	phosphonate metabolism protein
0.000217033293775	30	HAMP domain-containing protein
0.000217033293775	30	Arc family DNA binding domain-containing protein
0.000217033293775	30	CdaR family transcriptional regulator
0.000217033293775	30	K+ channel inward rectifier domain-containing protein
0.000217033293775	30	methionine ABC transporter permease
0.000217033293775	30	amino acid aminotransferase
0.000217033293775	30	electron transfer flavoprotein subunit alpha, partial
0.000217033293775	30	glycerol uptake facilitator
0.000217033293775	30	IS1595 family transposase, partial
0.000217033293775	30	sulfurtransferase, partial
0.000217033293775	30	DNA repair nucleotidyltransferase
0.000217033293775	30	MULTISPECIES: 8-oxoguanine deaminase
0.000217033293775	30	cyclohexadienyl dehydratase
0.000217033293775	30	sodium ion-translocating decarboxylase subunit beta
0.000217033293775	30	conjugative transposon protein TraN
0.000217033293775	30	entericidin, EcnA/B family
0.000217033293775	30	DUF5011 domain-containing protein
0.000217033293775	30	DUF5106 domain-containing protein
0.000217033293775	30	MULTISPECIES: FKBP-type peptidyl-prolyl cis-trans isomerase
0.000217033293775	30	DUF4150 domain-containing protein
0.000217033293775	30	MULTISPECIES: DUF3237 domain-containing protein
0.000217033293775	30	ATP-dependent nuclease subunit B
0.000217033293775	30	Holliday junction branch migration DNA helicase RuvB, partial
0.000217033293775	30	Clp protease ClpC, partial
0.000217033293775	30	MULTISPECIES: peptidase S1
0.000217033293775	30	MULTISPECIES: RelE/ParE family toxin
0.000217033293775	30	copper resistance protein CopA
0.000217033293775	30	MULTISPECIES: CBS domain-containing protein
0.000217033293775	30	DUF839 domain-containing protein, partial
0.000217033293775	30	MULTISPECIES: ribulokinase
0.000217033293775	30	MULTISPECIES: virulence-associated protein E
0.000217033293775	30	UDP-N-acetylmuramoyl-L-alanine--D-glutamate ligase, partial
0.000217033293775	30	MULTISPECIES: ribonuclease E
0.000217033293775	30	MULTISPECIES: metal-binding protein
0.000217033293775	30	MULTISPECIES: geranylgeranyl pyrophosphate synthase
0.000217033293775	30	filamin-like protein
0.000217033293775	30	phage baseplate assembly protein V
0.000217033293775	30	phycocyanobilin:ferredoxin oxidoreductase
0.000217033293775	30	peptidase S16, lon domain-containing protein
0.000217033293775	30	4-hydroxy-tetrahydrodipicolinate reductase, partial
0.000217033293775	30	glycine/betaine ABC transporter ATPase
0.000217033293775	30	UV damage repair endonuclease
0.000217033293775	30	methyltransferase small domain protein
0.000217033293775	30	dTDP-4-dehydrorhamnose 3,5-epimerase, partial
0.000217033293775	30	GTP-binding protein TypA, partial
0.000217033293775	30	peptidylprolyl isomerase A
0.000217033293775	30	DUF1731 domain-containing protein
0.000217033293775	30	histidine phosphatase
0.000217033293775	30	lipase chaperone
0.00020979885065	29	GTPase HflX, partial
0.00020979885065	29	type III site-specific deoxyribonuclease
0.00020979885065	29	DUF1820 domain-containing protein
0.00020979885065	29	IPT/TIG domain protein
0.00020979885065	29	MULTISPECIES: nitroreductase family protein
0.00020979885065	29	dihydrolipoamide acetyltransferase component of pyruvate dehydrogenase complex
0.00020979885065	29	molybdopterin synthase catalytic subunit
0.00020979885065	29	MULTISPECIES: 16S rRNA pseudouridine(516) synthase
0.00020979885065	29	DUF4856 domain-containing protein
0.00020979885065	29	potassium transporter Kef
0.00020979885065	29	PAS
0.00020979885065	29	toxin ChpB
0.00020979885065	29	DUF4437 domain-containing protein
0.00020979885065	29	Type 4 pili biogenesis protein pilB (nuleotide-binding protein)
0.00020979885065	29	4-amino-4-deoxy-L-arabinose lipid A transferase
0.00020979885065	29	Zn-dependent exopeptidase M28
0.00020979885065	29	MULTISPECIES: chemotaxis protein CheR
0.00020979885065	29	MULTISPECIES: metalloprotease
0.00020979885065	29	nitrogen regulation protein NR(I), partial
0.00020979885065	29	putative BglB protein
0.00020979885065	29	molecular chaperone GroEL, partial
0.00020979885065	29	IS3 family transposase ISVsp13
0.00020979885065	29	pilus assembly protein CpaD
0.00020979885065	29	cysteine-type sulfatase aerobic maturase
0.00020979885065	29	NAD-dependent DNA ligase
0.00020979885065	29	nuclease PIN
0.00020979885065	29	cytosolic protein
0.00020979885065	29	aldo/keto reductase, partial
0.00020979885065	29	calcium-transporting P-type ATPase, PMR1-type
0.00020979885065	29	IS3 family transposase ISCc3
0.00020979885065	29	Ubiquinone biosynthesis hydroxylase, UbiH/UbiF/VisC/COQ6 family
0.00020979885065	29	REC domain-containing diguanylate cyclase
0.00020979885065	29	molecular chaperone GroES
0.00020979885065	29	2-octaprenylphenol hydroxylase
0.00020979885065	29	ubiquinol oxidase subunit II, cyanide insensitive
0.00020979885065	29	N-acetylglucosamine kinase-like protein
0.00020979885065	29	glycoside hydrolase family 57
0.00020979885065	29	DNA polymerase III, subunit gamma and tau, partial
0.00020979885065	29	Tol-Pal system protein TolB
0.00020979885065	29	type I-C CRISPR-associated protein Cas5
0.00020979885065	29	phosphopantetheinyl transferase
0.00020979885065	29	major intrinsic protein
0.00020979885065	29	MULTISPECIES: DUF808 domain-containing protein
0.00020979885065	29	MULTISPECIES: protein translocase subunit SecDF
0.00020979885065	29	DUF3598 domain-containing protein
0.00020979885065	29	NMT1/THI5 like domain-containing protein
0.00020979885065	29	MULTISPECIES: (2E,6E)-farnesyl diphosphate synthase
0.00020979885065	29	MULTISPECIES: ubiquinol-cytochrome C reductase
0.00020979885065	29	Sodium/calcium exchanger membrane region
0.00020979885065	29	DUF3768 domain-containing protein
0.00020979885065	29	DUF4360 domain-containing protein
0.00020979885065	29	MULTISPECIES: CoB--CoM heterodisulfide reductase
0.00020979885065	29	flagellar biosynthesis repressor FlbT
0.00020979885065	29	MULTISPECIES: magnesium/cobalt efflux protein
0.00020979885065	29	two-component system sensor histidine kinase
0.00020979885065	29	MULTISPECIES: carboxylate--amine ligase
0.00020979885065	29	MULTISPECIES: FABP family protein
0.00020979885065	29	MULTISPECIES: protein TolR
0.00020979885065	29	fused N-dimethylarginine dimethylaminohydrolase/saccharopine dehydrogenase domain-containing protein
0.00020979885065	29	ATP--cobalamin adenosyltransferase
0.00020979885065	29	MULTISPECIES: flagellar biosynthesis protein FlgA
0.00020979885065	29	amino acid permease, partial
0.00020979885065	29	formyl transferase domain-containing protein
0.00020979885065	29	MULTISPECIES: copper-binding protein
0.00020979885065	29	polyhydroxybutyrate depolymerase
0.00020979885065	29	MULTISPECIES: GTP cyclohydrolase
0.00020979885065	29	fructose-bisphosphatase class III
0.00020979885065	29	MULTISPECIES: hydroxymethylglutaryl-CoA reductase, degradative
0.00020979885065	29	DUF3142 domain-containing protein
0.00020979885065	29	MULTISPECIES: salicylyl-CoA 5-hydroxylase
0.00020979885065	29	preprotein translocase subunit SecY, partial
0.00020979885065	29	MULTISPECIES: copper chaperone PCu(A)C
0.00020979885065	29	ATP-dependent Clp protease ATP-binding protein, partial
0.00020979885065	29	type II secretion system protein M
0.00020979885065	29	DUF1636 domain-containing protein
0.00020979885065	29	MULTISPECIES: 3-oxoacyl-ACP synthase III
0.00020979885065	29	nitrogenase
0.00020979885065	29	peptidyl-dipeptidase Dcp1
0.00020979885065	29	MULTISPECIES: bifunctional hydroxymethylpyrimidine kinase/phosphomethylpyrimidine kinase
0.00020979885065	29	antitoxin of toxin-antitoxin stability system
0.00020979885065	29	3-oxoacyl-ACP synthase, partial
0.00020979885065	29	DUF3572 domain-containing protein
0.00020979885065	29	2-oxoisovalerate dehydrogenase subunit beta
0.00020979885065	29	phage tail sheath protein
0.00020979885065	29	glycosyl hydrolase family 109
0.00020979885065	29	inositol-phosphate phosphatase
0.00020979885065	29	DUF3431 domain-containing protein
0.00020979885065	29	MULTISPECIES: iron-sulfur cluster assembly scaffold protein
0.00020979885065	29	MULTISPECIES: sulfoxide reductase heme-binding subunit YedZ
0.00020979885065	29	Tellurite resistance protein TerB
0.00020979885065	29	hemin ABC transporter substrate-binding protein
0.00020979885065	29	MULTISPECIES: cytochrome c assembly protein
0.00020979885065	29	erythrulose kinase
0.00020979885065	29	allantoin permease, partial
0.00020979885065	29	proline-specific peptidase
0.00020979885065	29	MULTISPECIES: ATP-dependent DNA helicase RecQ
0.00020979885065	29	monoacylglycerol lipase
0.00020979885065	29	TraR/DksA family transcriptional regulator
0.00020979885065	29	methanol utilization control sensor protein MoxY
0.00020979885065	29	heavy metal translocating P-type ATPase, partial
0.00020979885065	29	prohead core protein
0.00020979885065	29	conjugal transfer protein TraA
0.00020979885065	29	2,5-didehydrogluconate reductase B
0.00020979885065	29	PTS glucose transporter subunit IIBC
0.00020979885065	29	glucosyltransferase I RfaG
0.00020979885065	29	40-residue YVTN family beta-propeller repeat protein
0.00020979885065	29	PhoH family protein, partial
0.00020979885065	29	type II secretory protein PulK
0.00020979885065	29	potassium transporter TrkA, partial
0.00020979885065	29	class III stress response-related ATPase, AAA+ superfamily
0.00020979885065	29	MULTISPECIES: DTW domain-containing protein
0.00020979885065	29	MULTISPECIES: magnesium-translocating P-type ATPase
0.00020979885065	29	class III aminotransferase
0.00020979885065	29	baseplate J protein
0.00020979885065	29	CAAX prenyl protease-related protein
0.00020979885065	29	isoprenyl transferase, partial
0.00020979885065	29	MULTISPECIES: glycine reductase
0.00020979885065	29	crystallin beta/gamma motif-containing protein
0.00020979885065	29	protein kinase, partial
0.00020979885065	29	capsule polysaccharide biosynthesis
0.00020979885065	29	late control protein
0.00020979885065	29	polynucleotide adenylyltransferase region
0.00020979885065	29	MULTISPECIES: antitoxin
0.00020979885065	29	MULTISPECIES: DUF4369 domain-containing protein
0.00020979885065	29	MULTISPECIES: MarR family EPS-associated transcriptional regulator
0.00020979885065	29	MULTISPECIES: N-methylhydantoinase A
0.00020979885065	29	spore cortex-lytic enzyme
0.00020979885065	29	putative hydrolase
0.00020979885065	29	NAD-dependent dehydratase, partial
0.00020979885065	29	putative esterase
0.00020979885065	29	peptidase M15A
0.00020979885065	29	MULTISPECIES: J domain-containing protein
0.00020979885065	29	filamentous hemagglutinin, partial
0.00020979885065	29	flavin-binding monooxygenase-like protein
0.00020979885065	29	MULTISPECIES: o-succinylbenzoate synthase
0.00020979885065	29	lipase, partial
0.00020979885065	29	MULTISPECIES: NAD-glutamate dehydrogenase
0.00020979885065	29	DUF1036 domain-containing protein
0.00020979885065	29	DUF2950 domain-containing protein
0.00020979885065	29	TIGR00296 family protein
0.00020979885065	29	D-aminopeptidase
0.00020979885065	29	putative Oxidoreductase, FAD-binding
0.00020979885065	29	putative porin
0.00020979885065	29	aminotransferase IV
0.00020979885065	29	quinol:cytochrome c oxidoreductase quinone-binding subunit 1
0.000202564407524	28	cell envelope biogenesis protein TolA
0.000202564407524	28	microcompartment protein
0.000202564407524	28	MULTISPECIES: DUF1456 domain-containing protein
0.000202564407524	28	MULTISPECIES: (Fe-S)-binding protein
0.000202564407524	28	chloromuconate cycloisomerase
0.000202564407524	28	putative ABC transporter permease protein
0.000202564407524	28	DUF3318 domain-containing protein
0.000202564407524	28	ethylammeline chlorohydrolase
0.000202564407524	28	ATPase/protein kinase
0.000202564407524	28	D-(-)-3-hydroxybutyrate oligomer hydrolase
0.000202564407524	28	MULTISPECIES: MoaD/ThiS family protein
0.000202564407524	28	outer membrane channel protein TolC
0.000202564407524	28	DUF4910 domain-containing protein
0.000202564407524	28	hydrolase 2, exosortase A system-associated
0.000202564407524	28	MULTISPECIES: pyruvate dehydrogenase complex E1 component subunit beta
0.000202564407524	28	MULTISPECIES: RNA-splicing ligase RtcB
0.000202564407524	28	NADPH--cytochrome P450 reductase
0.000202564407524	28	response regulator GlrR
0.000202564407524	28	family 3 glycosyl hydrolase
0.000202564407524	28	thiol:disulfide interchange protein DsbG
0.000202564407524	28	GMC family oxidoreductase, partial
0.000202564407524	28	flagellar biosynthesis protein FlgM
0.000202564407524	28	MULTISPECIES: carbon-phosphorus lyase complex subunit PhnI
0.000202564407524	28	antitermination factor NusG
0.000202564407524	28	MULTISPECIES: tRNA (uridine(54)-C5)-methyltransferase TrmA
0.000202564407524	28	putative 4-mercaptohistidine N1-methyltransferase
0.000202564407524	28	MULTISPECIES: DUF1738 domain-containing protein
0.000202564407524	28	CoA synthetase
0.000202564407524	28	MULTISPECIES: aromatic acid/H+ symport family MFS transporter
0.000202564407524	28	segregation protein B
0.000202564407524	28	nicotinamide mononucleotide adenylyltransferase
0.000202564407524	28	two component regulator
0.000202564407524	28	putative membrane protein
0.000202564407524	28	tryptophan/tyrosine permease
0.000202564407524	28	Electron transfer flavoprotein beta-subunit
0.000202564407524	28	UDP-2-acetamido-2,6-dideoxy-beta-L-talose 4-dehydrogenase
0.000202564407524	28	tripartite tricarboxylate transporter substrate-binding protein
0.000202564407524	28	MarC family transcriptional regulator
0.000202564407524	28	PFL family protein
0.000202564407524	28	putative cysteine synthase-like protein
0.000202564407524	28	tRNA-(m
0.000202564407524	28	5-keto-4-deoxyuronate isomerase
0.000202564407524	28	MULTISPECIES: 16S rRNA (guanine(966)-N(2))-methyltransferase RsmD
0.000202564407524	28	Terminase-like family protein
0.000202564407524	28	MULTISPECIES: chromosome partitioning protein
0.000202564407524	28	RNA polymerase sigma-24 subunit ECF subfamily
0.000202564407524	28	glutathione ABC transporter permease GsiD
0.000202564407524	28	DUF4307 domain-containing protein
0.000202564407524	28	prolyl endopeptidase
0.000202564407524	28	D-glycero-beta-D-manno-heptose 1,7-bisphosphate 7-phosphatase
0.000202564407524	28	cytosol nonspecific dipeptidase
0.000202564407524	28	4-aminobutyrate--2-oxoglutarate transaminase, partial
0.000202564407524	28	pyridoxal phosphate-dependent enzyme
0.000202564407524	28	quinohemoprotein ethanol dehydrogenase
0.000202564407524	28	transposase family protein
0.000202564407524	28	diguanylate cyclase/phosphodiesterase
0.000202564407524	28	inorganic polyphosphate/ATP-NAD kinase
0.000202564407524	28	electron transfer flavoprotein subunit alpha/FixB family protein, partial
0.000202564407524	28	multidrug RND transporter
0.000202564407524	28	heme oxygenase
0.000202564407524	28	ribosomal-protein-alanine acetyltransferase
0.000202564407524	28	MULTISPECIES: propionyl-CoA synthetase
0.000202564407524	28	intein-containing DNA gyrase subunit A
0.000202564407524	28	MULTISPECIES: ClpV1 family T6SS ATPase
0.000202564407524	28	glutaryl-CoA dehydrogenase
0.000202564407524	28	carbamoyl transferase NodU family
0.000202564407524	28	adenylate/guanylate cyclase with GAF sensor(s)
0.000202564407524	28	MULTISPECIES: cysteine dioxygenase
0.000202564407524	28	type VI secretion-associated protein
0.000202564407524	28	DUF3050 domain-containing protein, partial
0.000202564407524	28	thioesterase superfamily protein
0.000202564407524	28	erythronolide synthase
0.000202564407524	28	MULTISPECIES: glycogen debranching enzyme GlgX
0.000202564407524	28	cytochrome b/b6 domain-containing protein
0.000202564407524	28	MULTISPECIES: bifunctional aspartate kinase/homoserine dehydrogenase I
0.000202564407524	28	glycosyltransferase family 1 protein, partial
0.000202564407524	28	NADH dehydrogenase, partial
0.000202564407524	28	squalene/phytoene synthase family protein
0.000202564407524	28	band 7 domain-containing protein
0.000202564407524	28	DUF3120 domain-containing protein
0.000202564407524	28	CDP-glycerol--glycerophosphate glycerophosphotransferase
0.000202564407524	28	MULTISPECIES: alkyl hydroperoxide reductase
0.000202564407524	28	Apocarotenoid-15,15'-oxygenase
0.000202564407524	28	MULTISPECIES: DUF3460 domain-containing protein
0.000202564407524	28	MULTISPECIES: methanol dehydrogenase
0.000202564407524	28	hexosyltransferase
0.000202564407524	28	DUF3334 domain-containing protein
0.000202564407524	28	bifunctional indole-3-glycerol phosphate synthase/tryptophan synthase subunit beta
0.000202564407524	28	MULTISPECIES: Fe(2+)-trafficking protein
0.000202564407524	28	DUF4398 domain-containing protein
0.000202564407524	28	MULTISPECIES: sulfur oxidation c-type cytochrome SoxA
0.000202564407524	28	arogenate dehydrogenase
0.000202564407524	28	MULTISPECIES: aspartyl beta-hydroxylase
0.000202564407524	28	large conductance mechanosensitive channel protein MscL
0.000202564407524	28	phosphoethanolamine--lipid A transferase EptA
0.000202564407524	28	alanyl-tRNA editing protein
0.000202564407524	28	DUF2796 domain-containing protein
0.000202564407524	28	type I-E CRISPR-associated protein Cas7/Cse4/CasC
0.000202564407524	28	iron export ABC transporter permease subunit FetB
0.000202564407524	28	MULTISPECIES: N-formylglutamate amidohydrolase
0.000202564407524	28	TIGR04168 family protein
0.000202564407524	28	oligoendopeptidase F, partial
0.000202564407524	28	NADPH dependent quinone reductase
0.000202564407524	28	MULTISPECIES: L-asparaginase
0.000202564407524	28	PIN domain protein
0.000202564407524	28	2-keto-3-deoxy-galactonokinase
0.000202564407524	28	MULTISPECIES: elongation factor Tu, partial
0.000202564407524	28	XapX domain-containing protein
0.000202564407524	28	MULTISPECIES: peptidase S24
0.000202564407524	28	xylanase/chitin deacetylase
0.000202564407524	28	circadian clock protein KaiB
0.000202564407524	28	phosphotriesterase
0.000202564407524	28	MULTISPECIES: alpha-mannosyltransferase
0.000202564407524	28	DUF2842 domain-containing protein
0.000202564407524	28	NHLP bacteriocin system secretion protein
0.000202564407524	28	MULTISPECIES: sugar ABC transporter
0.000202564407524	28	MULTISPECIES: formate dehydrogenase subunit beta
0.000202564407524	28	DUF1439 domain-containing protein
0.000202564407524	28	DUF1648 domain-containing protein
0.000202564407524	28	DUF2292 domain-containing protein
0.000202564407524	28	helicase SNF
0.000202564407524	28	caudovirus prohead protease
0.000202564407524	28	protein ndvB
0.000202564407524	28	ribosome-associated GTPase EngA
0.000195329964398	27	adenine DNA methylase
0.000195329964398	27	helicase-like protein
0.000195329964398	27	MULTISPECIES: alpha-1,4-glucan--maltose-1-phosphate maltosyltransferase
0.000195329964398	27	asparagine synthase (glutamine-hydrolyzing), partial
0.000195329964398	27	DNA topoisomerase (ATP-hydrolyzing)
0.000195329964398	27	DUF3137 domain-containing protein
0.000195329964398	27	DUF2939 domain-containing protein
0.000195329964398	27	sigma factor
0.000195329964398	27	MULTISPECIES: CYTH domain-containing protein
0.000195329964398	27	MULTISPECIES: glycerol-3-phosphate transporter permease
0.000195329964398	27	type I-E CRISPR-associated protein Cse1/CasA
0.000195329964398	27	CRISPR-associated protein Cas4
0.000195329964398	27	rhodanese-like protein
0.000195329964398	27	exonuclease, partial
0.000195329964398	27	MULTISPECIES: N-acetylglucosamine kinase
0.000195329964398	27	UDP-N-acetylhexosamine pyrophosphorylase, partial
0.000195329964398	27	MmgE/PrpD
0.000195329964398	27	LlaJI family restriction endonuclease
0.000195329964398	27	acetolactate synthase 2 catalytic subunit
0.000195329964398	27	cytochrome o ubiquinol oxidase subunit IV
0.000195329964398	27	filamentous hemagglutinin-like protein
0.000195329964398	27	MULTISPECIES: general secretion pathway protein GspE
0.000195329964398	27	cytotoxic translational repressor of toxin-antitoxin stability system
0.000195329964398	27	MULTISPECIES: CHAP domain-containing protein
0.000195329964398	27	type IV secretion protein DotU
0.000195329964398	27	methane monooxygenase/ammonia monooxygenase subunit C
0.000195329964398	27	glycine oxidase
0.000195329964398	27	MULTISPECIES: sodium-dependent transporter
0.000195329964398	27	MULTISPECIES: urease accessory protein UreF
0.000195329964398	27	MULTISPECIES: phosphonate C-P lyase system protein PhnL
0.000195329964398	27	PpiC-type peptidyl-prolyl cis-trans isomerase
0.000195329964398	27	flagellar biosynthesis protein FlgG
0.000195329964398	27	cyanuric acid amidohydrolase
0.000195329964398	27	MULTISPECIES: photosystem I P700 chlorophyll a apoprotein A2
0.000195329964398	27	glutathionylspermidine synthase
0.000195329964398	27	MULTISPECIES: muropeptide MFS transporter AmpG
0.000195329964398	27	carbamoyl transferase
0.000195329964398	27	pullulanase
0.000195329964398	27	capsular polysaccharide biosynthesis protein CapA
0.000195329964398	27	MULTISPECIES: TROVE domain-containing protein
0.000195329964398	27	integrating conjugative element protein
0.000195329964398	27	N-acetylglucosamine-6-phosphate deacetylase, partial
0.000195329964398	27	MULTISPECIES: UDP-N-acetylmuramoylalanyl-D-glutamyl-2, 6-diaminopimelate--D-alanyl-D-alanine ligase
0.000195329964398	27	N-acylneuraminate cytidylyltransferase
0.000195329964398	27	MULTISPECIES: ferritin
0.000195329964398	27	maturase
0.000195329964398	27	DNA ligase I, ATP-dependent Dnl1
0.000195329964398	27	MULTISPECIES: BatB protein
0.000195329964398	27	MULTISPECIES: cation:proton antiporter
0.000195329964398	27	MULTISPECIES: DUF3800 domain-containing protein
0.000195329964398	27	MULTISPECIES: tRNA lysidine(34) synthetase TilS
0.000195329964398	27	molybdopterin biosynthesis protein MoeY
0.000195329964398	27	MULTISPECIES: NADPH-dependent 2,4-dienoyl-CoA reductase
0.000195329964398	27	3-hydroxypropionyl-CoA dehydratase
0.000195329964398	27	glycosyltransferase, partial
0.000195329964398	27	MULTISPECIES: HflK protein
0.000195329964398	27	MULTISPECIES: bifunctional heptose 7-phosphate kinase/heptose 1-phosphate adenyltransferase
0.000195329964398	27	epf adjacent protein
0.000195329964398	27	DUF2231 domain-containing protein
0.000195329964398	27	alpha,alpha-trehalase
0.000195329964398	27	MULTISPECIES: hydrolase Nlp/P60
0.000195329964398	27	sodium/glucose cotransporter
0.000195329964398	27	MULTISPECIES: acyclic terpene utilization AtuA family protein
0.000195329964398	27	MULTISPECIES: DUF4834 domain-containing protein
0.000195329964398	27	alkyl hydroperoxide reductase/ Thiol specific antioxidant/ Mal allergen
0.000195329964398	27	MULTISPECIES: preprotein translocase
0.000195329964398	27	DUF3326 domain-containing protein
0.000195329964398	27	MULTISPECIES: glyoxylate/hydroxypyruvate reductase A
0.000195329964398	27	lipoprotein bor
0.000195329964398	27	MULTISPECIES: nucleoid occlusion factor SlmA
0.000195329964398	27	glycosyltransferase group 1 family protein
0.000195329964398	27	MULTISPECIES: double-strand break repair helicase AddA
0.000195329964398	27	alpha/beta hydrolase domain-containing protein
0.000195329964398	27	4-phosphoerythronate dehydrogenase
0.000195329964398	27	calcium:proton antiporter
0.000195329964398	27	MULTISPECIES: ethanolamine ammonia-lyase
0.000195329964398	27	RHS repeat-associated core domain containing protein-containing protein
0.000195329964398	27	bestrophin
0.000195329964398	27	aluminum resistance family protein
0.000195329964398	27	DnaK suppressor protein
0.000195329964398	27	fatty oxidation complex subunit alpha
0.000195329964398	27	malonate decarboxylase subunit epsilon
0.000195329964398	27	ketoglutarate semialdehyde dehydrogenase
0.000195329964398	27	8-oxoguanine DNA glycosylase
0.000195329964398	27	transferase TIGR04331 family
0.000195329964398	27	Retaining alpha-galactosidase
0.000195329964398	27	MULTISPECIES: DUF541 domain-containing protein
0.000195329964398	27	ferredoxin-NADPH reductase
0.000195329964398	27	MULTISPECIES: primosomal replication protein N
0.000195329964398	27	MULTISPECIES: haloacid dehalogenase-like hydrolase
0.000195329964398	27	osmoprotectant NAGGN system M42 family peptidase
0.000195329964398	27	Tricarboxylate transport membrane protein TctA
0.000195329964398	27	polysaccharide biosynthesis protein, partial
0.000195329964398	27	GguC protein
0.000195329964398	27	cytochrome c biogenesis protein ResC
0.000195329964398	27	DNA topoisomerase I subunit omega
0.000195329964398	27	flagellar protein FlaG
0.000195329964398	27	type II restriction enzyme and methyltransferase subtype G
0.000195329964398	27	tail tube protein
0.000195329964398	27	EscD/YscD/HrpQ family type III secretion system inner membrane ring protein
0.000195329964398	27	ClbS/DfsB family four-helix bundle protein
0.000195329964398	27	maltose acetyltransferase
0.000195329964398	27	translation elongation factor EF-1 subunit alpha, partial
0.000195329964398	27	GDP-mannose-dependent alpha-(1-6)-phosphatidylinositol dimannoside mannosyltransferase
0.000195329964398	27	DUF1275 family protein
0.000195329964398	27	Ig domain-containing protein
0.000195329964398	27	phospholipase D
0.000195329964398	27	DNA-directed RNA polymerase beta'''' subunit
0.000195329964398	27	colanic acid exporter
0.000195329964398	27	conjugal transfer protein TraF
0.000195329964398	27	PAS domain S-box/diguanylate cyclase (GGDEF) domain-containing protein
0.000195329964398	27	S-layer domain-containing protein
0.000195329964398	27	glutathione ABC transporter substrate-binding protein
0.000195329964398	27	MULTISPECIES: peptidoglycan-binding protein LysM
0.000195329964398	27	SMC domain protein
0.000195329964398	27	peptidoglycan-binding domain 1 protein
0.000195329964398	27	MULTISPECIES: flagellar basal-body rod protein FlgG
0.000195329964398	27	tRNA-specific 2-thiouridylase
0.000195329964398	27	3-deoxy-7-phosphoheptulonate synthase class II, partial
0.000195329964398	27	photosystem II D2 protein
0.000195329964398	27	toxin-activating lysine-acyltransferase
0.000195329964398	27	DUF4272 domain-containing protein
0.000195329964398	27	3-deoxy-D-arabino-heptulosonate 7-phosphate synthase
0.000195329964398	27	exosortase system-associated protein, TIGR04073 family
0.000195329964398	27	pyrroloquinoline quinone biosynthesis protein PqqB, partial
0.000195329964398	27	alpha-(1-2)-phosphatidylinositol mannosyltransferase, partial
0.000195329964398	27	IS91 family transposase, partial
0.000195329964398	27	MULTISPECIES: ribosomal-protein-alanine N-acetyltransferase
0.000195329964398	27	serine hydroxymethyltransferase, partial
0.000195329964398	27	cytochrome C biogenesis protein CcsA
0.000195329964398	27	copper ABC transporter ATP-binding protein
0.000195329964398	27	Ti-type conjugative transfer relaxase TraA
0.000195329964398	27	SpoIID/LytB domain protein
0.000195329964398	27	MULTISPECIES: tRNA dimethylallyltransferase
0.000195329964398	27	amino acid ABC transporter substrate-bindnig protein
0.000195329964398	27	phage shock protein A
0.000195329964398	27	MULTISPECIES: glucose-methanol-choline oxidoreductase
0.000195329964398	27	HAAAP family serine/threonine permease
0.000195329964398	27	phage prohead protein
0.000195329964398	27	MULTISPECIES: methylmalonyl-CoA epimerase
0.000195329964398	27	MULTISPECIES: mevalonate kinase
0.000195329964398	27	MULTISPECIES: ribose ABC transporter substrate-binding protein
0.000195329964398	27	pyruvate/branched-chain alpha-keto acid dehydrogenase (E1) component, alpha and subunit beta
0.000195329964398	27	type I restriction endonuclease, partial
0.000195329964398	27	5'-nucleosidase
0.000195329964398	27	MULTISPECIES: cell wall hydrolase
0.000195329964398	27	molybdopterin dehydrogenase FAD-binding protein
0.000195329964398	27	SPY protein
0.000188095521272	26	MULTISPECIES: Tol-Pal system subunit TolQ
0.000188095521272	26	MraZ family transcriptional regulator
0.000188095521272	26	beta tubulin
0.000188095521272	26	CRISPR-associated endoribonuclease Cas6
0.000188095521272	26	DUF4314 domain-containing protein
0.000188095521272	26	MULTISPECIES: DUF1255 domain-containing protein
0.000188095521272	26	MULTISPECIES: penicillin-binding protein 1C
0.000188095521272	26	MULTISPECIES: GlsB/YeaQ/YmgE family stress response membrane protein
0.000188095521272	26	cobalamin biosynthesis protein CbiG
0.000188095521272	26	OsmC domain/YcaO domain-containing protein, partial
0.000188095521272	26	Green-light absorbing proteorhodopsin precursor
0.000188095521272	26	MULTISPECIES: DUF429 domain-containing protein
0.000188095521272	26	DUF3450 domain-containing protein
0.000188095521272	26	MULTISPECIES: NADPH-dependent oxidoreductase
0.000188095521272	26	TAT-dependent nitrous-oxide reductase
0.000188095521272	26	restriction endonuclease or methylase
0.000188095521272	26	MULTISPECIES: heparinase
0.000188095521272	26	DMT transporter permease
0.000188095521272	26	Eco29kI family restriction endonuclease
0.000188095521272	26	invasion-associated locus B family protein
0.000188095521272	26	ribosomal RNA small subunit methyltransferase G
0.000188095521272	26	TPR repeat protein
0.000188095521272	26	MULTISPECIES: lipopolysaccharide heptosyltransferase I
0.000188095521272	26	NADH-ubiquinone/plastoquinone oxidoreductase chain 6
0.000188095521272	26	RNA-binding S4 domain-containing protein
0.000188095521272	26	adenosine deaminase family protein
0.000188095521272	26	MULTISPECIES: arsenate reductase (glutaredoxin)
0.000188095521272	26	DUF5018 domain-containing protein
0.000188095521272	26	anti sigma-E protein RseA
0.000188095521272	26	branched-chain amino acid aminotransferase, partial
0.000188095521272	26	short-chain fatty acid transporter
0.000188095521272	26	poly-gamma-glutamate biosynthesis enzyme
0.000188095521272	26	MULTISPECIES: RNA polymerase subunit sigma-54
0.000188095521272	26	stress response protein
0.000188095521272	26	MULTISPECIES: DUF2244 domain-containing protein
0.000188095521272	26	selenoprotein O and cysteine-containing protein
0.000188095521272	26	TetR family transcriptional regulator, partial
0.000188095521272	26	hydroxyacid aldolase
0.000188095521272	26	DUF2179 domain-containing protein
0.000188095521272	26	colicin V production CvpA
0.000188095521272	26	peptigoglycan-binding protein LysM
0.000188095521272	26	glycine dehydrogenase, partial
0.000188095521272	26	CrcB family protein
0.000188095521272	26	V-type ATP synthase subunit A
0.000188095521272	26	SNARE associated protein
0.000188095521272	26	MULTISPECIES: conjugal transfer protein TraH
0.000188095521272	26	DUF2459 domain-containing protein
0.000188095521272	26	MULTISPECIES: laminin G
0.000188095521272	26	DUF1570 domain-containing protein
0.000188095521272	26	high-affinity branched-chain amino acid ABC transporter permease LivM
0.000188095521272	26	potassium:proton antiporter
0.000188095521272	26	P-type conjugative transfer ATPase TrbB
0.000188095521272	26	MULTISPECIES: carboxymuconolactone decarboxylase
0.000188095521272	26	MULTISPECIES: type III restriction enzyme, res subunit
0.000188095521272	26	23S rRNA (cytidine(2498)-2'-O)-methyltransferase RlmM
0.000188095521272	26	filamentous hemagglutinin protein
0.000188095521272	26	M28 family aminopeptidase
0.000188095521272	26	phycocyanin subunit beta
0.000188095521272	26	protein CrcB
0.000188095521272	26	lactaldehyde reductase
0.000188095521272	26	MULTISPECIES: glycosidase
0.000188095521272	26	putative dNTP triphosphohydrolase
0.000188095521272	26	MULTISPECIES: circadian clock protein KaiC
0.000188095521272	26	DUF323 domain-containing protein
0.000188095521272	26	VPLPA-CTERM-specific exosortase XrtD
0.000188095521272	26	MULTISPECIES: cobalt ABC transporter ATP-binding protein
0.000188095521272	26	pyruvate dehydrogenase E1 subunit alpha
0.000188095521272	26	multi-sensor signal transduction multi-kinase
0.000188095521272	26	Anti-ECFsigma factor, ChrR
0.000188095521272	26	TIGR03943 family protein
0.000188095521272	26	MULTISPECIES: DUF932 domain-containing protein
0.000188095521272	26	carbon dioxide transporter
0.000188095521272	26	DUF3084 domain-containing protein
0.000188095521272	26	MULTISPECIES: YHYH protein
0.000188095521272	26	MULTISPECIES: benzoyl-CoA 2,3-epoxidase subunit BoxA
0.000188095521272	26	rRNA maturation factor
0.000188095521272	26	MULTISPECIES: response regulator receiver
0.000188095521272	26	filamentation induced by cAMP protein Fic
0.000188095521272	26	thiamine-phosphate kinase, partial
0.000188095521272	26	l,D-transpeptidase YcbB
0.000188095521272	26	potassium transporter KefB
0.000188095521272	26	sarcosine oxidase subunit gamma
0.000188095521272	26	MULTISPECIES: aspartate ammonia-lyase
0.000188095521272	26	MULTISPECIES: FAD/NAD(P)-binding oxidoreductase
0.000188095521272	26	cyclic nucleotide-binding domain (cNMP-BD) protein
0.000188095521272	26	MULTISPECIES: heme exporter protein CcmB
0.000188095521272	26	MULTISPECIES: NADH dehydrogenase subunit N
0.000188095521272	26	FAD linked oxidase domain protein
0.000188095521272	26	50S ribosomal protein L9, partial
0.000188095521272	26	MULTISPECIES: 3-hydroxyisobutyryl-CoA hydrolase
0.000188095521272	26	SNF2-related protein
0.000188095521272	26	UbiD-like subunit of potential (de) carboxylase
0.000188095521272	26	decarboxylase UbiD
0.000188095521272	26	lipoprotein ABC transporter ATP-binding protein LolD
0.000188095521272	26	RNase H
0.000188095521272	26	folate/biopterin family MFS transporter
0.000188095521272	26	MULTISPECIES: flavin-dependent oxidoreductase
0.000188095521272	26	MazG nucleotide pyrophosphohydrolase
0.000188095521272	26	magnesium transporter MgtE
0.000188095521272	26	peptidase S41, partial
0.000188095521272	26	MULTISPECIES: (2Fe-2S) ferredoxin
0.000188095521272	26	exoribonuclease II
0.000188095521272	26	tail collar protein
0.000188095521272	26	antiporter
0.000188095521272	26	DcaP-like protein
0.000188095521272	26	DUF1835 domain-containing protein
0.000188095521272	26	bifunctional tRNA (adenosine(37)-N6)-threonylcarbamoyltransferase complex ATPase subunit type 1 TsaE/phosphotransferase
0.000188095521272	26	MULTISPECIES: heavy metal transporter
0.000188095521272	26	oxidoreductase Fe-S subunit
0.000188095521272	26	MULTISPECIES: cytosine deaminase
0.000188095521272	26	MULTISPECIES: cytochrome C oxidase Cbb3
0.000188095521272	26	MULTISPECIES: D-2-hydroxyacid dehydrogenase
0.000188095521272	26	glucosaminidase
0.000188095521272	26	GAF sensor signal transduction histidine kinase
0.000188095521272	26	amino acid regulated cytosolic protein
0.000188095521272	26	DUF3274 domain-containing protein
0.000188095521272	26	MULTISPECIES: photosynthetic reaction center subunit H
0.000188095521272	26	protein iolH
0.000188095521272	26	MULTISPECIES: 4-hydroxybenzoate polyprenyltransferase
0.000188095521272	26	dihydroorotate dehydrogenase (quinone), partial
0.000188095521272	26	phenol degradation protein
0.000188095521272	26	sulfatase-modifying factor domain-containing protein
0.000188095521272	26	ribonuclease, partial
0.000188095521272	26	poly-beta-1,6 N-acetyl-D-glucosamine export porin PgaA
0.000188095521272	26	NAD+ synthase, partial
0.000188095521272	26	MULTISPECIES: tungsten ABC transporter substrate-binding protein
0.000188095521272	26	bifunctional phosphopantothenoylcysteine decarboxylase/phosphopantothenate synthase
0.000188095521272	26	DUF790 domain-containing protein
0.000188095521272	26	trans-aconitate methyltransferase
0.000188095521272	26	MULTISPECIES: flagellar basal body rod protein FlgB
0.000188095521272	26	MULTISPECIES: sulfur oxidation c-type cytochrome SoxX
0.000188095521272	26	conjugal transfer protein TraH
0.000188095521272	26	5-methylcytosine-specific restriction endonuclease system specificity protein McrC
0.000188095521272	26	competence protein ComEC, partial
0.000188095521272	26	tetraacyldisaccharide 4'-kinase, partial
0.000188095521272	26	MULTISPECIES: DUF2256 domain-containing protein
0.000188095521272	26	endo-1,3-1,4-beta-glycanase ExsH
0.000188095521272	26	MULTISPECIES: DUF493 domain-containing protein
0.000188095521272	26	ArgP/LysG family DNA-binding transcriptional regulator
0.000188095521272	26	glycosyl hydrolase family 10
0.000188095521272	26	rare lipoprotein B precursor
0.000188095521272	26	gas vesicle protein
0.000188095521272	26	conjugative transposon protein TraK
0.000188095521272	26	DUF1269 domain-containing protein
0.000188095521272	26	TIGR04255 family protein
0.000188095521272	26	MULTISPECIES: propionyl-CoA carboxylase subunit beta
0.000188095521272	26	protein SanA
0.000188095521272	26	MULTISPECIES: dolichyl-phosphate-mannose--protein mannosyltransferase
0.000188095521272	26	cytochrome c biogenesis protein CcsB
0.000188095521272	26	MULTISPECIES: GNAT family acetyltransferase
0.000188095521272	26	cytochrome C biogenesis protein CcsB
0.000188095521272	26	exported exo-alpha-sialidase
0.000188095521272	26	DUF892 domain-containing protein
0.000188095521272	26	DUF3597 domain-containing protein
0.000188095521272	26	zinc protease
0.000188095521272	26	2-carboxy-1,4-naphthoquinone phytyltransferase
0.000188095521272	26	MULTISPECIES: nitrate transporter
0.000188095521272	26	lipid A export ATP-binding/permease protein MsbA
0.000188095521272	26	MULTISPECIES: N-carbamoylputrescine amidase
0.000188095521272	26	MULTISPECIES: isocitrate dehydrogenase, NADP-dependent
0.000188095521272	26	terminase small subunit protein
0.000188095521272	26	oligopeptide ABC transporter substrate-binding protein OppA
0.000188095521272	26	MULTISPECIES: molybdopterin synthase sulfur carrier subunit
0.000188095521272	26	transmembrane permease
0.000188095521272	26	ribose ABC transporter ATP-binding protein RbsA
0.000188095521272	26	methicillin resistance protein
0.000188095521272	26	Phyllosphere-induced regulator PhyR
0.000188095521272	26	MULTISPECIES: Vi polysaccharide biosynthesis protein VipB/TviC
0.000188095521272	26	MULTISPECIES: 30s ribosomal protein S12 methylthiotransferase accessory protein YcaO
0.000188095521272	26	glycosyl transferase family 2, partial
0.000188095521272	26	peptidase S33 family protein
0.000188095521272	26	restriction endonuclease subunit S, partial
0.000188095521272	26	MULTISPECIES: TauD/TfdA family dioxygenase
0.000188095521272	26	transcriptional antiterminator
0.000188095521272	26	DUF3027 domain-containing protein, partial
0.000188095521272	26	MULTISPECIES: dihydroorotate dehydrogenase
0.000188095521272	26	tol-pal system protein
0.000188095521272	26	DUF224 domain-containing protein
0.000188095521272	26	phosphoglycerate dehydrogenase family protein
0.000188095521272	26	MULTISPECIES: TRAP transporter permease DctQ
0.000188095521272	26	DUF707 domain-containing protein
0.000180861078146	25	DUF2589 domain-containing protein
0.000180861078146	25	ABC transporter family protein
0.000180861078146	25	MULTISPECIES: DUF2797 domain-containing protein
0.000180861078146	25	threonine aldolase, partial
0.000180861078146	25	MULTISPECIES: DinB family protein
0.000180861078146	25	MULTISPECIES: cytidyltransferase
0.000180861078146	25	arginyl-tRNA-protein transferase
0.000180861078146	25	maf protein
0.000180861078146	25	copper resistance protein
0.000180861078146	25	hemin transporter
0.000180861078146	25	nitrite reductase (NAD(P)H)
0.000180861078146	25	50S ribosomal protein L24, partial
0.000180861078146	25	MULTISPECIES: benzoate transporter
0.000180861078146	25	FemAB family protein
0.000180861078146	25	dihydrolipoyllysine acetyltransferase
0.000180861078146	25	DUF3298/DUF4163 domain-containing protein
0.000180861078146	25	selenoprotein
0.000180861078146	25	Puromycin resistance protein pur8
0.000180861078146	25	MULTISPECIES: mannose-1-phosphate guanylyltransferase
0.000180861078146	25	tRNA CCA-pyrophosphorylase
0.000180861078146	25	MaoC family protein
0.000180861078146	25	MULTISPECIES: bifunctional DNA primase/helicase
0.000180861078146	25	DUF4438 domain-containing protein
0.000180861078146	25	B-type flagellin
0.000180861078146	25	Kelch repeat-containing protein
0.000180861078146	25	UDP-N-acetylglucosamine acyltransferase
0.000180861078146	25	regulator of cell autolysis
0.000180861078146	25	MULTISPECIES: DUF3073 domain-containing protein
0.000180861078146	25	aspartate/glutamate racemase
0.000180861078146	25	DUF561 domain-containing protein
0.000180861078146	25	extracytoplasmic sigma factor ECF
0.000180861078146	25	type II/type IV pathway secretion protein
0.000180861078146	25	zinc peptidase
0.000180861078146	25	3-hydroxy-3-methylglutaryl-CoA reductase
0.000180861078146	25	flagellar biosynthesis protein FlgJ
0.000180861078146	25	tRNA (N6-isopentenyl adenosine(37)-C2)-methylthiotransferase MiaB, partial
0.000180861078146	25	MULTISPECIES: OstA-like protein
0.000180861078146	25	MULTISPECIES: ATP-dependent DNA helicase DinG
0.000180861078146	25	thiaminase II
0.000180861078146	25	MULTISPECIES: BrnT family toxin
0.000180861078146	25	TIGR00300 family protein
0.000180861078146	25	MULTISPECIES: 3-ketoacyl-CoA thiolase
0.000180861078146	25	DNA ligase B
0.000180861078146	25	LPS kinase
0.000180861078146	25	DUF1698 domain-containing protein
0.000180861078146	25	MULTISPECIES: RNA polymerase sigma factor RpoS
0.000180861078146	25	multiple sugar transporter permease
0.000180861078146	25	MULTISPECIES: winged helix-turn-helix domain-containing protein
0.000180861078146	25	PLP-dependent aminotransferase family protein, partial
0.000180861078146	25	Hsp33 protein
0.000180861078146	25	N-methylhydantoinase A
0.000180861078146	25	ethylmalonyl-CoA mutase
0.000180861078146	25	chloramphenicol hydrolase
0.000180861078146	25	MULTISPECIES: stomatin 2
0.000180861078146	25	proteasome protein
0.000180861078146	25	succinylglutamate desuccinylase/aspartoacylase
0.000180861078146	25	hydantoinase/oxoprolinase
0.000180861078146	25	L-fucose dehydrogenase
0.000180861078146	25	MULTISPECIES: CoA-transferase
0.000180861078146	25	MULTISPECIES: aliphatic sulfonates ABC transporter substrate-binding protein
0.000180861078146	25	putative MerR family transcriptional regulator
0.000180861078146	25	MULTISPECIES: Fe-S protein
0.000180861078146	25	myo-inositol-1-phosphate synthase
0.000180861078146	25	mammalian cell entry protein
0.000180861078146	25	glucuronyl hydrolase, partial
0.000180861078146	25	BatA protein
0.000180861078146	25	D-serine ammonia-lyase
0.000180861078146	25	UDP-N-acetylmuramoylalanyl-D-glutamyl-2,6-diaminopimelate--D-alanyl-D-alanyl ligase
0.000180861078146	25	MULTISPECIES: MexH family multidrug efflux RND transporter periplasmic adaptor subunit
0.000180861078146	25	bacteriophage tail sheath protein
0.000180861078146	25	DUF2806 domain-containing protein
0.000180861078146	25	bifunctional phosphopantothenoylcysteine decarboxylase/phosphopantothenate--cysteine ligase CoaBC, partial
0.000180861078146	25	phytoene/squalene synthase family protein
0.000180861078146	25	DUF4082 domain-containing protein
0.000180861078146	25	class C beta-lactamase
0.000180861078146	25	porphyrin biosynthesis protein
0.000180861078146	25	large, multifunctional secreted protein
0.000180861078146	25	iron ABC transporter permease, partial
0.000180861078146	25	prenyltransferase UbiA
0.000180861078146	25	putative competence protein ComEC
0.000180861078146	25	hydantoinase B/oxoprolinase
0.000180861078146	25	pyruvate, phosphate dikinase, partial
0.000180861078146	25	imidazole glycerol phosphate synthase subunit HisH, partial
0.000180861078146	25	MULTISPECIES: collagenase-like protease
0.000180861078146	25	major facilitator transporter
0.000180861078146	25	DUF1579 domain-containing protein
0.000180861078146	25	methanesulfonate monooxygenase
0.000180861078146	25	MULTISPECIES: 4,5-dihydroxyphthalate decarboxylase
0.000180861078146	25	3-deoxy-D-manno-octulosonic acid transferase, partial
0.000180861078146	25	methylaspartate mutase subunit E
0.000180861078146	25	PE-PPE domain-containing protein
0.000180861078146	25	acetylmuramidase
0.000180861078146	25	DUF1488 domain-containing protein
0.000180861078146	25	MULTISPECIES: ferredoxin family protein
0.000180861078146	25	xyloglucanase
0.000180861078146	25	cell filamentation protein
0.000180861078146	25	MULTISPECIES: helicase SNF2
0.000180861078146	25	aspartoacylase
0.000180861078146	25	cell wall-binding protein
0.000180861078146	25	MSEP-CTERM sorting domain-containing protein
0.000180861078146	25	TrwC protein
0.000180861078146	25	delta(24)-sterol C-methyltransferase
0.000180861078146	25	MULTISPECIES: cytochrome oxidase assembly protein
0.000180861078146	25	MULTISPECIES: flagellar motor switch protein FliN
0.000180861078146	25	MULTISPECIES: ferrous iron transport protein B
0.000180861078146	25	IS3 family transposase ISSpwi1
0.000180861078146	25	MULTISPECIES: myristoyl transferase
0.000180861078146	25	acyl-CoA--6-aminopenicillanic acid acyl-transferase
0.000180861078146	25	3-deoxy-D-manno-2-octulosonate transferase
0.000180861078146	25	MULTISPECIES: C-5 sterol desaturase
0.000180861078146	25	intein-containing tRNA-splicing ligase RtcB
0.000180861078146	25	monosaccharide-transporting ATPase
0.000180861078146	25	DUF3038 domain-containing protein
0.000180861078146	25	IS21 family transposase ISCsp4
0.000180861078146	25	GAF domain containing protein
0.000180861078146	25	MULTISPECIES: kinase
0.000180861078146	25	nitrogenase iron protein
0.000180861078146	25	MULTISPECIES: 6-pyruvoyl tetrahydrobiopterin synthase
0.000180861078146	25	MULTISPECIES: N4-gp56 family major capsid protein
0.000180861078146	25	copper-translocating P-type ATPase, partial
0.000180861078146	25	diguanylate cyclase AdrA
0.000180861078146	25	lipoyl synthase, partial
0.000180861078146	25	MULTISPECIES: mannonate dehydratase
0.000180861078146	25	HxlR family transcriptional regulator
0.000180861078146	25	MULTISPECIES: multidrug ABC transporter permease
0.000180861078146	25	cinA-like protein
0.000180861078146	25	fibronectin/fibrinogen-binding protein
0.000180861078146	25	pyrimidine utilization protein B
0.000180861078146	25	glutamate/aspartate transporter permease GltK
0.000180861078146	25	molybdenum ABC transporter ATPase
0.000180861078146	25	carboxysome shell protein
0.000180861078146	25	hemolysin D, partial
0.000180861078146	25	MULTISPECIES: B12-binding domain-containing radical SAM protein
0.000180861078146	25	MULTISPECIES: peptidase M19
0.000180861078146	25	DUF881 domain-containing protein
0.000180861078146	25	CTP synthase, partial
0.000180861078146	25	DUF2272 domain-containing protein
0.000180861078146	25	conserved repeat domain protein
0.000180861078146	25	tRNA (5-methylaminomethyl-2-thiouridylate)-methyltransferase
0.000180861078146	25	glycosyltransferase 9 family protein
0.000180861078146	25	MULTISPECIES: histone deacetylase family protein
0.000180861078146	25	hyaluronidase
0.000180861078146	25	MULTISPECIES: DUF4326 domain-containing protein
0.000180861078146	25	ArgR family transcriptional regulator
0.000180861078146	25	IS5 family transposase ISAba12
0.000180861078146	25	TIGR01620 family protein
0.000180861078146	25	pyruvate kinase, partial
0.000180861078146	25	bifunctional tRNA (adenosine(37)-N6)-threonylcarbamoyltransferase complex dimerization subunit type 1 TsaB/ribosomal protein alanine acetyltransferase RimI
0.000180861078146	25	sulfurtransferase FdhD, partial
0.000180861078146	25	acetyl-CoA carboxylase biotin carboxyl carrier protein subunit, partial
0.000180861078146	25	fatty acid oxidation complex alpha-subunit
0.000180861078146	25	restriction enzyme and N6 adenine-specific DNA methyltransferase
0.000180861078146	25	holin
0.000180861078146	25	Thiamin-regulated outer membrane receptor Omr1
0.00017362663502	24	MULTISPECIES: NDP-hexose 4-ketoreductase
0.00017362663502	24	flavin-binding protein
0.00017362663502	24	pectate lyase L precursor
0.00017362663502	24	MULTISPECIES: DNA gyrase inhibitor YacG
0.00017362663502	24	MULTISPECIES: sulfoacetaldehyde acetyltransferase
0.00017362663502	24	DUF2293 domain-containing protein
0.00017362663502	24	aspartyl/asparaginyl beta-hydroxylase
0.00017362663502	24	MULTISPECIES: 2-octaprenyl-3-methyl-6-methoxy-1,4-benzoquinol hydroxylase
0.00017362663502	24	MULTISPECIES: N-acetylneuraminate lyase
0.00017362663502	24	pyrroloquinoline quinone biosynthesis protein PqqF
0.00017362663502	24	limonene-1,2-epoxide hydrolase
0.00017362663502	24	DUF3228 domain-containing protein
0.00017362663502	24	ATP-dependent OLD family endonuclease
0.00017362663502	24	MULTISPECIES: chromosome condensation regulator RCC1
0.00017362663502	24	MULTISPECIES: phosphoglycerate mutase
0.00017362663502	24	MULTISPECIES: type II toxin-antitoxin system HicB family antitoxin
0.00017362663502	24	NADP-dependent succinic semialdehyde dehydrogenase
0.00017362663502	24	anthranilate 1,2-dioxygenase large subunit
0.00017362663502	24	teichoic acid transporter
0.00017362663502	24	MULTISPECIES: FHA domain-containing protein
0.00017362663502	24	iron reductase
0.00017362663502	24	RNA polymerase, sigma-24 subunit, ECF subfamily
0.00017362663502	24	pilus assembly protein PilE
0.00017362663502	24	MULTISPECIES: iron complex outermembrane receptor protein
0.00017362663502	24	tricarballylate utilization protein B
0.00017362663502	24	DUF4926 domain-containing protein
0.00017362663502	24	putative lipoprotein
0.00017362663502	24	beta-ketoadipyl CoA thiolase, partial
0.00017362663502	24	D-arabinose 5-phosphate isomerase
0.00017362663502	24	phage-related DNA-binding protein
0.00017362663502	24	MULTISPECIES: xanthine permease XanP
0.00017362663502	24	DUF1203 domain-containing protein
0.00017362663502	24	tRNA (cytidine(34)-2'-O)-methyltransferase
0.00017362663502	24	NADH-quinone oxidoreductase subunit N, partial
0.00017362663502	24	MULTISPECIES: outer membrane chaperone Skp
0.00017362663502	24	proline/glycine betaine ABC transporter ATP-binding protein
0.00017362663502	24	flagellar biosynthesis protein FlgB
0.00017362663502	24	MULTISPECIES: polynucleotide kinase
0.00017362663502	24	IS3 family transposase ISDvu2
0.00017362663502	24	DUF3611 domain-containing protein
0.00017362663502	24	2-oxoisovalerate dehydrogenase E1 component alpha and beta fusion
0.00017362663502	24	benzoylsuccinyl-CoA thiolase
0.00017362663502	24	MULTISPECIES: nucleoside hydrolase
0.00017362663502	24	FosX/FosE/FosI family fosfomycin resistance thiol transferase
0.00017362663502	24	type 1 secretion target domain-containing protein
0.00017362663502	24	DUF4377 domain-containing protein
0.00017362663502	24	MULTISPECIES: coniferyl aldehyde dehydrogenase
0.00017362663502	24	MULTISPECIES: DNA modification methylase
0.00017362663502	24	RHS repeat-associated core domain protein-containing protein
0.00017362663502	24	MULTISPECIES: DUF2063 domain-containing protein
0.00017362663502	24	PTS N-acetyl-D-glucosamine transporter
0.00017362663502	24	D-tagatose-bisphosphate aldolase, class II, non-catalytic subunit
0.00017362663502	24	xanthine permease
0.00017362663502	24	MULTISPECIES: nucleotidyl transferase
0.00017362663502	24	MULTISPECIES: methylated-DNA--protein-cysteine methyltransferase
0.00017362663502	24	DUF4381 domain-containing protein
0.00017362663502	24	N-acetyl-L-ornithine deacetylase
0.00017362663502	24	DUF736 domain-containing protein
0.00017362663502	24	MULTISPECIES: lipoate--protein ligase
0.00017362663502	24	MULTISPECIES: plasmid maintenance system killer protein
0.00017362663502	24	RRM3/PIF1 helicase-like protein
0.00017362663502	24	cytochrome C class I
0.00017362663502	24	recombinase RmuC
0.00017362663502	24	alpha-galactoside-binding protein
0.00017362663502	24	MULTISPECIES: DUF962 domain-containing protein
0.00017362663502	24	terminase B
0.00017362663502	24	acryloyl-CoA reductase
0.00017362663502	24	MULTISPECIES: ATP-dependent RNA helicase RhlB
0.00017362663502	24	MULTISPECIES: 2-dehydro-3-deoxyphosphooctonate aldolase
0.00017362663502	24	isochorismatase hydrolase
0.00017362663502	24	MULTISPECIES: urea ABC transporter permease subunit UrtC
0.00017362663502	24	2OG-Fe(II) oxygenase superfamily protein
0.00017362663502	24	sulfite reductase (ferredoxin)
0.00017362663502	24	NAD+ kinase
0.00017362663502	24	phage late control protein
0.00017362663502	24	NADH-quinone oxidoreductase subunit B 1
0.00017362663502	24	glucose-6-phosphate isomerase, partial
0.00017362663502	24	FlgN protein
0.00017362663502	24	MULTISPECIES: DNA polymerase III subunit gamma and tau
0.00017362663502	24	MULTISPECIES: iron donor protein CyaY
0.00017362663502	24	conserved domain protein
0.00017362663502	24	tonB-system energizer ExbB
0.00017362663502	24	pilus assembly protein PapC
0.00017362663502	24	Tfp pilus assembly protein FimV
0.00017362663502	24	umuC protein
0.00017362663502	24	DNA helicase II, partial
0.00017362663502	24	DUF1173 domain-containing protein
0.00017362663502	24	DUF3024 domain-containing protein
0.00017362663502	24	inovirus Gp2 family protein
0.00017362663502	24	sulfate ABC transporter permease
0.00017362663502	24	DUF1449 domain-containing protein
0.00017362663502	24	D-glycero-D-manno-heptose 1-phosphate guanosyltransferase
0.00017362663502	24	intein-containing adenosylcobalamin-dependent ribonucleoside-triphosphate reductase
0.00017362663502	24	MULTISPECIES: DUF4199 domain-containing protein
0.00017362663502	24	MULTISPECIES: gentisate 1,2-dioxygenase
0.00017362663502	24	RecG-like helicase
0.00017362663502	24	MULTISPECIES: glutaredoxin-like protein
0.00017362663502	24	cobalamin receptor
0.00017362663502	24	MULTISPECIES: molybdopterin synthase catalytic subunit
0.00017362663502	24	MULTISPECIES: TIGR01459 family HAD-type hydrolase
0.00017362663502	24	phycobiliprotein lyase
0.00017362663502	24	MULTISPECIES: tRNA pseudouridine synthase A
0.00017362663502	24	aminotransferase, partial
0.00017362663502	24	alpha,alpha-trehalose-phosphate synthase
0.00017362663502	24	polypeptide-transport-associated domain-containing protein
0.00017362663502	24	cellobiohydrolase
0.00017362663502	24	(S)-2-hydroxy-acid oxidase
0.00017362663502	24	exodeoxyribonuclease VII large subunit, partial
0.00017362663502	24	MULTISPECIES: baseplate assembly protein V
0.00017362663502	24	nucleoid-associated protein YejK
0.00017362663502	24	FeoB-associated Cys-rich membrane protein
0.00017362663502	24	hemolysin-type calcium-binding repeat family protein
0.00017362663502	24	formiminoglutamase
0.00017362663502	24	serine protease ClpP
0.00017362663502	24	MULTISPECIES: DUF1289 domain-containing protein
0.00017362663502	24	DUF1990 domain-containing protein
0.00017362663502	24	preprotein translocase subunit TatB
0.00017362663502	24	amino acid lyase
0.00017362663502	24	phage-shock protein
0.00017362663502	24	glycosyltransferase-like protein, family 2
0.00017362663502	24	adenylylsulfate kinase
0.00017362663502	24	MULTISPECIES: DUF1153 domain-containing protein
0.00017362663502	24	nicotinamide-nucleotide adenylyltransferase
0.00017362663502	24	OmpA-related protein
0.00017362663502	24	vitamin B12 ABC transporter B12-binding protein BtuF
0.00017362663502	24	MULTISPECIES: L-asparaginase 1
0.00017362663502	24	NADH dehydrogenase subunit D, partial
0.00017362663502	24	MULTISPECIES: daunorubicin/doxorubicin resistance ABC transporter ATP-binding protein DrrA
0.00017362663502	24	MULTISPECIES: NDMA-dependent alcohol dehydrogenase
0.00017362663502	24	flagellar filament protein
0.00017362663502	24	MULTISPECIES: zinc metalloprotease
0.00017362663502	24	3-methyladenine DNA glycosylase 2
0.00017362663502	24	type I-F CRISPR-associated protein Csy1
0.00017362663502	24	general secretion pathway protein N
0.00017362663502	24	NTP pyrophosphohydrolase
0.00017362663502	24	MULTISPECIES: AtzE family amidohydrolase
0.00017362663502	24	MULTISPECIES: FADH(2)-oxidizing methylenetetrahydrofolate--tRNA-(uracil(54)-C(5))-methyltransferase TrmFO
0.00017362663502	24	MULTISPECIES: magnesium protoporphyrin IX methyltransferase
0.00017362663502	24	transcriptional regulator FtrA
0.00017362663502	24	MULTISPECIES: L-threonylcarbamoyladenylate synthase
0.00017362663502	24	carbon-monoxide dehydrogenase catalytic subunit
0.00017362663502	24	DUF2027 domain-containing protein
0.00017362663502	24	LexA family transcriptional repressor
0.00017362663502	24	7,8-didemethyl-8-hydroxy-5-deazariboflavin synthase subunit CofG
0.00017362663502	24	outer membrane protein assembly factor BamA, partial
0.00017362663502	24	MULTISPECIES: type 1 glutamine amidotransferase domain-containing protein
0.00017362663502	24	fatty-acyl-CoA synthase
0.00017362663502	24	MULTISPECIES: pyruvate dehydrogenase complex dihydrolipoamide acetyltransferase
0.00017362663502	24	MULTISPECIES: DUF1449 domain-containing protein
0.00017362663502	24	MULTISPECIES: pyroglutamyl-peptidase I
0.00017362663502	24	MULTISPECIES: protein meaA
0.00017362663502	24	DUF98 domain-containing protein
0.00017362663502	24	MULTISPECIES: NAD(P)H:quinone oxidoreductase, type IV
0.00017362663502	24	MULTISPECIES: urease subunit beta
0.00017362663502	24	MULTISPECIES: TRAP transporter permease DctM
0.00017362663502	24	MULTISPECIES: NAD(P)H quinone oxidoreductase
0.00017362663502	24	MULTISPECIES: quinol:cytochrome C oxidoreductase
0.000166392191894	23	MULTISPECIES: polyphosphate:AMP phosphotransferase
0.000166392191894	23	oxoprolinase family protein
0.000166392191894	23	HtpX-2 peptidase
0.000166392191894	23	RecB family nuclease
0.000166392191894	23	MULTISPECIES: carbon storage regulator
0.000166392191894	23	riboflavin biosynthesis protein RibD, partial
0.000166392191894	23	isoaspartyl peptidase
0.000166392191894	23	4-hydroxyphenylpyruvate dioxygenase, partial
0.000166392191894	23	transporter RbsD/FucU
0.000166392191894	23	MBL fold/beta-CASP domain-containing RNA metallo-hydrolase
0.000166392191894	23	DUF3463 domain-containing protein
0.000166392191894	23	proton-translocating NADH-quinone oxidoreductase, chain N
0.000166392191894	23	GDP-6-deoxy-D-mannose reductase
0.000166392191894	23	MULTISPECIES: adenine methyltransferase
0.000166392191894	23	MULTISPECIES: autotransporter strand-loop-strand O-heptosyltransferase
0.000166392191894	23	Alginate lyase Sialidase, N-terminal domain-containing protein
0.000166392191894	23	MULTISPECIES: gluconate 2-dehydrogenase
0.000166392191894	23	theronine dehydrogenase
0.000166392191894	23	primosomal protein
0.000166392191894	23	phage tail sheath protein FI
0.000166392191894	23	aminodeoxychorismate synthase
0.000166392191894	23	putative ABC transporter, periplasmic ligand binding protein
0.000166392191894	23	MULTISPECIES: bifunctional 4-hydroxy-2-oxoglutarate aldolase/2-dehydro-3-deoxy-phosphogluconate aldolase
0.000166392191894	23	MULTISPECIES: 23S rRNA pseudouridine(1911/1915/1917) synthase
0.000166392191894	23	peptidase M10
0.000166392191894	23	MULTISPECIES: zinc-finger domain-containing protein
0.000166392191894	23	PTS glucose transporter subunit IIA
0.000166392191894	23	lactone hydrolase
0.000166392191894	23	oligopeptide ABC transporter ATP-binding protein
0.000166392191894	23	hydantoin utilization protein
0.000166392191894	23	MULTISPECIES: mannose-6-phosphate isomerase
0.000166392191894	23	MULTISPECIES: 3-oxoadipate CoA-transferase subunit B
0.000166392191894	23	acetyl-CoA carboxylase, carboxyltransferase component (subunits alpha and beta)
0.000166392191894	23	adenylosuccinate synthase, partial
0.000166392191894	23	DUF1517 domain-containing protein
0.000166392191894	23	outer membrane chaperone Skp (OmpH)
0.000166392191894	23	UPF0182 family protein, partial
0.000166392191894	23	ACP synthase
0.000166392191894	23	MULTISPECIES: 2-polyprenylphenol 6-hydroxylase
0.000166392191894	23	MULTISPECIES: DUF2971 domain-containing protein
0.000166392191894	23	peptidylprolyl isomerase FKBP-type
0.000166392191894	23	DNA mismatch repair protein MutH
0.000166392191894	23	damage-inducible protein, partial
0.000166392191894	23	YnbE family lipoprotein
0.000166392191894	23	MULTISPECIES: pyruvate carboxylase
0.000166392191894	23	phytase
0.000166392191894	23	MULTISPECIES: photosystem II D2 protein
0.000166392191894	23	glutathione ABC transporter substrate-binding protein GsiB
0.000166392191894	23	adenylyl cyclase
0.000166392191894	23	glycosyl hydrolase family 32 domain protein
0.000166392191894	23	DUF2959 domain-containing protein
0.000166392191894	23	photosystem I reaction center subunit IX
0.000166392191894	23	trehalose utilization protein
0.000166392191894	23	DUF4957 domain-containing protein
0.000166392191894	23	4-hydroxybenzoyl-CoA reductase subunit alpha
0.000166392191894	23	tetratricopeptide repeat family protein
0.000166392191894	23	modification methylase PaeR7I
0.000166392191894	23	MULTISPECIES: 23S rRNA (uridine(2552)-2'-O)-methyltransferase
0.000166392191894	23	periplasmic beta-glucosidase
0.000166392191894	23	16S rRNA (cytosine(1402)-N(4))-methyltransferase, partial
0.000166392191894	23	transcription initiation protein
0.000166392191894	23	3-hydroxyacyl-CoA dehydrogenase NAD-binding protein
0.000166392191894	23	4-cresol dehydrogenase
0.000166392191894	23	MULTISPECIES: catalase HPII
0.000166392191894	23	type IV secretion system ATPase VirB11
0.000166392191894	23	protein up-regulated by thyroid hormone-PQQ-dependent glucose dehydrogenase
0.000166392191894	23	ecotin
0.000166392191894	23	protocatechuate 4,5-dioxygenase beta chain
0.000166392191894	23	DEAD-like helicase
0.000166392191894	23	phosphotransferase enzyme family protein
0.000166392191894	23	MULTISPECIES: DUF4197 domain-containing protein
0.000166392191894	23	molybdopterin molybdenumtransferase MoeA, partial
0.000166392191894	23	MULTISPECIES: ADP-heptose synthase
0.000166392191894	23	D-beta-D-heptose 1-phosphate adenosyltransferase
0.000166392191894	23	granule-associated protein
0.000166392191894	23	CapA family protein
0.000166392191894	23	MULTISPECIES: D-inositol-3-phosphate glycosyltransferase
0.000166392191894	23	grasp-with-spasm system ATP-grasp peptide maturase
0.000166392191894	23	phage-related exonuclease
0.000166392191894	23	lipopolysaccharide kinase
0.000166392191894	23	threonine/homoserine exporter RhtA
0.000166392191894	23	MULTISPECIES: NADH dehydrogenase subunit L
0.000166392191894	23	O-linked N-acetylglucosamine transferase
0.000166392191894	23	N-acetylglucosamine transferase
0.000166392191894	23	cytochrome c oxidase subunit I, partial
0.000166392191894	23	arginase/agmatinase/formiminoglutamase
0.000166392191894	23	MULTISPECIES: hypoxanthine-guanine phosphoribosyltransferase
0.000166392191894	23	MULTISPECIES: stress response kinase A
0.000166392191894	23	carbohydrate-binding family 9-like protein
0.000166392191894	23	MULTISPECIES: heme ABC exporter ATP-binding protein CcmA
0.000166392191894	23	guanosine 5'-monophosphate oxidoreductase
0.000166392191894	23	bacillolysin family protein
0.000166392191894	23	NGG1p interacting factor 3 protein, NIF3
0.000166392191894	23	MULTISPECIES: DUF1013 domain-containing protein
0.000166392191894	23	phenylacetate-CoA oxygenase
0.000166392191894	23	MULTISPECIES: bifunctional prephenate dehydrogenase/3-phosphoshikimate 1-carboxyvinyltransferase
0.000166392191894	23	inosine 5-monophosphate dehydrogenase
0.000166392191894	23	heme biosynthesis operon protein HemX
0.000166392191894	23	DUF1937 domain-containing protein
0.000166392191894	23	poly(R)-hydroxyalkanoic acid synthase
0.000166392191894	23	multidrug transporter AcrB, partial
0.000166392191894	23	protein NinG
0.000166392191894	23	MULTISPECIES: ribosomal-protein-alanine N-acetyltransferase RimI
0.000166392191894	23	delta-9 desaturase
0.000166392191894	23	peptidase S1 and S6
0.000166392191894	23	MULTISPECIES: outer membrane protein assembly factor
0.000166392191894	23	MULTISPECIES: DUF3987 domain-containing protein
0.000166392191894	23	grasp-with-spasm system SPASM domain peptide maturase
0.000166392191894	23	tetratricopeptide tpr_1 repeat-containing protein
0.000166392191894	23	NagM
0.000166392191894	23	TonB-dependent receptor-like protein
0.000166392191894	23	DUF4184 domain-containing protein
0.000166392191894	23	NADH dehydrogenase subunit E
0.000166392191894	23	GlnR family transcriptional regulator
0.000166392191894	23	major tropism determinant
0.000166392191894	23	zinc import ATP-binding protein ZnuC
0.000166392191894	23	stage V sporulation protein R
0.000166392191894	23	sensor protein KdpD
0.000166392191894	23	CopY family transcriptional repressor
0.000166392191894	23	exodeoxyribonuclease III, partial
0.000166392191894	23	MULTISPECIES: Putative sugar kinase
0.000166392191894	23	MULTISPECIES: prevent-host-death family protein
0.000166392191894	23	MULTISPECIES: gliding motility protein GldL
0.000166392191894	23	MULTISPECIES: heat-shock protein Hsp20
0.000166392191894	23	MULTISPECIES: L-arabinose isomerase
0.000166392191894	23	DUF4385 domain-containing protein
0.000166392191894	23	xanthine/uracil family permease NCS2 family
0.000166392191894	23	DNA helicase UvrD, partial
0.000166392191894	23	UDP-sugar pyrophosphorylase
0.000166392191894	23	DUF4192 domain-containing protein
0.000166392191894	23	MULTISPECIES: acyl-phosphate glycerol 3-phosphate acyltransferase
0.000166392191894	23	head-tail adaptor
0.000166392191894	23	MULTISPECIES: Fe(3+) ABC transporter substrate-binding protein
0.000166392191894	23	capsule assembly Wzi family protein
0.000166392191894	23	carbon monoxide dehydrogenase subunit G
0.000166392191894	23	replication protein A
0.000166392191894	23	DUF2313 domain-containing protein
0.000166392191894	23	type 1 fimbrial protein
0.000166392191894	23	D-galactonate dehydratase
0.000166392191894	23	N-acetyl-beta-hexosaminidase
0.000166392191894	23	MULTISPECIES: nitrogen regulatory protein P-II
0.000166392191894	23	MULTISPECIES: ketosteroid isomerase
0.000166392191894	23	MULTISPECIES: DUF4442 domain-containing protein
0.000166392191894	23	MULTISPECIES: homogentisate 1,2-dioxygenase
0.000166392191894	23	MULTISPECIES: DUF393 domain-containing protein
0.000166392191894	23	mannanase
0.000166392191894	23	MULTISPECIES: type III PLP-dependent enzyme
0.000166392191894	23	Putative transferase
0.000166392191894	23	mobilization protein, partial
0.000166392191894	23	NHLP family bacteriocin export ABC transporter permease/ATPase subunit
0.000166392191894	23	long-chain fatty acid ABC transporter
0.000166392191894	23	curli production assembly/transport component CsgG
0.000166392191894	23	Essential recombination function protein
0.000166392191894	23	glutamate synthase subunit alpha, partial
0.000166392191894	23	phytase esterase
0.000166392191894	23	UDP-glucose--tetrahydrobiopterin glucosyltransferase
0.000166392191894	23	fumarate lyase
0.000166392191894	23	aldehyde dehydrogenase (NAD) family protein
0.000166392191894	23	thiamine ABC transporter permease
0.000166392191894	23	MULTISPECIES: 3-hydroxyacyl
0.000166392191894	23	MULTISPECIES: acetyl-CoA carboxylase
0.000166392191894	23	flavocytochrome c
0.000166392191894	23	MULTISPECIES: cobyric acid synthase CobQ
0.000166392191894	23	enoyl-ACP reductase, partial
0.000166392191894	23	MULTISPECIES: murein L,D-transpeptidase
0.000166392191894	23	ribonuclease R, partial
0.000166392191894	23	MULTISPECIES: IS481 family transposase
0.000166392191894	23	MULTISPECIES: ATP-dependent endonuclease
0.000166392191894	23	fpp1 protein
0.000166392191894	23	homoserine O-acetyltransferase, partial
0.000166392191894	23	Photosystem I reaction center subunit II
0.000166392191894	23	type IIA DNA topoisomerase subunit B, partial
0.000166392191894	23	MULTISPECIES: chlorophyllide reductase subunit Y
0.000166392191894	23	betaine-aldehyde dehydrogenase, partial
0.000166392191894	23	cell envelope biogenesis protein OmpA, partial
0.000166392191894	23	proximal rod protein
0.000166392191894	23	DUF2281 domain-containing protein
0.000166392191894	23	MULTISPECIES: activator of HSP90 ATPase
0.000166392191894	23	MULTISPECIES: nicotinate-nucleotide adenylyltransferase
0.000166392191894	23	MULTISPECIES: phosphate/phosphite/phosphonate ABC transporter substrate-binding protein
0.000166392191894	23	MULTISPECIES: AP2 domain-containing protein
0.000166392191894	23	sodium:phosphate symporter
0.000159157748769	22	ATP-dependent DNA helicase, partial
0.000159157748769	22	type II DNA modification enzyme
0.000159157748769	22	phycocyanin subunit alpha
0.000159157748769	22	DUF1282 domain-containing protein
0.000159157748769	22	phage DNA packaging protein GP2
0.000159157748769	22	MULTISPECIES: DUF4115 domain-containing protein
0.000159157748769	22	MULTISPECIES: alginate export family protein
0.000159157748769	22	DNA phosphorothioation-associated methyltransferase
0.000159157748769	22	tRNA dihydrouridine synthase DusC
0.000159157748769	22	DNA repair protein RadA, partial
0.000159157748769	22	MULTISPECIES: SGNH/GDSL hydrolase family protein
0.000159157748769	22	MULTISPECIES: S-adenosylmethionine-dependent methyltransferase
0.000159157748769	22	DUF523 domain-containing protein
0.000159157748769	22	tRNA (cmo5U34)-methyltransferase
0.000159157748769	22	methylaspartate mutase
0.000159157748769	22	MULTISPECIES: aconitate hydratase 1
0.000159157748769	22	MULTISPECIES: pyrroloquinoline quinone biosynthesis protein C
0.000159157748769	22	MULTISPECIES: pyrroloquinoline quinone biosynthesis protein B
0.000159157748769	22	sodium:pantothenate symporter
0.000159157748769	22	AMP-ligase
0.000159157748769	22	phosphopyruvate hydratase, partial
0.000159157748769	22	MULTISPECIES: DUF2789 domain-containing protein
0.000159157748769	22	MULTISPECIES: 2-keto-4-pentenoate hydratase
0.000159157748769	22	curlin
0.000159157748769	22	MULTISPECIES: 4-oxalocrotonate tautomerase
0.000159157748769	22	membrane protein insertase YidC, partial
0.000159157748769	22	type III restriction enzyme
0.000159157748769	22	class II fructose-bisphosphate aldolase, partial
0.000159157748769	22	hydroxyacid oxidoreductase
0.000159157748769	22	MULTISPECIES: alpha-ketoglutarate dehydrogenase
0.000159157748769	22	TraY domain-containing protein
0.000159157748769	22	SDR family oxidoreductase, partial
0.000159157748769	22	MlrC domain protein
0.000159157748769	22	MULTISPECIES: EAL domain-containing protein
0.000159157748769	22	cyclopentanol dehydrogenase
0.000159157748769	22	MULTISPECIES: flavocytochrome C
0.000159157748769	22	guanylyl cyclase
0.000159157748769	22	DUF1700 domain-containing protein
0.000159157748769	22	MULTISPECIES: urea ABC transporter ATP-binding protein UrtD
0.000159157748769	22	peptidase M12
0.000159157748769	22	site-specific recombinase phage integrase
0.000159157748769	22	tRNA uridine 5-carboxymethylaminomethyl modification enzyme GidA
0.000159157748769	22	thrombospondin type 3 repeat-containing protein
0.000159157748769	22	lysin
0.000159157748769	22	MULTISPECIES: phenylacetate-CoA oxygenase subunit PaaJ
0.000159157748769	22	PqqD family protein
0.000159157748769	22	MULTISPECIES: phosphonate C-P lyase system protein PhnK
0.000159157748769	22	PAS/PAC sensor-containing diguanylate cyclase
0.000159157748769	22	putative protease
0.000159157748769	22	TIGR03792 family protein
0.000159157748769	22	hydrogenase 4 subunit F
0.000159157748769	22	dihydromonapterin reductase
0.000159157748769	22	MULTISPECIES: cobaltochelatase subunit CobT
0.000159157748769	22	methenyltetrahydrofolate cyclohydrolase
0.000159157748769	22	peptide chain release factor 3, partial
0.000159157748769	22	DNA/RNA endonuclease
0.000159157748769	22	exodeoxyribonuclease V subunit beta, partial
0.000159157748769	22	P-type conjugative transfer protein TrbG
0.000159157748769	22	3-demethylubiquinone-9 3-O-methyltransferase
0.000159157748769	22	autotransporter protein
0.000159157748769	22	MULTISPECIES: heme biosynthesis protein HemY
0.000159157748769	22	subtype I-C CRISPR-associated endonuclease Cas1
0.000159157748769	22	MULTISPECIES: DUF1794 domain-containing protein
0.000159157748769	22	subtype I-E CRISPR-associated endonuclease Cas1
0.000159157748769	22	MULTISPECIES: GTP-binding protein TypA
0.000159157748769	22	pimeloyl-CoA synthetase
0.000159157748769	22	photosystem I reaction center subunit XII
0.000159157748769	22	MULTISPECIES: HPP family protein
0.000159157748769	22	MULTISPECIES: undecaprenyl-phosphate alpha-N-acetylglucosaminyl 1-phosphate transferase
0.000159157748769	22	global nitrogen regulator NtcA
0.000159157748769	22	MULTISPECIES: oligoendopeptidase F
0.000159157748769	22	potassium ABC transporter ATPase
0.000159157748769	22	MULTISPECIES: tail protein
0.000159157748769	22	carboxysome shell carbonic anhydrase
0.000159157748769	22	putative helicase
0.000159157748769	22	MULTISPECIES: DUF488 domain-containing protein
0.000159157748769	22	sigma-54 factor interaction domain-containing protein
0.000159157748769	22	MULTISPECIES: SRPBCC family protein
0.000159157748769	22	MULTISPECIES: DNA processing protein DprA
0.000159157748769	22	NinG protein
0.000159157748769	22	DUF3683 domain-containing protein
0.000159157748769	22	MULTISPECIES: type II toxin-antitoxin system antitoxin, RelB/DinJ family
0.000159157748769	22	terminase GpA
0.000159157748769	22	argininosuccinate lyase, partial
0.000159157748769	22	D-beta-D-heptose 1-phosphate adenylyltransferase
0.000159157748769	22	endoribonuclease YbeY
0.000159157748769	22	adventurous gliding motility protein U
0.000159157748769	22	serine hydrolase, partial
0.000159157748769	22	deoxyribodipyrimidine photo-lyase, partial
0.000159157748769	22	general secretion pathway protein GspH
0.000159157748769	22	dipeptidylaminopeptidase/acylaminoacyl-peptidase -like protein
0.000159157748769	22	MULTISPECIES: putative methylase/helicase
0.000159157748769	22	DnaJ family protein
0.000159157748769	22	DUF4303 domain-containing protein
0.000159157748769	22	C factor
0.000159157748769	22	DUF5060 domain-containing protein
0.000159157748769	22	maltodextrin glucosidase
0.000159157748769	22	colicin transporter
0.000159157748769	22	MULTISPECIES: cytochrome c biogenesis protein CcdA
0.000159157748769	22	3-carboxyethylcatechol 2,3-dioxygenase
0.000159157748769	22	MULTISPECIES: D-hexose-6-phosphate mutarotase
0.000159157748769	22	methionine--tRNA ligase subunit beta
0.000159157748769	22	DUF2931 domain-containing protein
0.000159157748769	22	DUF3373 domain-containing protein
0.000159157748769	22	MULTISPECIES: sn-glycerol-3-phosphate ABC transporter substrate-binding protein
0.000159157748769	22	IS5 family transposase ISMae4
0.000159157748769	22	cell division protein FtsK, partial
0.000159157748769	22	conjugal transfer protein TrbF
0.000159157748769	22	hydrolase of the alpha/beta superfamily
0.000159157748769	22	RNA polymerase factor sigma-70
0.000159157748769	22	MULTISPECIES: autoinducer 2 ABC transporter substrate-binding protein
0.000159157748769	22	MULTISPECIES: type II secretion system protein
0.000159157748769	22	MULTISPECIES: pilus assembly protein
0.000159157748769	22	DUF1902 domain-containing protein
0.000159157748769	22	galactose-binding domain-containing concanavalin A-like glucanase
0.000159157748769	22	ring-cleavage extradiol dioxygenase
0.000159157748769	22	MULTISPECIES: DUF501 domain-containing protein
0.000159157748769	22	MULTISPECIES: malonyl-CoA decarboxylase
0.000159157748769	22	3-hydroxy-5-phosphonooxypentane-2,4-dione thiolase LsrF
0.000159157748769	22	MULTISPECIES: toxic anion resistance protein
0.000159157748769	22	histidinol phosphate aminotransferase
0.000159157748769	22	Cys/Met metabolism pyridoxal-phosphate-dependent protein
0.000159157748769	22	MULTISPECIES: M18 family aminopeptidase
0.000159157748769	22	carbohydrate ABC transporter permease, partial
0.000159157748769	22	serine/threonine-protein kinase pkn1
0.000159157748769	22	alpha-E domain-containing protein, partial
0.000159157748769	22	DNA helicase PcrA, partial
0.000159157748769	22	ADP compounds hydrolase NudE
0.000159157748769	22	allantoinase, partial
0.000159157748769	22	Mg chelatase subunit ChlI
0.000159157748769	22	conjugal transfer protein TraI
0.000159157748769	22	conjugal transfer protein TraE
0.000159157748769	22	conjugal transfer protein TraB
0.000159157748769	22	30S ribosomal protein Ycf65
0.000159157748769	22	cAMP-binding protein
0.000159157748769	22	glycerol-3-phosphate dehydrogenase, partial
0.000159157748769	22	glycosyl hydrolase family 17
0.000159157748769	22	scaffolding protein D
0.000159157748769	22	endonuclease, partial
0.000159157748769	22	cell division protein FstK
0.000159157748769	22	type III-B CRISPR module RAMP protein Cmr4
0.000159157748769	22	catalase-peroxidase, partial
0.000159157748769	22	DUF4101 domain-containing protein
0.000159157748769	22	MULTISPECIES: sodium:dicarboxylate symporter
0.000159157748769	22	Fe-S cluster assembly protein SufB, partial
0.000159157748769	22	MULTISPECIES: type II citrate synthase
0.000159157748769	22	MULTISPECIES: spore maturation protein
0.000159157748769	22	4-hydroxyphenylacetate isomerase
0.000159157748769	22	RNA methylase
0.000159157748769	22	dithiol-disulfide isomerase
0.000159157748769	22	30S ribosomal protein S5 alanine N-acetyltransferase
0.000159157748769	22	methylase, partial
0.000159157748769	22	MULTISPECIES: lipopolysaccharide heptosyltransferase II
0.000159157748769	22	bifunctional alanine racemase/tRNA (adenosine(37)-N6)-threonylcarbamoyltransferase complex ATPase subunit type 1 TsaE
0.000159157748769	22	cytochrome Cbb3
0.000159157748769	22	MULTISPECIES: Fe-S metabolism protein SufE
0.000159157748769	22	molybdopterin biosynthesis protein MoaE
0.000159157748769	22	activase
0.000159157748769	22	cytochrome biogenesis protein
0.000159157748769	22	MULTISPECIES: non-canonical purine NTP pyrophosphatase, RdgB/HAM1 family
0.000159157748769	22	putative glycoside hydrolase
0.000159157748769	22	pyrroloquinoline quinone biosynthesis protein PqqC, partial
0.000159157748769	22	DUF21 domain-containing protein
0.000159157748769	22	MULTISPECIES: glycerophosphoryl diester phosphodiesterase
0.000159157748769	22	TSCPD domain-containing protein
0.000159157748769	22	MULTISPECIES: pyrroloquinoline quinone biosynthesis protein PqqE
0.000159157748769	22	sensor protein
0.000159157748769	22	MULTISPECIES: tRNA-dihydrouridine synthase C
0.000159157748769	22	membrane protein FxsA
0.000159157748769	22	MULTISPECIES: cell filamentation protein Fic
0.000159157748769	22	KpsF/GutQ family sugar-phosphate isomerase, partial
0.000159157748769	22	gamma-carotene hydroxylase
0.000159157748769	22	MULTISPECIES: alanine transaminase
0.000159157748769	22	MULTISPECIES: 1-aminocyclopropane-1-carboxylate deaminase
0.000159157748769	22	DNA-directed RNA polymerase subunit alpha, partial
0.000159157748769	22	PrkA serine protein kinase
0.000159157748769	22	APC family permease, partial
0.000159157748769	22	DUF2894 domain-containing protein
0.000159157748769	22	acyl-CoA hydratase
0.000159157748769	22	MULTISPECIES: glycine zipper 2TM domain-containing protein
0.000159157748769	22	C50 carotenoid epsilon cyclase
0.000159157748769	22	MULTISPECIES: DUF5131 domain-containing protein
0.000159157748769	22	potassium transporter Kup, partial
0.000159157748769	22	glycoside hydrolase family 25
0.000159157748769	22	NADH-ubiquinone oxidoreductase chain H
0.000159157748769	22	UDP-glucuronate decarboxylase
0.000159157748769	22	MULTISPECIES: glycerol-3-phosphate transporter membrane protein
0.000159157748769	22	2,3-dehydroadipyl-CoA hydratase
0.000159157748769	22	M4 thermolysin family metalloprotease precursor
0.000159157748769	22	MULTISPECIES: type IV secretion protein Rhs
0.000159157748769	22	malate transporter
0.000159157748769	22	aromatic alcohol reductase
0.000159157748769	22	MULTISPECIES: proline dehydrogenase
0.000159157748769	22	MULTISPECIES: haloalkane dehalogenase
0.000159157748769	22	TonB system transport protein ExbD
0.000159157748769	22	MULTISPECIES: copper homeostasis protein CutC
0.000159157748769	22	TIGR00303 family protein
0.000159157748769	22	N-acetylglutaminylglutamine synthetase
0.000159157748769	22	sulfatase domain-containing protein
0.000159157748769	22	SinI family restriction endonuclease
0.000159157748769	22	serine proteinase
0.000159157748769	22	two-component system response regulator QseB
0.000159157748769	22	glycosyl hydrolase 32 domain-containing protein
0.000151923305643	21	voltage-gated potassium channel
0.000151923305643	21	peptidase M49
0.000151923305643	21	DUF3182 domain-containing protein
0.000151923305643	21	gamma-carboxygeranoyl-CoA hydratase
0.000151923305643	21	resolvase, partial
0.000151923305643	21	polyhydroxyalkanoic acid synthase
0.000151923305643	21	membrane metalloprotease
0.000151923305643	21	glycoside hydrolase family 33, candidate sialidase
0.000151923305643	21	MULTISPECIES: sugar-binding protein
0.000151923305643	21	DUF2214 domain-containing protein
0.000151923305643	21	peptide ABC transporter substrate-binding protein, partial
0.000151923305643	21	cobaltochelatase
0.000151923305643	21	putative lipid II flippase FtsW, partial
0.000151923305643	21	choline ABC transporter permease
0.000151923305643	21	CDP-diglyceride synthetase
0.000151923305643	21	nitrate/nitrite two-component system sensor histidine kinase
0.000151923305643	21	nodulation protein NoeA
0.000151923305643	21	3' terminal RNA ribose 2'-O-methyltransferase Hen1
0.000151923305643	21	MULTISPECIES: aldose 1-epimerase
0.000151923305643	21	MULTISPECIES: peptide ABC transporter
0.000151923305643	21	DUF2300 domain-containing protein
0.000151923305643	21	peptidoglycan-binding domain-containing protein
0.000151923305643	21	2-oxoglutarate ferredoxin oxidoreductase subunit alpha
0.000151923305643	21	D-serine/D-alanine/glycine transporter
0.000151923305643	21	Methyl-accepting chemotaxis protein 4
0.000151923305643	21	pterin dehydratase
0.000151923305643	21	secreted protein containing DUF1549, partial
0.000151923305643	21	glycosyl transferase group 1 protein
0.000151923305643	21	MULTISPECIES: nitrate reductase subunit beta
0.000151923305643	21	riboflavin synthase subunit beta
0.000151923305643	21	putative cytosine deaminase
0.000151923305643	21	MULTISPECIES: luciferase family oxidoreductase
0.000151923305643	21	cytochrome P450, partial
0.000151923305643	21	DNA-3-methyladenine glycosylase 2
0.000151923305643	21	Lys protein
0.000151923305643	21	catalase/hydroperoxidase HPI(I)
0.000151923305643	21	DUF4133 domain-containing protein
0.000151923305643	21	type I-D CRISPR-associated protein Cas7/Csc2
0.000151923305643	21	DNA repair ATPase
0.000151923305643	21	peptidase S1, partial
0.000151923305643	21	MULTISPECIES: aminodeoxychorismate synthase, component I
0.000151923305643	21	MULTISPECIES: Vi polysaccharide biosynthesis protein VipA/TviB
0.000151923305643	21	rhamnose:proton symporter
0.000151923305643	21	MULTISPECIES: epoxyqueuosine reductase
0.000151923305643	21	MULTISPECIES: conjugal transfer protein TraN
0.000151923305643	21	nitrogen fixation protein NifA
0.000151923305643	21	cell division protein MraZ
0.000151923305643	21	MULTISPECIES: receptor
0.000151923305643	21	MULTISPECIES: glucose dehydrogenase
0.000151923305643	21	phospho-sugar mutase, partial
0.000151923305643	21	MULTISPECIES: DNA helicase Rep
0.000151923305643	21	serine 3-dehydrogenase
0.000151923305643	21	two-component histidine kinase
0.000151923305643	21	formate--tetrahydrofolate ligase, partial
0.000151923305643	21	3-hydroxy-5-phosphonooxypentane-2,4-dione thiolase LsrF, partial
0.000151923305643	21	MULTISPECIES: flagellar hook-basal body complex protein FliE
0.000151923305643	21	DUF4240 domain-containing protein
0.000151923305643	21	molybdopterin biosynthesis protein MoeZ
0.000151923305643	21	MltA
0.000151923305643	21	all-trans-retinol 13,14-reductase
0.000151923305643	21	bacteriophage TerL protein
0.000151923305643	21	energy-coupling factor transporter ATPase
0.000151923305643	21	MULTISPECIES: methionine ABC transporter ATP-binding protein
0.000151923305643	21	DUF3782 domain-containing protein
0.000151923305643	21	DUF1995 domain-containing protein
0.000151923305643	21	arginine--tRNA ligase, partial
0.000151923305643	21	cofactor assembly of complex C subunit B
0.000151923305643	21	bifunctional indole-3-glycerol phosphate synthase/phosphoribosylanthranilate isomerase
0.000151923305643	21	acetoin catabolism protein AcoX
0.000151923305643	21	alpha-1,4-N-acetylgalactosamine transferase
0.000151923305643	21	MULTISPECIES: NAD(P)H-hydrate dehydratase
0.000151923305643	21	mannan endo-1,4-beta-mannosidase
0.000151923305643	21	cytochrome C554
0.000151923305643	21	carbohydrate-binding domain-containing protein
0.000151923305643	21	DUF2242 domain-containing protein
0.000151923305643	21	amino-acid racemase
0.000151923305643	21	DNA lyase
0.000151923305643	21	pilus assembly protein PapD
0.000151923305643	21	glycoside hydrolase family 88 protein, partial
0.000151923305643	21	nucleoid occlusion protein
0.000151923305643	21	DUF3606 domain-containing protein
0.000151923305643	21	protocatechuate 4,5-dioxygenase subunit beta
0.000151923305643	21	MULTISPECIES: cysteine methyltransferase
0.000151923305643	21	adventurous gliding motility protein R
0.000151923305643	21	DNA repair helicase
0.000151923305643	21	MULTISPECIES: curli production assembly protein CsgG
0.000151923305643	21	DUF1772 domain-containing protein
0.000151923305643	21	MULTISPECIES: cytochrome c biogenesis protein ResC
0.000151923305643	21	autotransporter strand-loop-strand O-heptosyltransferase, partial
0.000151923305643	21	MULTISPECIES: D-glycero-beta-D-manno-heptose-7-phosphate kinase
0.000151923305643	21	MULTISPECIES: cobalamin-binding protein
0.000151923305643	21	MULTISPECIES: TIGR00266 family protein
0.000151923305643	21	50S ribosomal protein L7/L12, partial
0.000151923305643	21	maltose ABC transporter substrate-binding protein MalE
0.000151923305643	21	peptidase M14 carboxypeptidase A
0.000151923305643	21	DUF3054 domain-containing protein
0.000151923305643	21	glutamate-1-semialdehyde aminotransferase-like protein
0.000151923305643	21	MULTISPECIES: zinc-binding alcohol dehydrogenase family protein
0.000151923305643	21	EtfB protein
0.000151923305643	21	Clp protease adaptor protein ClpS
0.000151923305643	21	ribosome small subunit-dependent GTPase
0.000151923305643	21	IS4 family transposase ISMae7
0.000151923305643	21	alpha-L-glycero-D-manno-heptose alpha-1,3-glucosyltransferase
0.000151923305643	21	MULTISPECIES: polysaccharide pyruvyl transferase family protein
0.000151923305643	21	PA14 domain protein
0.000151923305643	21	G5 domain-containing protein
0.000151923305643	21	MULTISPECIES: glutamine cyclotransferase
0.000151923305643	21	DUF1016 domain-containing protein, partial
0.000151923305643	21	MULTISPECIES: stress response serine/threonine protein kinase YihE
0.000151923305643	21	DUF2937 domain-containing protein
0.000151923305643	21	ubiquinone biosynthesis protein UbiB, partial
0.000151923305643	21	formate C-acetyltransferase/glycerol dehydratase family glycyl radical enzyme
0.000151923305643	21	MULTISPECIES: tautomerase family protein
0.000151923305643	21	DUF4166 domain-containing protein
0.000151923305643	21	alpha,alpha-phosphotrehalase
0.000151923305643	21	type IV secretion protein Rhs, partial
0.000151923305643	21	LicD family protein
0.000151923305643	21	MULTISPECIES: damage-inducible protein CinA
0.000151923305643	21	photosystem II assembly protein
0.000151923305643	21	type I magnesium transporting ATPase
0.000151923305643	21	RNA polymerase sigma70
0.000151923305643	21	RnfF or ApbE
0.000151923305643	21	LamG protein
0.000151923305643	21	MULTISPECIES: LytR family transcriptional regulator
0.000151923305643	21	MULTISPECIES: tRNA (cytosine(32)/uridine(32)-2'-O)-methyltransferase TrmJ
0.000151923305643	21	beta-hexosaminidase precursor
0.000151923305643	21	pyruvate dehydrogenase E1 component
0.000151923305643	21	peptidase M16, partial
0.000151923305643	21	MULTISPECIES: antibiotic resistance protein MarC
0.000151923305643	21	tetratricopeptide repeat protein, partial
0.000151923305643	21	photosystem I reaction center subunit VIII
0.000151923305643	21	MULTISPECIES: elongation factor 3
0.000151923305643	21	DUF721 domain-containing protein, partial
0.000151923305643	21	photosystem II reaction center protein J
0.000151923305643	21	photosystem II reaction center protein I
0.000151923305643	21	hydrogenase maturation nickel metallochaperone HypA
0.000151923305643	21	galactokinase/mevalonate kinase
0.000151923305643	21	peptidase S15 family protein
0.000151923305643	21	MULTISPECIES: ADP-glyceromanno-heptose 6-epimerase
0.000151923305643	21	MULTISPECIES: cyclohexanecarboxyl-CoA dehydrogenase
0.000151923305643	21	MULTISPECIES: aldose epimerase
0.000151923305643	21	serine phosphatase RsbU, regulator of sigma subunit
0.000151923305643	21	pemk protein
0.000151923305643	21	platelet-activating factor acetylhydrolase IB gamma subunit
0.000151923305643	21	MULTISPECIES: cation-translocating P-type ATPase
0.000151923305643	21	cyanobacterial phytochrome A
0.000151923305643	21	MULTISPECIES: photosystem II q(b) protein
0.000151923305643	21	large adhesive protein
0.000151923305643	21	stage II sporulation protein SpoIID
0.000151923305643	21	polyphenol oxidoreductase
0.000151923305643	21	ABC transporter ATP-binding/permease
0.000151923305643	21	MULTISPECIES: peptidase C39
0.000151923305643	21	bifunctional aconitate hydratase 2/2-methylisocitrate dehydratase, partial
0.000151923305643	21	MULTISPECIES: DNA-dependent helicase
0.000151923305643	21	enoyl-CoA hydratase/isomerase family protein, partial
0.000151923305643	21	aromatic ring hydroxylase
0.000151923305643	21	alkaline ceramidase
0.000151923305643	21	superfamily I DNA/RNA helicase
0.000151923305643	21	arthrofactin synthetase/syringopeptin synthetase C-related non-ribosomal peptide synthetase
0.000151923305643	21	outer membrane protein/peptidoglycan-associated (lipo)protein
0.000151923305643	21	MULTISPECIES: RNA polymerase-binding ATPase
0.000151923305643	21	UDP diphosphate synthase
0.000151923305643	21	RusA family crossover junction endodeoxyribonuclease, partial
0.000151923305643	21	glycolate oxidase subunit GlcE, partial
0.000151923305643	21	MULTISPECIES: TRAP transporter substrate-binding protein DctP
0.000151923305643	21	glycyl radical enzyme
0.000151923305643	21	HAD-superfamily hydrolase
0.000151923305643	21	(R)-hydratase
0.000151923305643	21	recombinase RecF
0.000151923305643	21	MULTISPECIES: D-glycero-beta-D-manno-heptose-1,7-bisphosphate 7-phosphatase
0.000151923305643	21	capsule biosynthesis protein CapI
0.000151923305643	21	envelope stress response membrane protein PspB
0.000151923305643	21	MULTISPECIES: microcin C ABC transporter permease YejB
0.000151923305643	21	addiction module component
0.000151923305643	21	tRNA synthetase RNA-binding protein
0.000151923305643	21	mucin-desulfating sulfatase (N-acetylglucosamine-6-sulfatase)
0.000151923305643	21	MULTISPECIES: molybdenum ABC transporter substrate-binding protein
0.000151923305643	21	endo-polygalacturonase
0.000151923305643	21	MULTISPECIES: nicotinamidase
0.000151923305643	21	HigB toxin protein
0.000151923305643	21	methyltransferase, partial
0.000151923305643	21	MULTISPECIES: Fur family transcriptional regulator
0.000151923305643	21	MULTISPECIES: murein transglycosylase
0.000151923305643	21	chromosome replication initiation inhibitor protein
0.000151923305643	21	RidA/YER057c/UK114 family protein
0.000151923305643	21	ribonuclease activity regulator protein RraA
0.000151923305643	21	(4Fe-4S) cluster-binding oxidoreductase
0.000151923305643	21	phycocyanobilin lyase
0.000151923305643	21	RNA methyltransferase, TrmH family
0.000151923305643	21	MULTISPECIES: methyltetrahydrofolate--corrinoid methyltransferase
0.000151923305643	21	DUF5047 domain-containing protein
0.000151923305643	21	paraquat-inducible membrane protein A
0.000151923305643	21	lysis protein
0.000151923305643	21	MltA domain protein
0.000151923305643	21	MULTISPECIES: DUF87 domain-containing protein
0.000151923305643	21	MULTISPECIES: fimbrial biogenesis outer membrane usher protein
0.000151923305643	21	MULTISPECIES: pH-dependent sodium/proton antiporter
0.000151923305643	21	ADP-ribose diphosphatase
0.000151923305643	21	methylcitrate synthase
0.000151923305643	21	arylsulfatase A precursor
0.000151923305643	21	putative enzyme
0.000151923305643	21	CoA ligase
0.000144688862517	20	MULTISPECIES: 4-coumarate--CoA ligase
0.000144688862517	20	tRNA adenosine deaminase
0.000144688862517	20	MULTISPECIES: DUF1311 domain-containing protein
0.000144688862517	20	micrococcal nuclease
0.000144688862517	20	MULTISPECIES: hydroxyisourate hydrolase
0.000144688862517	20	aminotransferase YbdL
0.000144688862517	20	aromatic-L-amino-acid decarboxylase
0.000144688862517	20	restriction endonuclease subunit R, partial
0.000144688862517	20	DUF4402 domain-containing protein
0.000144688862517	20	MULTISPECIES: DUF4153 domain-containing protein
0.000144688862517	20	putative metalloendopeptidase
0.000144688862517	20	membrane autotransporter barrel domain protein
0.000144688862517	20	succinate dehydrogenase cytochrome B subunit
0.000144688862517	20	MULTISPECIES: muraminidase
0.000144688862517	20	LlaMI family restriction endonuclease
0.000144688862517	20	gamma-glutamyl-phosphate reductase, partial
0.000144688862517	20	Lateral flagellin
0.000144688862517	20	MULTISPECIES: DUF1232 domain-containing protein
0.000144688862517	20	50S ribosomal protein L5, partial
0.000144688862517	20	sulfate transporter CysZ
0.000144688862517	20	cation-binding protein
0.000144688862517	20	MULTISPECIES: phosphomannomutase
0.000144688862517	20	putative acyl-CoA carboxylase beta chain
0.000144688862517	20	MULTISPECIES: blue-light sensor BLUF
0.000144688862517	20	arginase family hydrolase
0.000144688862517	20	glycerol-1-phosphate dehydrogenase
0.000144688862517	20	5-methyltetrahydropteroyltriglutamate--homocysteine S-methyltransferase, partial
0.000144688862517	20	MULTISPECIES: chemotaxis protein CheV
0.000144688862517	20	MULTISPECIES: DUF2490 domain-containing protein
0.000144688862517	20	MULTISPECIES: UDP-2,4-diacetamido-2,4,6-trideoxy-beta-L-altropyranose hydrolase
0.000144688862517	20	scyllo-inosamine-4-phosphate amidinotransferase
0.000144688862517	20	alpha-ketoglutarate transporter
0.000144688862517	20	MULTISPECIES: aminodeoxychorismate synthase component I
0.000144688862517	20	ATP synthase F0F1 subunit A
0.000144688862517	20	MULTISPECIES: acetoacetate decarboxylase
0.000144688862517	20	1-pyrroline-5-carboxylate dehydrogenase, partial
0.000144688862517	20	MULTISPECIES: molybdenum cofactor biosynthesis protein B
0.000144688862517	20	acetoin catabolism protein X
0.000144688862517	20	MULTISPECIES: N-acyl homoserine lactonase family protein
0.000144688862517	20	MULTISPECIES: porin family protein
0.000144688862517	20	aromatic-ring-hydroxylating dioxygenase
0.000144688862517	20	type I-D CRISPR-associated endonuclease Cas1
0.000144688862517	20	paraquat-inducible protein B
0.000144688862517	20	exonuclease RecB
0.000144688862517	20	GyrI-like domain-containing protein
0.000144688862517	20	daunorubicin resistance protein DrrC
0.000144688862517	20	cytochrome C biogenesis protein CcmB
0.000144688862517	20	PKD domain protein
0.000144688862517	20	adenosine/AMP deaminase
0.000144688862517	20	IS1595 family transposase ISBaba2
0.000144688862517	20	mesaconyl-CoA isomerase
0.000144688862517	20	LVIVD repeat-containing protein
0.000144688862517	20	MULTISPECIES: ATP synthase subunit epsilon, partial
0.000144688862517	20	type IX secretion system membrane protein PorP/SprF, partial
0.000144688862517	20	GGDEF domain-containing protein, partial
0.000144688862517	20	zinc transporter
0.000144688862517	20	WxcM-like domain-containing protein
0.000144688862517	20	DUF695 domain-containing protein
0.000144688862517	20	MULTISPECIES: CysB family transcriptional regulator
0.000144688862517	20	O-antigen biosynthesis protein
0.000144688862517	20	DUF2784 domain-containing protein
0.000144688862517	20	cytochrome b559 subunit beta
0.000144688862517	20	TIGR03118 family protein
0.000144688862517	20	DUF1328 domain-containing protein
0.000144688862517	20	chlorophyll a/b binding light-harvesting protein
0.000144688862517	20	VCBS repeat-containing protein, partial
0.000144688862517	20	3-oxoacyl-ACP reductase, partial
0.000144688862517	20	protein YibB
0.000144688862517	20	MULTISPECIES: barnase inhibitor
0.000144688862517	20	MULTISPECIES: 4-aminobutyrate aminotransferase
0.000144688862517	20	Brp/Blh family beta-carotene 15,15'-monooxygenase
0.000144688862517	20	DUF1071 domain-containing protein, partial
0.000144688862517	20	PilT domain-containing protein
0.000144688862517	20	MULTISPECIES: FUSC family protein
0.000144688862517	20	growth inhibitor-like protein
0.000144688862517	20	transferase hexapeptide repeat containing protein
0.000144688862517	20	isocitrate dehydrogenase (NAD(+))
0.000144688862517	20	lipid ABC transporter permease
0.000144688862517	20	MULTISPECIES: DUF4254 domain-containing protein
0.000144688862517	20	MULTISPECIES: peptidylglycine monooxygenase
0.000144688862517	20	DUF3253 domain-containing protein
0.000144688862517	20	MULTISPECIES: endonuclease/exonuclease/phosphatase
0.000144688862517	20	5,10-methylene-tetrahydrofolate cyclohydrolase
0.000144688862517	20	MULTISPECIES: ATP--cob(I)alamin adenosyltransferase
0.000144688862517	20	MULTISPECIES: benzoyl-CoA 2,3-epoxidase subunit BoxB
0.000144688862517	20	flagellar assembly protein FliW
0.000144688862517	20	protein of unknown function DUF162
0.000144688862517	20	MULTISPECIES: heat-shock protein
0.000144688862517	20	DUF3277 domain-containing protein
0.000144688862517	20	adenylosuccinate synthetase, partial
0.000144688862517	20	Pas/Pac sensor containing methyl-accepting chemotaxis sensory transducer
0.000144688862517	20	TIGR00341 family protein
0.000144688862517	20	bifunctional pantoate ligase/cytidylate kinase
0.000144688862517	20	MULTISPECIES: magnesium and cobalt transporter CorA
0.000144688862517	20	MULTISPECIES: long-chain-acyl-CoA synthetase
0.000144688862517	20	bile acid transporter family protein
0.000144688862517	20	ribose-phosphate pyrophosphokinase PrsA (phosphoribosyl pyrophosphate synthetase) (PRPP synthetase)
0.000144688862517	20	excinuclease cho
0.000144688862517	20	glycosyl transferase family 8
0.000144688862517	20	alpha-2-macroglobulin family protein, partial
0.000144688862517	20	MULTISPECIES: photosystem II D2 protein (photosystem q(a) protein)
0.000144688862517	20	ShlB family hemolysin secretion/activation protein
0.000144688862517	20	homocysteine methyltransferase
0.000144688862517	20	PQQ-dependent dehydrogenase, methanol/ethanol family, partial
0.000144688862517	20	MULTISPECIES: agmatine deiminase
0.000144688862517	20	outer membrane hemin/siderophore receptor protein
0.000144688862517	20	DUF3887 domain-containing protein
0.000144688862517	20	cell surface receptor IPT/TIG domain protein
0.000144688862517	20	beta-propeller domains of methanol dehydrogenase
0.000144688862517	20	umuD protein
0.000144688862517	20	type I-E CRISPR-associated protein Cas5/CasD
0.000144688862517	20	MULTISPECIES: DUF3299 domain-containing protein
0.000144688862517	20	MULTISPECIES: ribosome biogenesis GTPase YlqF
0.000144688862517	20	MULTISPECIES: PPOX class F420-dependent oxidoreductase
0.000144688862517	20	cold shock domain protein CspD
0.000144688862517	20	MULTISPECIES: DUF1348 domain-containing protein
0.000144688862517	20	MULTISPECIES: acyl-ACP thioesterase
0.000144688862517	20	sugar dehydratase/epimerase yfnG
0.000144688862517	20	DUF760 domain-containing protein
0.000144688862517	20	branched-chain amino acid permease/ABC transporter ATP-binding protein
0.000144688862517	20	phosphorylcholine phosphatase
0.000144688862517	20	PqqD family peptide modification chaperone
0.000144688862517	20	DUF4424 domain-containing protein
0.000144688862517	20	DUF4148 domain-containing protein
0.000144688862517	20	IS3 family transposase ISNha4
0.000144688862517	20	ADP-ribosylation/crystallin J1
0.000144688862517	20	MULTISPECIES: benzoate 1,2-dioxygenase large subunit
0.000144688862517	20	DUF2917 domain-containing protein
0.000144688862517	20	photosystem II reaction center protein K
0.000144688862517	20	MULTISPECIES: NADH oxidase
0.000144688862517	20	carbohydrate kinase, FGGY family protein
0.000144688862517	20	MULTISPECIES: phosphate ABC transporter permease
0.000144688862517	20	MULTISPECIES: type II secretion system PilB
0.000144688862517	20	hyalin domain-containing protein
0.000144688862517	20	MULTISPECIES: YecA family protein
0.000144688862517	20	aerobic-type carbon monoxide dehydrogenase large subunit CoxL/CutL-like protein
0.000144688862517	20	MULTISPECIES: iditol 2-dehydrogenase
0.000144688862517	20	DUF4372 domain-containing protein
0.000144688862517	20	TenA family transcriptional regulator
0.000144688862517	20	putative signal-transduction protein containing cAMP-binding and CBS domains
0.000144688862517	20	MULTISPECIES: DUF2889 domain-containing protein
0.000144688862517	20	5,10-methylene tetrahydromethanopterin reductase
0.000144688862517	20	anthranilate phosphoribosyltransferase, partial
0.000144688862517	20	lysozyme (Endolysin) protein
0.000144688862517	20	co-chaperone HscB
0.000144688862517	20	MULTISPECIES: urea carboxylase
0.000144688862517	20	DUF4297 domain-containing protein
0.000144688862517	20	MULTISPECIES: siroheme synthase
0.000144688862517	20	MULTISPECIES: DUF490 domain-containing protein
0.000144688862517	20	ABC-2 type transporter family
0.000144688862517	20	DUF4185 domain-containing protein
0.000144688862517	20	TPR domain protein
0.000144688862517	20	UDP-glucuronic acid dehydrogenase
0.000144688862517	20	ribulose-1,5-bisphosphate carboxylase/oxygenase large subunit
0.000144688862517	20	prenyltransferase, partial
0.000144688862517	20	alkyl hydroperoxide reductase, partial
0.000144688862517	20	preprotein translocase subunit SecF
0.000144688862517	20	trk system potassium uptake protein trkA
0.000144688862517	20	GTPase Der
0.000144688862517	20	MULTISPECIES: low-specificity L-threonine aldolase
0.000144688862517	20	nitric oxide reductase activation protein NorD
0.000144688862517	20	MULTISPECIES: alanine:cation symporter family protein
0.000144688862517	20	MULTISPECIES: acetaldehyde dehydrogenase
0.000144688862517	20	heme-binding protein, partial
0.000144688862517	20	tRNA uridine-5-carboxymethylaminomethyl(34) synthesis GTPase MnmE, partial
0.000144688862517	20	hydrogenase (NiFe) small subunit HydA
0.000144688862517	20	adenine specific DNA methyltransferase
0.000144688862517	20	MULTISPECIES: xanthine dehydrogenase small subunit
0.000144688862517	20	kef-type K+ transport system NAD-binding protein
0.000144688862517	20	MULTISPECIES: GDP-mannose 4,6 dehydratase
0.000144688862517	20	MULTISPECIES: alpha-D-ribose 1-methylphosphonate 5-triphosphate diphosphatase
0.000144688862517	20	MULTISPECIES: aquaporin
0.000144688862517	20	MULTISPECIES: pseudaminic acid cytidylyltransferase
0.000144688862517	20	MULTISPECIES: cation/H(+) antiporter
0.000144688862517	20	MULTISPECIES: ATP synthase subunit gamma
0.000144688862517	20	serine type site-specific integrase/recombinase
0.000144688862517	20	MULTISPECIES: crotonyl-CoA carboxylase/reductase
0.000144688862517	20	NADH dehydrogenase (ubiquinone)
0.000144688862517	20	AP2 domain-containing protein, partial
0.000144688862517	20	inosamine-phosphate amidinotransferase
0.000144688862517	20	phospholipid methyltransferase
0.000144688862517	20	glycoside hydrolase, partial
0.000144688862517	20	ADP-ribosyl
0.000144688862517	20	phosphoesterase RecJ domain protein
0.000144688862517	20	sulfatase family protein
0.000144688862517	20	aldehyde:ferredoxin oxidoreductase
0.000144688862517	20	nitronate monooxygenase, partial
0.000144688862517	20	DEAD box family helicase phage associated protein
0.000144688862517	20	L-serine ammonia-lyase, iron-sulfur-dependent, subunit alpha
0.000144688862517	20	pyridoxamine 5'-phosphate oxidase-like FMN-binding protein
0.000144688862517	20	signal peptide peptidase SppA, 36K type
0.000144688862517	20	peptidyl-prolyl cis-trans isomerase A
0.000144688862517	20	ATP-dependent Clp protease adaptor protein ClpS
0.000144688862517	20	acetoacetyl-CoA synthase
0.000144688862517	20	galactosylceramidase
0.000144688862517	20	SCPU domain-containing protein
0.000144688862517	20	phage DNA methylase
0.000144688862517	20	EscS/YscS/HrcS family type III secretion system export apparatus protein
0.000144688862517	20	MULTISPECIES: 2-ketocyclohexanecarboxyl-CoA hydrolase
0.000144688862517	20	MULTISPECIES: exodeoxyribonuclease V subunit gamma
0.000144688862517	20	MULTISPECIES: NAD(P)(+) transhydrogenase (Re/Si-specific) subunit beta
0.000144688862517	20	DNA/RNA helicase, superfamily II
0.000144688862517	20	MULTISPECIES: DUF2384 domain-containing protein
0.000144688862517	20	error-prone repair protein UmuD
0.000144688862517	20	Cold-shock DEAD-box protein A
0.000144688862517	20	protein-tyrosine-phosphatase, partial
0.000144688862517	20	MULTISPECIES: DUF4149 domain-containing protein
0.000144688862517	20	aminobutyraldehyde dehydrogenase
0.000144688862517	20	MULTISPECIES: citrate transporter
0.000144688862517	20	substrate-binding protein
0.000144688862517	20	MULTISPECIES: 23S rRNA methyltransferase
0.000144688862517	20	2-oxoglutarate synthase
0.000144688862517	20	phosphoribosylformylglycinamidine synthase II, partial
0.000144688862517	20	acylase, partial
0.000144688862517	20	DUF1217 domain-containing protein
0.000144688862517	20	Spermidine Putrescine ABC transporter permease component potC
0.000137454419391	19	DNA or RNA helicase of superfamily II
0.000137454419391	19	MULTISPECIES: ATP synthase F1 subunit gamma
0.000137454419391	19	ATP synthase F0F1 subunit B'
0.000137454419391	19	cobalt-zinc-cadmium resistance protein
0.000137454419391	19	2-polyprenylphenol hydroxylase
0.000137454419391	19	MULTISPECIES: DUF4294 domain-containing protein
0.000137454419391	19	Na+/H+ antiporter subunit C
0.000137454419391	19	CRISPR-associated protein Cas1
0.000137454419391	19	MULTISPECIES: cytochrome-c peroxidase
0.000137454419391	19	pyrophosphohydrolase
0.000137454419391	19	1-deoxy-D-xylulose 5-phosphate reductoisomerase
0.000137454419391	19	Lycopene beta and epsilon cyclase
0.000137454419391	19	quinohemoprotein amine dehydrogenase subunit alpha
0.000137454419391	19	MULTISPECIES: diguanylate cyclase response regulator
0.000137454419391	19	MULTISPECIES: dipeptide epimerase
0.000137454419391	19	sensory box histidine kinase
0.000137454419391	19	Carbon monoxide dehydrogenase large chain
0.000137454419391	19	DUF2169 domain-containing protein
0.000137454419391	19	TIR protein
0.000137454419391	19	osmosensitive K+ channel His kinase sensor
0.000137454419391	19	endonuclease VII
0.000137454419391	19	MULTISPECIES: DNA packaging protein
0.000137454419391	19	plasmid replicase
0.000137454419391	19	intein-containing thymidylate synthase
0.000137454419391	19	poly(beta-D-mannuronate) C5 epimerase
0.000137454419391	19	outer membrane autotransporter barrel
0.000137454419391	19	DUF3172 domain-containing protein
0.000137454419391	19	NADP-dependent glyceraldehyde-3-phosphate dehydrogenase, partial
0.000137454419391	19	DUF4412 domain-containing protein
0.000137454419391	19	Formamidopyrimidine-DNA glycosylase H2TH domain family
0.000137454419391	19	protein serine phosphatase with GAF(s) sensor(s)
0.000137454419391	19	transcript cleavage factor
0.000137454419391	19	terminase, large subunit
0.000137454419391	19	type I restriction endonuclease subunit R, partial
0.000137454419391	19	restriction endonuclease EcoEI subunit M
0.000137454419391	19	two-component system response regulator BaeR
0.000137454419391	19	hemoglobin
0.000137454419391	19	anaerobic C4-dicarboxylate transporter
0.000137454419391	19	pyruvoyl-dependent arginine decarboxylase
0.000137454419391	19	Mov34/MPN/PAD-1 family protein
0.000137454419391	19	putative filamentous hemagglutinin family outer membrane protein
0.000137454419391	19	DUF3177 domain-containing protein
0.000137454419391	19	MULTISPECIES: IS3 family transposase ISAisp2
0.000137454419391	19	Mg-chelatase subunit ChlD
0.000137454419391	19	MULTISPECIES: cysteine synthase
0.000137454419391	19	DUF3410 domain-containing protein
0.000137454419391	19	aerotolerance protein BatA
0.000137454419391	19	Por secretion system C-terminal sorting domain-containing protein
0.000137454419391	19	universal stress protein A
0.000137454419391	19	DUF2854 domain-containing protein
0.000137454419391	19	MULTISPECIES: flagellar P-ring protein FlgI
0.000137454419391	19	MULTISPECIES: sialate O-acetylesterase
0.000137454419391	19	branched-chain amino acid ABC transporter substrate-binding protein, partial
0.000137454419391	19	MULTISPECIES: potassium-transporting ATPase subunit B
0.000137454419391	19	MULTISPECIES: RtcB family protein
0.000137454419391	19	MULTISPECIES: peptidoglycan synthetase
0.000137454419391	19	tyrosine transporter
0.000137454419391	19	ubiquinone/menaquinone biosynthesis C-methyltransferase UbiE
0.000137454419391	19	MULTISPECIES: GMP synthase
0.000137454419391	19	sn-glycerol-1-phosphate dehydrogenase
0.000137454419391	19	AvrE-family type 3 secretion system effector
0.000137454419391	19	6-carboxy-5,6,7,8-tetrahydropterin synthase
0.000137454419391	19	N-carbamoyl-D-amino acid amidohydrolase
0.000137454419391	19	succinate dehydrogenase assembly factor 2 family protein
0.000137454419391	19	flagellar basal body rod protein
0.000137454419391	19	MULTISPECIES: DUF4191 domain-containing protein
0.000137454419391	19	CbbY
0.000137454419391	19	1,4-beta-glucanase
0.000137454419391	19	thermitase
0.000137454419391	19	MULTISPECIES: dipeptide/oligopeptide/nickel ABC transporter ATP-binding protein
0.000137454419391	19	HindVP family restriction endonuclease
0.000137454419391	19	MULTISPECIES: DUF883 domain-containing protein
0.000137454419391	19	exonuclease SbcD
0.000137454419391	19	elongation factor G-like protein EF-G2
0.000137454419391	19	tRNA (mo5U34)-methyltransferase
0.000137454419391	19	cupin domain protein
0.000137454419391	19	mycothiol acetyltransferase
0.000137454419391	19	arginase, partial
0.000137454419391	19	MULTISPECIES: recombination-associated protein RdgC
0.000137454419391	19	MULTISPECIES: NAD-dependent deacetylase
0.000137454419391	19	MULTISPECIES: pimeloyl-CoA dehydrogenase small subunit
0.000137454419391	19	bifunctional chorismate mutase/prephenate dehydrogenase
0.000137454419391	19	chaperonin
0.000137454419391	19	cytochrome-c3 hydrogenase
0.000137454419391	19	phage/plasmid-like protein TIGR03299
0.000137454419391	19	flavoprotein WrbA
0.000137454419391	19	IS3 family transposase ISAba29
0.000137454419391	19	MULTISPECIES: transcriptional regulator PpsR
0.000137454419391	19	MULTISPECIES: CcoQ/FixQ family Cbb3-type cytochrome c oxidase assembly chaperone
0.000137454419391	19	dihydroorotate dehydrogenase, partial
0.000137454419391	19	potassium transporter KefA
0.000137454419391	19	MULTISPECIES: DUF45 domain-containing protein
0.000137454419391	19	autolysin
0.000137454419391	19	molybdopterin oxidoreductase, partial
0.000137454419391	19	MULTISPECIES: DUF4337 domain-containing protein
0.000137454419391	19	MULTISPECIES: nucleotide-binding protein
0.000137454419391	19	9-O-acetylesterase, partial
0.000137454419391	19	secondary thiamine-phosphate synthase
0.000137454419391	19	phosphoglycerate mutase family protein
0.000137454419391	19	NADH-ubiquinone oxidoreductase chain L
0.000137454419391	19	MULTISPECIES: tRNA nucleotidyltransferase
0.000137454419391	19	5-carboxymethyl-2-hydroxymuconate Delta-isomerase
0.000137454419391	19	1-pyrroline dehydrogenase
0.000137454419391	19	lipoamide dehydrogenase
0.000137454419391	19	MazG nucleotide pyrophosphohydrolase domain protein
0.000137454419391	19	Tat (twin-arginine translocation) pathway signal sequence domain protein
0.000137454419391	19	ethanolamine ammonia-lyase small subunit
0.000137454419391	19	MULTISPECIES: outer membrane protein chaperone
0.000137454419391	19	site-specific tyrosine recombinase XerC
0.000137454419391	19	conjugal transfer protein TrbL
0.000137454419391	19	prpE protein
0.000137454419391	19	2,5-dioxovalerate dehydrogenase
0.000137454419391	19	purine phosphorylase
0.000137454419391	19	MULTISPECIES: inositol 2-dehydrogenase
0.000137454419391	19	MULTISPECIES: SpoVR family protein
0.000137454419391	19	MULTISPECIES: DUF599 domain-containing protein
0.000137454419391	19	cell wall/surface repeat-containing protein
0.000137454419391	19	PAS/PAC sensor protein
0.000137454419391	19	MULTISPECIES: DUF4286 domain-containing protein
0.000137454419391	19	spore coat protein H
0.000137454419391	19	endopeptidase IV
0.000137454419391	19	DUF5116 domain-containing protein
0.000137454419391	19	capsular exopolysaccharide biosynthesis protein
0.000137454419391	19	MULTISPECIES: glycosyltransferase family 9 protein
0.000137454419391	19	DNA recombination protein RecO
0.000137454419391	19	DUF2165 domain-containing protein
0.000137454419391	19	restriction modification system DNA specificity domain-containing protein
0.000137454419391	19	sugar kinase ribokinase
0.000137454419391	19	MULTISPECIES: UDP-N-acetylglucosamine 4,6-dehydratase
0.000137454419391	19	methylmalonate-semialdehyde dehydrogenase (CoA acylating), partial
0.000137454419391	19	vanillate monooxygenase
0.000137454419391	19	transcriptional regulator NrdR, partial
0.000137454419391	19	YqcI/YcgG family protein
0.000137454419391	19	flavin-containing monooxygenase FMO
0.000137454419391	19	RNA polymerase sigma factor SigM
0.000137454419391	19	mRNA-degrading endonuclease
0.000137454419391	19	RNA ligase
0.000137454419391	19	protein TolR, partial
0.000137454419391	19	MULTISPECIES: ketohydroxyglutarate aldolase
0.000137454419391	19	glycerol 3-phosphate dehydrogenase
0.000137454419391	19	Rad52/22 double-strand break repair protein
0.000137454419391	19	MULTISPECIES: beta-ketoacyl-ACP synthase III
0.000137454419391	19	preprotein translocase subunit TatC
0.000137454419391	19	marine proteobacterial sortase target protein
0.000137454419391	19	phage head maturation protease
0.000137454419391	19	MULTISPECIES: phosphate-binding protein
0.000137454419391	19	aminopeptidase precursor
0.000137454419391	19	MULTISPECIES: TIGR02757 family protein
0.000137454419391	19	accessory Sec system translocase SecA2
0.000137454419391	19	bifunctional 3-phenylpropionate/cinnamic acid dioxygenase ferredoxin subunit
0.000137454419391	19	SWIM zinc finger family protein
0.000137454419391	19	MULTISPECIES: DUF159 family protein
0.000137454419391	19	bifunctional 3'-5' exonuclease/DNA polymerase
0.000137454419391	19	PhoPQ-activated pathogenicity-related protein PqaA type
0.000137454419391	19	MULTISPECIES: peptidase S49
0.000137454419391	19	MULTISPECIES: lycopene cyclase
0.000137454419391	19	globin-coupled sensor protein
0.000137454419391	19	MULTISPECIES: TIGR02217 family protein
0.000137454419391	19	MULTISPECIES: pyrimidine 5'-nucleotidase
0.000137454419391	19	NTPase
0.000137454419391	19	urea amidolyase
0.000137454419391	19	hemin receptor
0.000137454419391	19	MULTISPECIES: molecular chaperone SurA
0.000137454419391	19	MULTISPECIES: chloride transporter
0.000137454419391	19	lipase/esterase
0.000137454419391	19	adeC/adeK/oprM family multidrug efflux complex outer membrane factor
0.000137454419391	19	molybdopterin-dependent oxidoreductase subunit alpha
0.000137454419391	19	MULTISPECIES: nucleoside-diphosphate sugar epimerase
0.000137454419391	19	preprotein translocase subunit SecB
0.000137454419391	19	2-keto-3-deoxy-L-rhamnonate aldolase
0.000137454419391	19	MULTISPECIES: lipocalin
0.000137454419391	19	dimethylamine dehydrogenase
0.000137454419391	19	chromosome partitioning protein ParB, partial
0.000137454419391	19	aminodeoxychorismate synthase, component I, partial
0.000137454419391	19	response regulator receiver
0.000137454419391	19	MULTISPECIES: cytochrome ubiquinol oxidase subunit II
0.000137454419391	19	AvrE family type 3 secretion system effector
0.000137454419391	19	carboxypeptidase A2
0.000137454419391	19	CPXCG motif-containing cysteine-rich protein
0.000137454419391	19	MULTISPECIES: penicillinase repressor
0.000137454419391	19	MULTISPECIES: modulator protein
0.000137454419391	19	LacI family transcriptional regulator, partial
0.000137454419391	19	MULTISPECIES: alcohol dehydrogenase EutG
0.000137454419391	19	glycyl-radical enzyme activating protein
0.000137454419391	19	glycosyl hydrolase family 20, catalytic domain protein
0.000137454419391	19	copper resistance protein CopB
0.000137454419391	19	MULTISPECIES: UPF0262 family protein
0.000137454419391	19	primase 2
0.000137454419391	19	isoquinoline 1-oxidoreductase subunit alpha
0.000137454419391	19	MULTISPECIES: peptidase M14
0.000137454419391	19	PHA synthase
0.000137454419391	19	DUF4864 domain-containing protein
0.000137454419391	19	Cytochrome c oxidase subunit 3
0.000137454419391	19	selenide, water dikinase
0.000137454419391	19	sugar kinase, partial
0.000137454419391	19	putative ABC-type branched-chain amino acid transport systems periplasmic component-like protein
0.000137454419391	19	porphobilinogen deaminase
0.000137454419391	19	MULTISPECIES: DUF445 domain-containing protein
0.000137454419391	19	S-adenosylmethionine--2-demethylmenaquinone methyltransferase
0.000137454419391	19	MULTISPECIES: ribonuclease T
0.000137454419391	19	carbonate dehydratase, partial
0.000137454419391	19	mutarotase
0.000137454419391	19	trypsin-like serine protease
0.000137454419391	19	MULTISPECIES: phage recombination protein Bet
0.000137454419391	19	DUF140 domain-containing protein
0.000137454419391	19	modification methylase SinI
0.000137454419391	19	multidrug efflux RND transporter AdeIJK outer membrane channel subunit AdeK
0.000137454419391	19	flagellar cap protein FliD
0.000137454419391	19	DUF3325 domain-containing protein
0.000137454419391	19	MULTISPECIES: inosamine-phosphate amidinotransferase
0.000137454419391	19	cycloisomaltooligosaccharide glucanotransferase
0.000137454419391	19	MULTISPECIES: phosphatidylinositol mannoside acyltransferase
0.000137454419391	19	lipopolysaccharide biosynthesis protein RfbH, partial
0.000137454419391	19	putative NADH-dependent oxidoreductase
0.000137454419391	19	low-specificity D-threonine aldolase
0.000137454419391	19	succinyldiaminopimelate aminotransferase
0.000137454419391	19	group I intron endonuclease
0.000137454419391	19	5-deoxyglucuronate isomerase
0.000137454419391	19	glycosyl transferase group 1 family
0.000137454419391	19	Large exoprotein involved in heme utilization or adhesion
0.000137454419391	19	MULTISPECIES: DNA polymerase III, subunit gamma and tau
0.000137454419391	19	oxidoreductase alpha (molybdopterin) subunit
0.000137454419391	19	type II/III secretion system protein
0.000137454419391	19	RHS repeat-associated core domain-containing protein, partial
0.000137454419391	19	MULTISPECIES: CopG family transcriptional regulator
0.000137454419391	19	MULTISPECIES: peptidase S16
0.000137454419391	19	F0F1 ATP synthase assembly protein I
0.000137454419391	19	phage-related protein, tail component
0.000130219976265	18	MULTISPECIES: 2,4-dihydroxyhept-2-ene-1,7-dioic acid aldolase
0.000130219976265	18	MULTISPECIES: alpha-D-glucose phosphate-specific phosphoglucomutase
0.000130219976265	18	MoeZ/MoeB
0.000130219976265	18	killer suppression protein HigA
0.000130219976265	18	DUF975 domain-containing protein
0.000130219976265	18	putative mycofactocin-associated electron transfer flavoprotein
0.000130219976265	18	aspartate aminotransferase, partial
0.000130219976265	18	MULTISPECIES: nitrite reductase (NAD(P)H) small subunit
0.000130219976265	18	DUF3164 domain-containing protein
0.000130219976265	18	benzoyl-CoA 2,3-epoxidase subunit BoxA, partial
0.000130219976265	18	thiamine pyrophosphate-requiring protein
0.000130219976265	18	bleomycin resistance family protein
0.000130219976265	18	REC domain-containing phosphodiesterase
0.000130219976265	18	IS1634 family transposase ISVsp2
0.000130219976265	18	DUF4380 domain-containing protein
0.000130219976265	18	MULTISPECIES: Tn3 family transposase
0.000130219976265	18	hydroxymethylpyrimidine/phosphomethylpyrimidine kinase, partial
0.000130219976265	18	2-oxobutyrate oxidase
0.000130219976265	18	alpha-1,3/4-fucosidase
0.000130219976265	18	nodulation protein NfeD
0.000130219976265	18	putative gamma-glutamyl phosphate reductase protein
0.000130219976265	18	MULTISPECIES: histidine/lysine/arginine/ornithine ABC transporter ATP-binding protein HisP
0.000130219976265	18	glutamyl-tRNA amidotransferase, partial
0.000130219976265	18	mrp
0.000130219976265	18	L-serine ammonia-lyase, iron-sulfur-dependent, subunit beta
0.000130219976265	18	MULTISPECIES: 2-hydroxymuconic semialdehyde dehydrogenase
0.000130219976265	18	NAD(FAD)-utilizing dehydrogenase
0.000130219976265	18	nicotinate-nicotinamide nucleotide adenylyltransferase, partial
0.000130219976265	18	2,4'-dihydroxyacetophenone dioxygenase
0.000130219976265	18	MULTISPECIES: TIGR03862 family flavoprotein
0.000130219976265	18	filamentous hemagglutinin family domain-containing protein
0.000130219976265	18	cell wall metabolism sensor histidine kinase WalK
0.000130219976265	18	peptidase S12 family protein
0.000130219976265	18	major tail tube protein
0.000130219976265	18	lactococcin
0.000130219976265	18	MULTISPECIES: DUF4861 domain-containing protein
0.000130219976265	18	MULTISPECIES: organic solvent tolerance protein OstA
0.000130219976265	18	N-acetyl-galactosamine-6-sulfatase (GALNS)
0.000130219976265	18	MULTISPECIES: TRAP transporter substrate-binding protein
0.000130219976265	18	Long-chain fatty acid transport protein
0.000130219976265	18	DAK2 domain-containing protein
0.000130219976265	18	exonuclease RNase T and DNA polymerase III
0.000130219976265	18	DUF2171 domain-containing protein
0.000130219976265	18	MULTISPECIES: xanthine dehydrogenase accessory protein XdhC
0.000130219976265	18	BMP family ABC transporter substrate-binding protein, partial
0.000130219976265	18	muropeptide transporter
0.000130219976265	18	NADH(P)-binding protein, PF13460 family
0.000130219976265	18	ribonuclease G and E
0.000130219976265	18	spore coat biosynthesis protein F
0.000130219976265	18	DUF4393 domain-containing protein
0.000130219976265	18	HK97 family phage prohead protease
0.000130219976265	18	threonine/serine exporter
0.000130219976265	18	pyridine nucleotide-disulfide oxidoreductase, partial
0.000130219976265	18	MULTISPECIES: DNA-binding protein YbiB
0.000130219976265	18	MULTISPECIES: macrolide ABC transporter permease/ATP-binding protein MacB
0.000130219976265	18	plasmid partitioning protein RepA
0.000130219976265	18	class IV aminotransferase
0.000130219976265	18	translation elongation factor G
0.000130219976265	18	Protein of unknown function DUF1592
0.000130219976265	18	arsenical resistance operon transcriptional repressor ArsD
0.000130219976265	18	peptidase C13 family protein
0.000130219976265	18	DUF3016 domain-containing protein
0.000130219976265	18	NAD(P)H-binding protein, PF13460 family
0.000130219976265	18	hydro-lyase
0.000130219976265	18	dehydrogenase E1 protein subunits alpha/beta
0.000130219976265	18	MULTISPECIES: cytochrome b561
0.000130219976265	18	MULTISPECIES: Hsp70 family protein
0.000130219976265	18	CoA-substrate-specific enzyme activase
0.000130219976265	18	MULTISPECIES: tricarboxylate transporter
0.000130219976265	18	plant auxin-regulated protein
0.000130219976265	18	FxsA protein
0.000130219976265	18	MULTISPECIES: C-terminal binding protein
0.000130219976265	18	sucrase
0.000130219976265	18	aromatic ring-hydroxylating dioxygenase subunit alpha, partial
0.000130219976265	18	4-hydroxy-3-methylbut-2-en-1-yl diphosphate synthase (flavodoxin)
0.000130219976265	18	nitrogen fixation protein NifX
0.000130219976265	18	4-methyl-5(B-hydroxyethyl)-thiazole monophosphate biosynthesis protein
0.000130219976265	18	peptidase C14, caspase catalytic subunit p20
0.000130219976265	18	MULTISPECIES: PIG-L family deacetylase
0.000130219976265	18	dioxygenase oxidoreductase
0.000130219976265	18	sucrase ferredoxin
0.000130219976265	18	phytoene desaturase, partial
0.000130219976265	18	glmZ(sRNA)-inactivating NTPase
0.000130219976265	18	Receptor family ligand-binding domain protein
0.000130219976265	18	cation-translocating P-type ATPase, partial
0.000130219976265	18	S-adenosylmethionine decarboxylase proenzyme
0.000130219976265	18	MULTISPECIES: DUF4332 domain-containing protein
0.000130219976265	18	MULTISPECIES: 6-carboxyhexanoate--CoA ligase
0.000130219976265	18	oligopeptide ABC transporter ATP-binding protein OppD
0.000130219976265	18	MULTISPECIES: DUF2970 domain-containing protein
0.000130219976265	18	MULTISPECIES: inositol phosphorylceramide synthase
0.000130219976265	18	lysine exporter protein LysE/YggA
0.000130219976265	18	type II secretion system protein GspE, partial
0.000130219976265	18	N-carbamoylsarcosine amidohydrolase
0.000130219976265	18	peptidase M20, partial
0.000130219976265	18	IS3 family transposase ISAba14
0.000130219976265	18	MULTISPECIES: iron-sulfur cluster-binding protein
0.000130219976265	18	circadian phase modifier CpmA
0.000130219976265	18	IS3 family transposase ISSpma1
0.000130219976265	18	MULTISPECIES: YeeE/YedE
0.000130219976265	18	MULTISPECIES: hemoglobin-like protein
0.000130219976265	18	MULTISPECIES: paraslipin
0.000130219976265	18	Clp protease ATP-binding protein
0.000130219976265	18	beta-agarase
0.000130219976265	18	trans-2-enoyl-CoA reductase, partial
0.000130219976265	18	N(4)-(beta-N-acetylglucosaminyl)-L-asparaginase
0.000130219976265	18	protein-signal peptide
0.000130219976265	18	NgoBV family restriction endonuclease
0.000130219976265	18	LamG domain-containing protein
0.000130219976265	18	activator of Hsp90 ATPase 1 family protein
0.000130219976265	18	aspartate 4-decarboxylase
0.000130219976265	18	serine protease/subtilase
0.000130219976265	18	cytidylate kinase-like family protein
0.000130219976265	18	MULTISPECIES: glucan biosynthesis glucosyltransferase H
0.000130219976265	18	MULTISPECIES: Cd(II)/Pb(II)-responsive transcriptional regulator
0.000130219976265	18	Zn-dependent aminopeptidase
0.000130219976265	18	CAR family subclass B3 metallo-beta-lactamase
0.000130219976265	18	cobalamin biosynthesis bifunctional protein CbiET
0.000130219976265	18	MULTISPECIES: peptidyl-tRNA hydrolase
0.000130219976265	18	FMN-binding domain protein
0.000130219976265	18	glycosyltransferase, group 2 family protein
0.000130219976265	18	pre-neck appendage protein
0.000130219976265	18	FG-GAP repeat domain protein
0.000130219976265	18	sugar-nucleotide epimerase/dehydratase
0.000130219976265	18	sodium/iodide co-transporter
0.000130219976265	18	gamma-glutamyltransferase, partial
0.000130219976265	18	DUF4919 domain-containing protein
0.000130219976265	18	MULTISPECIES: NADH dehydrogenase subunit G
0.000130219976265	18	MULTISPECIES: DUF1257 domain-containing protein
0.000130219976265	18	glycerol kinase, partial
0.000130219976265	18	NADH dehydrogenase I subunit I
0.000130219976265	18	MULTISPECIES: Sec-independent protein translocase TatB
0.000130219976265	18	MULTISPECIES: carbon-nitrogen hydrolase
0.000130219976265	18	acetyl-CoA carboxylase, partial
0.000130219976265	18	aerobic-type carbon monoxide dehydrogenase large subunit CoxL/CutL-like protein, partial
0.000130219976265	18	type I-C CRISPR-associated endonuclease Cas1
0.000130219976265	18	MULTISPECIES: dipeptidyl carboxypeptidase II
0.000130219976265	18	30S ribosomal protein S9, partial
0.000130219976265	18	bb3-type cytochrome oxidase subunit IV
0.000130219976265	18	3-ketoacyl-ACP synthase
0.000130219976265	18	OsmC-like protein
0.000130219976265	18	helicase-exonuclease AddAB subunit AddA
0.000130219976265	18	DUF1120 domain-containing protein
0.000130219976265	18	ATP/ADP translocase
0.000130219976265	18	chondroitinase
0.000130219976265	18	pectin methylesterase
0.000130219976265	18	MULTISPECIES: ubiquinol oxidase subunit II
0.000130219976265	18	putative oxygenase
0.000130219976265	18	MULTISPECIES: CPBP family intramembrane metalloprotease
0.000130219976265	18	MULTISPECIES: YcgN family cysteine cluster protein
0.000130219976265	18	type VI secretion protein ImpA family
0.000130219976265	18	pyridoxal phosphate biosynthesis protein
0.000130219976265	18	DUF4234 domain-containing protein
0.000130219976265	18	3-isopropylmalate dehydratase large subunit, partial
0.000130219976265	18	malonate decarboxylase subunit gamma
0.000130219976265	18	MULTISPECIES: heme lyase CcmF/NrfE family subunit
0.000130219976265	18	cell death suppressor protein Lls1
0.000130219976265	18	RIP metalloprotease RseP, partial
0.000130219976265	18	aspartyl/glutamyl-tRNA(Asn/Gln) amidotransferase subunit C
0.000130219976265	18	a-glycosyltransferase
0.000130219976265	18	MULTISPECIES: nicotinate-nucleotide--dimethylbenzimidazole phosphoribosyltransferase
0.000130219976265	18	acetolactate decarboxylase
0.000130219976265	18	outer membrane protein/protective antigen OMA87
0.000130219976265	18	MULTISPECIES: FliA/WhiG family RNA polymerase sigma factor
0.000130219976265	18	MULTISPECIES: DUF4301 domain-containing protein
0.000130219976265	18	LPS biosynthesis sugar transferase
0.000130219976265	18	MULTISPECIES: tetracycline resistance MFS efflux pump
0.000130219976265	18	ketopantoate hydroxymethyltransferase family protein
0.000130219976265	18	butyrate kinase
0.000130219976265	18	DevC protein
0.000130219976265	18	GTP-binding protein, partial
0.000130219976265	18	resolvase domain
0.000130219976265	18	bifunctional tRNA (adenosine(37)-C2)-methyltransferase TrmG/ribosomal RNA large subunit methyltransferase RlmN
0.000130219976265	18	F0F1 ATP synthase subunit B'
0.000130219976265	18	uracil transporter
0.000130219976265	18	50S ribosomal protein L3, partial
0.000130219976265	18	spore coat biosynthesis protein SpsE
0.000130219976265	18	MULTISPECIES: glycoside hydrolase family 88 protein
0.000130219976265	18	ribosylnicotinamide kinase
0.000130219976265	18	magnesium-protoporphyrin IX monomethyl ester cyclase
0.000130219976265	18	subtype I-F CRISPR-associated endonuclease Cas1
0.000130219976265	18	coproporphyrinogen III oxidase, partial
0.000130219976265	18	magnesium-protoporphyrin IX monomethyl ester anaerobic oxidative cyclase
0.000130219976265	18	MULTISPECIES: sulfate transporter
0.000130219976265	18	succinate dehydrogenase and fumarate reductase iron-sulfur protein
0.000130219976265	18	Na/Pi-cotransporter family protein
0.000130219976265	18	MULTISPECIES: DUF2132 domain-containing protein
0.000130219976265	18	MULTISPECIES: amidinotransferase
0.000130219976265	18	MULTISPECIES: 5-hydroxyisourate hydrolase
0.000130219976265	18	MULTISPECIES: flagellum-specific ATP synthase FliI
0.000130219976265	18	superfamily II RNA helicase
0.000130219976265	18	imidazole glycerol phosphate synthase HisHF
0.000130219976265	18	MULTISPECIES: secretion protein
0.000130219976265	18	agamatine deiminase
0.000130219976265	18	MULTISPECIES: adenylate cyclase
0.000130219976265	18	MULTISPECIES: lipid A biosynthesis lauroyl acyltransferase
0.000130219976265	18	FMN-binding negative transcriptional regulator
0.000130219976265	18	DUF2491 domain-containing protein
0.000130219976265	18	stress response kinase A, partial
0.000130219976265	18	MULTISPECIES: nicotinamide riboside transporter PnuC
0.000130219976265	18	ribosylglycohydrolase
0.000130219976265	18	MULTISPECIES: reductase
0.000130219976265	18	DUF2249 domain-containing protein
0.000130219976265	18	phosphosulfolactate synthase, partial
0.000130219976265	18	MULTISPECIES: anti-sigma factor antagonist
0.000130219976265	18	Tat (twin-arginine translocation) pathway signal sequence containing protein
0.000130219976265	18	30S ribosomal protein S6 modification protein RimK
0.000130219976265	18	pyruvate synthase
0.000130219976265	18	class D sortase
0.000130219976265	18	DNA topoisomerase IV, partial
0.000130219976265	18	sodium:solute transporter family protein
0.000130219976265	18	CxxxxCH/CxxCH domain-containing protein
0.000130219976265	18	MULTISPECIES: transcriptional regulator Crp
0.000130219976265	18	quinoprotein glucose dehydrogenase, partial
0.000130219976265	18	MULTISPECIES: dihydropyrimidine dehydrogenase
0.000130219976265	18	Orn/DAP/Arg decarboxylase 2
0.000130219976265	18	pilus assembly protein TadA
0.000130219976265	18	aldehyde oxygenase (deformylating)
0.000130219976265	18	DUF3861 domain-containing protein
0.000130219976265	18	von willebrand factor type a
0.000130219976265	18	MULTISPECIES: 2,3-bisphosphoglycerate-dependent phosphoglycerate mutase
0.000130219976265	18	MULTISPECIES: short-chain dehydrogenase/reductase
0.000130219976265	18	DUF3119 domain-containing protein
0.000130219976265	18	UDP-3-O-(3-hydroxymyristoyl)glucosamine N-acyltransferase, partial
0.000130219976265	18	MULTISPECIES: iron-sulfur cluster biogenesis protein NfuA
0.000130219976265	18	Rieske (2Fe-2S) iron-sulfur domain protein protein
0.000130219976265	18	MULTISPECIES: PTS IIA-like nitrogen-regulatory protein PtsN
0.000130219976265	18	carbohydrate ABC transporter substrate-binding protein, CUT1 family
0.000130219976265	18	carbohydrate kinase family protein, partial
0.000130219976265	18	MULTISPECIES: Oar protein
0.000130219976265	18	bacteriocin-protection protein
0.000130219976265	18	glutamine synthetase III
0.000130219976265	18	envelope stress response membrane protein PspC
0.000130219976265	18	preQ0 transporter
0.000130219976265	18	integral membrane sensor hybrid histidine kinase
0.000130219976265	18	MULTISPECIES: 4-oxalomesaconate hydratase
0.000130219976265	18	MULTISPECIES: NarK/NasA family nitrate transporter
0.000130219976265	18	aspartate kinase III
0.000130219976265	18	methyltransferase-like protein
0.000130219976265	18	MULTISPECIES: cytosine methyltransferase
0.000130219976265	18	OmpA/MotB
0.000130219976265	18	MULTISPECIES: genomic island protein
0.000130219976265	18	molybdopterin containing oxidoreductase
0.000130219976265	18	protein fadF
0.000130219976265	18	Mur ligase middle domain protein
0.000130219976265	18	MULTISPECIES: p-cumate dioxygenase
0.000130219976265	18	ioquinoline 1-oxidoreductase subunit alpha
0.000130219976265	18	peptidase M56 BlaR1
0.000130219976265	18	photosystem II S4 domain protein
0.000130219976265	18	3-deoxy-D-manno-octulosonate 8-phosphate phosphatase YrbI family
0.000130219976265	18	DNA repair protein RecN, partial
0.000130219976265	18	TIGR02444 family protein
0.000130219976265	18	acetone carboxylase subunit alpha
0.000130219976265	18	MULTISPECIES: DUF305 domain-containing protein
0.000130219976265	18	thiamine pyrophosphate-dependent protein
0.000130219976265	18	polyketide cyclase / dehydrase and lipid transport
0.000130219976265	18	MULTISPECIES: xanthine dehydrogenase molybdopterin binding subunit
0.000130219976265	18	flagellar motor protein MotA, partial
0.000130219976265	18	DUF205 domain-containing protein
0.000130219976265	18	FAD-NAD(P)-binding domain protein
0.000130219976265	18	MULTISPECIES: bifunctional 3-demethylubiquinol 3-O-methyltransferase/2-polyprenyl-6-hydroxyphenol methylase
0.000130219976265	18	MULTISPECIES: conjugal transfer protein
0.000130219976265	18	MULTISPECIES: metalloendopeptidase
0.000130219976265	18	MULTISPECIES: hopanoid biosynthesis associated radical SAM protein HpnJ
0.000130219976265	18	translation initiation factor SUI1
0.000130219976265	18	MULTISPECIES: reverse transcriptase
0.000130219976265	18	DUF3011 domain-containing protein
0.000130219976265	18	MULTISPECIES: nodulation protein NodJ
0.000130219976265	18	low molecular weight protein arginine phosphatase
0.000130219976265	18	ATP-dependent carboxylate-amine ligase
0.000130219976265	18	MULTISPECIES: auxin-regulated protein
0.000130219976265	18	replication-associated protein A
0.000130219976265	18	chitooligosaccharide deacetylase
0.000130219976265	18	dihydroflavonol-4-reductase
0.000130219976265	18	MULTISPECIES: HupE / UreJ protein
0.000130219976265	18	cycloartenol synthase
0.000130219976265	18	DUF2599 domain-containing protein
0.000130219976265	18	three-deoxy-d-manno-octulosonic-acid transferase
0.000130219976265	18	sensor protein barA
0.000130219976265	18	MULTISPECIES: peptidase S11
0.000122985533139	17	lactate 2-monooxygenase
0.000122985533139	17	thiosulfate reductase
0.000122985533139	17	vegetatible incompatibility protein
0.000122985533139	17	ATP-dependent exonuclease SbcCD, C subunit-like protein
0.000122985533139	17	MULTISPECIES: bifunctional proline dehydrogenase/L-glutamate gamma-semialdehyde dehydrogenase
0.000122985533139	17	DUF2865 domain-containing protein
0.000122985533139	17	MULTISPECIES: DNA polymerase III subunit chi
0.000122985533139	17	cbb3-type cytochrome c oxidase subunit 3
0.000122985533139	17	5'-3' DNA helicase
0.000122985533139	17	autotransporter-associated beta strand repeat-containing protein
0.000122985533139	17	outer membrane autotransporter barrel domain-containing protein, partial
0.000122985533139	17	MULTISPECIES: thiamine biosynthesis protein ApbE
0.000122985533139	17	MULTISPECIES: cytochrome c'
0.000122985533139	17	secretion system protein F
0.000122985533139	17	zinc permease
0.000122985533139	17	sugar ABC transporter permease, partial
0.000122985533139	17	MULTISPECIES: DNA polymerase subunit beta
0.000122985533139	17	S-adenosylhomocysteine hydrolase
0.000122985533139	17	Rho termination protein
0.000122985533139	17	alkylated DNA repair dioxygenase
0.000122985533139	17	TROVE domain-containing protein, partial
0.000122985533139	17	type II secretory pathway, component PulF
0.000122985533139	17	MULTISPECIES: EF-P lysine aminoacylase GenX
0.000122985533139	17	cellulose-binding, family II, bacterial type
0.000122985533139	17	phosphoenolpyruvate kinase
0.000122985533139	17	class V aminotransferase
0.000122985533139	17	MULTISPECIES: toxin YhaV
0.000122985533139	17	MULTISPECIES: SPFH/Band 7/PHB domain protein
0.000122985533139	17	DUF3097 domain-containing protein
0.000122985533139	17	MULTISPECIES: hemolysin D
0.000122985533139	17	photosystem II biogenesis protein Psp29
0.000122985533139	17	MULTISPECIES: proline iminopeptidase
0.000122985533139	17	glycosyl transferase group 2 family protein
0.000122985533139	17	microcin-processing peptidase 1
0.000122985533139	17	ATP synthase subunit beta, partial
0.000122985533139	17	type IV site-specific deoxyribonuclease Eco57I
0.000122985533139	17	foldase
0.000122985533139	17	UDP-glucuronosyltransferase
0.000122985533139	17	MULTISPECIES: general secretion pathway protein GspK
0.000122985533139	17	ACP phosphodiesterase
0.000122985533139	17	pilus assembly protein PilF
0.000122985533139	17	DUF1868 domain-containing protein
0.000122985533139	17	MULTISPECIES: glyceraldehyde 3-phosphate reductase
0.000122985533139	17	MULTISPECIES: 4-hydroxybutyrate CoA-transferase
0.000122985533139	17	bacillithiol biosynthesis deacetylase BshB1, partial
0.000122985533139	17	MULTISPECIES: modification methylase
0.000122985533139	17	long-chain-fatty-acid--CoA ligase LcfB
0.000122985533139	17	lantibiotic ABC transporter
0.000122985533139	17	zinc-dependent alcohol dehydrogenase
0.000122985533139	17	macro domain-containing protein
0.000122985533139	17	TraB family protein
0.000122985533139	17	DUF3304 domain-containing protein
0.000122985533139	17	virulence protein
0.000122985533139	17	MULTISPECIES: class II histone deacetylase
0.000122985533139	17	antitoxin, Phd family protein
0.000122985533139	17	flagellar biosynthesis protein FlgL
0.000122985533139	17	nucleotide sugar-1-phosphate transferase
0.000122985533139	17	exported peptidase
0.000122985533139	17	DUF2478 domain-containing protein
0.000122985533139	17	invertase
0.000122985533139	17	DUF4037 domain-containing protein
0.000122985533139	17	MULTISPECIES: DUF1684 domain-containing protein
0.000122985533139	17	MULTISPECIES: arabinose ABC transporter permease
0.000122985533139	17	Arginase/agmatinase/formiminoglutamase
0.000122985533139	17	2-amino-thiazoline-4-carboxylic acid hydrolase
0.000122985533139	17	citrate/2-methylcitrate synthase
0.000122985533139	17	phosphosugar isomerase
0.000122985533139	17	DUF2996 domain-containing protein
0.000122985533139	17	hydrophobe/amphiphile efflux-1 family RND transporter, partial
0.000122985533139	17	V-type ATP synthase subunit D
0.000122985533139	17	XrtN system VIT domain-containing protein
0.000122985533139	17	CDP-glycerol:glycerophosphate glycerophosphotransferase
0.000122985533139	17	glycosyl hydrolase family 57
0.000122985533139	17	DUF3067 domain-containing protein
0.000122985533139	17	MULTISPECIES: beta-phosphoglucomutase
0.000122985533139	17	MULTISPECIES: esterase family protein
0.000122985533139	17	2-methylisocitrate lyase
0.000122985533139	17	MULTISPECIES: cell division topological specificity factor MinE
0.000122985533139	17	oxygen sensor protein
0.000122985533139	17	MULTISPECIES: NAD(P)H-quinone dehydrogenase
0.000122985533139	17	MULTISPECIES: UV damage endonuclease UvsE
0.000122985533139	17	diaminohydroxyphosphoribosylaminopyrimidine deaminase
0.000122985533139	17	5-oxo-1,2,5-tricarboxylic-3-penten acid decarboxylase
0.000122985533139	17	Gene transfer agent (GTA) orfg15-like protein
0.000122985533139	17	Catalase-peroxidase 2
0.000122985533139	17	MULTISPECIES: DUF1615 domain-containing protein
0.000122985533139	17	muconate-lactonizing protein
0.000122985533139	17	type VI secretion protein, EvpB/ family
0.000122985533139	17	DNA replication and repair protein RecF, partial
0.000122985533139	17	MULTISPECIES: M20 peptidase family dipeptidase
0.000122985533139	17	MULTISPECIES: bifunctional GTP diphosphokinase/guanosine-3',5'-bis(diphosphate) 3'-diphosphatase
0.000122985533139	17	phage host specificity protein
0.000122985533139	17	MULTISPECIES: DUF418 domain-containing protein
0.000122985533139	17	glucose/sorbosone dehydrogenase-like protein
0.000122985533139	17	MULTISPECIES: peptide MFS transporter
0.000122985533139	17	DUF565 domain-containing protein
0.000122985533139	17	type IV secretion system protein VirB10
0.000122985533139	17	MULTISPECIES: DUF2071 domain-containing protein
0.000122985533139	17	succinyl-CoA--3-ketoacid CoA transferase subunit B
0.000122985533139	17	VUT family protein
0.000122985533139	17	exopolysaccharide tyrosine-protein kinase
0.000122985533139	17	Fe-S cluster protein, partial
0.000122985533139	17	mismatch-specific DNA-glycosylase
0.000122985533139	17	methylthioadenosine phosphorylase
0.000122985533139	17	Ni/Fe-hydrogenase cytochrome b subunit
0.000122985533139	17	MULTISPECIES: flavin oxidoreductase
0.000122985533139	17	MULTISPECIES: NIPSNAP family protein
0.000122985533139	17	carbon monoxide dehydrogenase, partial
0.000122985533139	17	MULTISPECIES: signal transduction histidine kinase
0.000122985533139	17	thiamine pyrophosphatase
0.000122985533139	17	cysteine-rich domain protein
0.000122985533139	17	flagellar biosynthesis protein FliL
0.000122985533139	17	DUF2610 domain-containing protein
0.000122985533139	17	Mn-containing catalase
0.000122985533139	17	sodium ABC transporter ATP-binding protein
0.000122985533139	17	FAD synthetase
0.000122985533139	17	DNA-3-methyladenine glycosidase
0.000122985533139	17	MULTISPECIES: cytochrome b6
0.000122985533139	17	neutral/alkaline nonlysosomal ceramidase
0.000122985533139	17	tRNA (guanosine(18)-2'-O)-methyltransferase TrmH
0.000122985533139	17	MULTISPECIES: DeoR family transcriptional regulator
0.000122985533139	17	structural protein
0.000122985533139	17	Xaa-Pro dipeptidyl-peptidase
0.000122985533139	17	MULTISPECIES: L-fucose:H+ symporter permease
0.000122985533139	17	cytochrome c biogenesis protein transmembrane region
0.000122985533139	17	squalene synthase
0.000122985533139	17	nucleoside triphosphate pyrophosphohydrolase, partial
0.000122985533139	17	MULTISPECIES: phosphomethylpyrimidine synthase
0.000122985533139	17	flagellar hook-associated 2-like protein
0.000122985533139	17	DUF2057 domain-containing protein
0.000122985533139	17	MULTISPECIES: NADH dehydrogenase subunit C
0.000122985533139	17	amino acid-
0.000122985533139	17	putative exosortase B-associated extracellular polysaccharide biosynthesis transporter EpsL
0.000122985533139	17	bifunctional cysteine desulfurase/selenocysteine lyase
0.000122985533139	17	MULTISPECIES: recombinase XerC
0.000122985533139	17	MULTISPECIES: DUF861 domain-containing protein
0.000122985533139	17	MULTISPECIES: decaprenyl-phosphate phosphoribosyltransferase
0.000122985533139	17	chemotaxis protein CheC
0.000122985533139	17	glycosyl transferase GT17 family protein
0.000122985533139	17	clan AA aspartic protease
0.000122985533139	17	MULTISPECIES: intracellular septation protein A
0.000122985533139	17	DUF3524 domain-containing protein
0.000122985533139	17	NADH-quinone oxidoreductase chain 5
0.000122985533139	17	mraZ
0.000122985533139	17	DUF1963 domain-containing protein
0.000122985533139	17	DUF3823 domain-containing protein
0.000122985533139	17	Fe/S biogenesis protein NfuA
0.000122985533139	17	flagellar hook-associated protein FlgL
0.000122985533139	17	MULTISPECIES: aryl-sulfate sulfotransferase
0.000122985533139	17	organic radical activating enzyme
0.000122985533139	17	MULTISPECIES: translation elongation factor Tu
0.000122985533139	17	toxin secretion protein
0.000122985533139	17	succinate dehydrogenase/fumarate reductase cytochrome b subunit
0.000122985533139	17	secretory protein
0.000122985533139	17	MULTISPECIES: phage antirepressor protein
0.000122985533139	17	MULTISPECIES: two-component system sensor histidine kinase/response regulator
0.000122985533139	17	MULTISPECIES: 3-phosphoserine/phosphohydroxythreonine aminotransferase
0.000122985533139	17	esterase, partial
0.000122985533139	17	photosystem II protein PsbQ
0.000122985533139	17	peptidase, M48 domain protein
0.000122985533139	17	RIO1 family serine kinase
0.000122985533139	17	MULTISPECIES: type VI secretion protein EvpB
0.000122985533139	17	ATPase with chaperone activity
0.000122985533139	17	DNA helicase, partial
0.000122985533139	17	osmotic-shock protein
0.000122985533139	17	citrate lyase subunit alpha
0.000122985533139	17	septation protein SpoVG
0.000122985533139	17	MULTISPECIES: TonB C-terminal domain-containing protein
0.000122985533139	17	MULTISPECIES: DUF2909 domain-containing protein
0.000122985533139	17	MULTISPECIES: ergothioneine biosynthesis protein EgtB
0.000122985533139	17	2-deoxy-scyllo-inosamine dehydrogenase
0.000122985533139	17	Thiol-disulfide oxidoreductase
0.000122985533139	17	GrpB family protein
0.000122985533139	17	conjugal transfer protein TrbJ
0.000122985533139	17	peptidase M6
0.000122985533139	17	MULTISPECIES: glutathione-disulfide reductase
0.000122985533139	17	pentein-type domain-containing protein
0.000122985533139	17	peptidylprolyl isomerase SurA
0.000122985533139	17	MULTISPECIES: selenocysteine synthase
0.000122985533139	17	glycosyl hydrolase family 25
0.000122985533139	17	MULTISPECIES: copper chaperone
0.000122985533139	17	flagellar rod assembly protein/muramidase FlgJ
0.000122985533139	17	N-methylhydantoinase B/acetone carboxylase subunit alpha
0.000122985533139	17	gamma-carboxymuconolactone decarboxylase
0.000122985533139	17	MULTISPECIES: IS1380 family transposase
0.000122985533139	17	aromatic-ring-hydroxylating dioxygenase subunit alpha
0.000122985533139	17	PHB depolymerase esterase
0.000122985533139	17	DUF125 domain-containing protein
0.000122985533139	17	glycoside hydrolase family 43
0.000122985533139	17	glucose-1-phosphate thymidylyltransferase, partial
0.000122985533139	17	toprim domain protein
0.000122985533139	17	bifunctional 2-keto-4-hydroxyglutarate aldolase/2-keto-3-deoxy-6-phosphogluconate aldolase
0.000122985533139	17	MULTISPECIES: type I polyketide synthase
0.000122985533139	17	alkyl hydroperoxide reductase/thiol specific antioxidant/mal allergen
0.000122985533139	17	MULTISPECIES: DUF4089 domain-containing protein
0.000122985533139	17	ATPase AAA family
0.000122985533139	17	MULTISPECIES: oligopeptide ABC transporter ATP-binding protein OppF
0.000122985533139	17	MULTISPECIES: IS91 family transposase
0.000122985533139	17	prolipoprotein diacylglyceryl transferase, partial
0.000122985533139	17	MULTISPECIES: DUF3604 domain-containing protein
0.000122985533139	17	SUI1 family translation initiation factor
0.000122985533139	17	MULTISPECIES: ribulose bisphosphate carboxylase small subunit
0.000122985533139	17	DUF4174 domain-containing protein
0.000122985533139	17	MULTISPECIES: SIMPL domain-containing protein
0.000122985533139	17	MULTISPECIES: DegT/DnrJ/EryC1/StrS aminotransferase family protein
0.000122985533139	17	PA14 domain-containing protein
0.000122985533139	17	prolyl tripeptidyl peptidase
0.000122985533139	17	microcin C ABC transporter ATP-binding protein YejF
0.000122985533139	17	L-threonylcarbamoyladenylate synthase, partial
0.000122985533139	17	molybdopterin biosynthesis-like protein MoeZ
0.000122985533139	17	type III effector HrpK
0.000122985533139	17	MULTISPECIES: formimidoylglutamate deiminase
0.000122985533139	17	DUF3110 domain-containing protein
0.000122985533139	17	IPT/TIG domain-containing protein
0.000122985533139	17	methane monooxygenase
0.000122985533139	17	MULTISPECIES: putative addiction module antidote protein
0.000122985533139	17	flagellar L-ring protein
0.000122985533139	17	heteromeric transposase endonuclease subunit TnsA
0.000122985533139	17	nucleotide sugar aminotransferase
0.000122985533139	17	CCA tRNA nucleotidyltransferase, partial
0.000122985533139	17	MULTISPECIES: erythromycin biosynthesis sensory transduction protein eryC1
0.000122985533139	17	maltooligosyl trehalose synthase
0.000122985533139	17	phosphate-starvation-inducible E
0.000122985533139	17	selenide, water dikinase SelD, partial
0.000122985533139	17	ZIP family zinc transporter
0.000122985533139	17	MULTISPECIES: DUF1329 domain-containing protein
0.000122985533139	17	DUF4410 domain-containing protein
0.000122985533139	17	MULTISPECIES: LrgB family protein
0.000122985533139	17	MULTISPECIES: lytic transglycosylase F
0.000122985533139	17	MULTISPECIES: acetaldehyde dehydrogenase (acetylating)
0.000122985533139	17	MULTISPECIES: acetyl-CoA carboxylase carboxyltransferase subunit
0.000122985533139	17	DUF222 domain-containing protein, partial
0.000122985533139	17	MULTISPECIES: AlpA family phage regulatory protein
0.000122985533139	17	putative Spfh domain / band 7 family
0.000122985533139	17	streptomycin biosynthesis regulator
0.000122985533139	17	MULTISPECIES: CsbD family protein
0.000122985533139	17	DUF3224 domain-containing protein
0.000122985533139	17	putative betaine aldehyde dehydrogenase
0.000122985533139	17	GntR family transcriptional regulator, partial
0.000122985533139	17	DUF378 domain-containing protein
0.000122985533139	17	MULTISPECIES: proteobacterial dedicated sortase system histidine kinase
0.000122985533139	17	MULTISPECIES: NAD-dependent epimerase/dehydratase
0.000122985533139	17	general secretion pathway protein K
0.000122985533139	17	general secretion pathway protein C
0.000122985533139	17	O-antigen related protein
0.000122985533139	17	benzoyl-CoA reductase subunit B
0.000122985533139	17	MULTISPECIES: DUF2200 domain-containing protein
0.000122985533139	17	MULTISPECIES: sugar dehydrogenase
0.000122985533139	17	MULTISPECIES: dihydrodipicolinate synthetase
0.000122985533139	17	MULTISPECIES: beta-ketoacyl synthase
0.000122985533139	17	DNA methylase, partial
0.000122985533139	17	DUF2637 domain-containing protein
0.000122985533139	17	MULTISPECIES: amino acid deaminase
0.000122985533139	17	long-chain fatty acid--CoA ligase, partial
0.000122985533139	17	MULTISPECIES: DNA primase/helicase
0.000122985533139	17	NAD(P)H nitroreductase
0.000122985533139	17	MULTISPECIES: S-formylglutathione hydrolase
0.000122985533139	17	MULTISPECIES: methionine aminopeptidase
0.000122985533139	17	MULTISPECIES: Uma2 family endonuclease
0.000122985533139	17	SigB/SigF/SigG family RNA polymerase sigma factor
0.000122985533139	17	MULTISPECIES: cobalamin biosynthesis protein CbiB
0.000122985533139	17	beta-galactosidase/beta-glucuronidase
0.000122985533139	17	P22 coat protein - protein 5 domain protein
0.000122985533139	17	cellulose synthase BcsB subunit
0.000122985533139	17	phosphoribosyl-ATP pyrophosphatase
0.000122985533139	17	MULTISPECIES: pigment protein
0.000122985533139	17	MBL fold protein
0.000122985533139	17	guanosine-3',5'-bis(diphosphate) 3'-pyrophosphohydrolase
0.000122985533139	17	N-acyl-D-glutamate deacylase
0.000122985533139	17	sulfatase, partial
0.000122985533139	17	aldehyde dehydrogenase (acceptor)
0.000122985533139	17	MULTISPECIES: exo-alpha-sialidase
0.000122985533139	17	indolepyruvate/phenylpyruvate decarboxylase
0.000122985533139	17	MULTISPECIES: DUF2793 domain-containing protein
0.000122985533139	17	MULTISPECIES: 3-beta hydroxysteroid dehydrogenase
0.000122985533139	17	amylovoran biosynthesis protein AmsE
0.000122985533139	17	sulfurtransferase TusD
0.000122985533139	17	SOS mutagenesis protein UmuD
0.000122985533139	17	phopq-activated pathogenicity-related protein pqaa type
0.000122985533139	17	urea transporter
0.000122985533139	17	cytochrome b6-f complex subunit PetN
0.000122985533139	17	MULTISPECIES: D-amino acid dehydrogenase small subunit
0.000122985533139	17	MULTISPECIES: DUF3263 domain-containing protein
0.000122985533139	17	prepilin-type cleavage/methylation protein
0.000122985533139	17	rhs element Vgr protein
0.000122985533139	17	redox protein
0.000122985533139	17	adenine phosphoribosyltransferase, partial
0.000122985533139	17	MULTISPECIES: molybdopterin dehydrogenase
0.000122985533139	17	Tfp pilus assembly protein PilF
0.000122985533139	17	MULTISPECIES: acetolactate synthase catalytic subunit
0.000122985533139	17	lipolytic enzyme
0.000122985533139	17	antitermination regulator
0.000122985533139	17	MULTISPECIES: PspC family transcriptional regulator
0.000122985533139	17	MULTISPECIES: muconolactone delta-isomerase
0.000122985533139	17	D-ribose pyranase
0.000122985533139	17	DUF1350 domain-containing protein
0.000122985533139	17	NAD-specific glutamate dehydrogenase
0.000122985533139	17	aminotransferase V
0.000122985533139	17	2-keto-3-deoxygluconate kinase
0.000122985533139	17	hemolysin expression modulating protein
0.000122985533139	17	MULTISPECIES: enterotoxin
0.000115751090014	16	MULTISPECIES: CoA-disulfide reductase
0.000115751090014	16	MULTISPECIES: short-chain dehydrogenase/reductase SDR
0.000115751090014	16	type II secretory pathway component PulJ
0.000115751090014	16	polyketide synthase, partial
0.000115751090014	16	DNA replication protein DnaC
0.000115751090014	16	nitroreductase A
0.000115751090014	16	MULTISPECIES: bifunctional phosphoserine phosphatase/homoserine phosphotransferase ThrH
0.000115751090014	16	IS1634 family transposase ISVsp1
0.000115751090014	16	hydrogenase maturation protein
0.000115751090014	16	Mg2+ transporter-C, MgtC family protein
0.000115751090014	16	MULTISPECIES: proline racemase
0.000115751090014	16	HfaB protein
0.000115751090014	16	MULTISPECIES: Na+/H+ antiporter subunit E
0.000115751090014	16	DUF2314 domain-containing protein
0.000115751090014	16	MULTISPECIES: tripartite tricarboxylate transporter substrate binding protein BugD
0.000115751090014	16	MULTISPECIES: myo-inositol catabolism protein IolH
0.000115751090014	16	mycofactocin system protein MftB
0.000115751090014	16	sulfurylase
0.000115751090014	16	alanine--glyoxylate aminotransferase
0.000115751090014	16	phage terminase-like protein, large subunit
0.000115751090014	16	sugar-binding protein, glycosyltransferase family
0.000115751090014	16	MULTISPECIES: tryptophan 2,3-dioxygenase
0.000115751090014	16	recombinase, partial
0.000115751090014	16	MULTISPECIES: pilus assembly protein CpaE
0.000115751090014	16	Clp protease proteolytic subunit ClpP
0.000115751090014	16	MULTISPECIES: DNA alkylation repair protein
0.000115751090014	16	amidase, partial
0.000115751090014	16	MULTISPECIES: conjugative coupling factor TraD, PFGI-1 class
0.000115751090014	16	maleylpyruvate isomerase
0.000115751090014	16	Modulator of FtsH protease YccA
0.000115751090014	16	MULTISPECIES: glyoxalase/bleomycin resistance/dioxygenase family protein
0.000115751090014	16	DUF3780 domain-containing protein
0.000115751090014	16	MULTISPECIES: phosphofructokinase
0.000115751090014	16	MULTISPECIES: ATP-dependent RecD-like DNA helicase
0.000115751090014	16	MULTISPECIES: catalase/peroxidase HPI
0.000115751090014	16	MULTISPECIES: methylhydantoinase
0.000115751090014	16	succinate dehydrogenase, partial
0.000115751090014	16	MULTISPECIES: squalene/phytoene synthase
0.000115751090014	16	phosphotriesterase-related protein
0.000115751090014	16	binding-protein-dependent transport systems inner membrane component
0.000115751090014	16	MULTISPECIES: RNA polymerase-binding protein RbpA
0.000115751090014	16	30S ribosomal protein S13, partial
0.000115751090014	16	MULTISPECIES: DUF454 domain-containing protein
0.000115751090014	16	multidrug resistance efflux pump
0.000115751090014	16	thiol:disulfide interchange protein DsbA
0.000115751090014	16	UDP-N-acetylmuramyl pentapeptide phosphotransferase-like protein
0.000115751090014	16	homoserine kinase type II (protein kinase fold)
0.000115751090014	16	polyphosphate kinase 1, partial
0.000115751090014	16	WD40 repeat-containing protein
0.000115751090014	16	carbohydrate kinase, partial
0.000115751090014	16	NADPH-dependent ferric siderophore reductase
0.000115751090014	16	sodium:melibiose symporter
0.000115751090014	16	triose-phosphate isomerase, partial
0.000115751090014	16	hydantoin racemase
0.000115751090014	16	cytochrome b subunit of formate dehydrogenase-like protein
0.000115751090014	16	chemotaxis protein CheA, partial
0.000115751090014	16	restriction endonuclease BglII
0.000115751090014	16	patatin family protein
0.000115751090014	16	MULTISPECIES: NUDIX pyrophosphatase
0.000115751090014	16	peptide synthase, partial
0.000115751090014	16	MULTISPECIES: transcription antitermination factor NusB
0.000115751090014	16	transferase spermidine synthase
0.000115751090014	16	MULTISPECIES: ATP synthase F0 subunit B
0.000115751090014	16	MULTISPECIES: YafY family transcriptional regulator
0.000115751090014	16	glycine betaine ABC transporter substrate-binding protein
0.000115751090014	16	threonine transporter
0.000115751090014	16	S-adenosyl-l-methionine hydroxide adenosyltransferase
0.000115751090014	16	ferredoxin-NADP+ reductase subunit alpha
0.000115751090014	16	ATP-dependent Clp protease ATP-binding subunit ClpA, partial
0.000115751090014	16	DUF2357 domain-containing protein
0.000115751090014	16	50S ribosomal protein L16, partial
0.000115751090014	16	type I-U CRISPR-associated protein Cas7
0.000115751090014	16	CRISPR-associated protein Cmr3
0.000115751090014	16	plasmid stabilization protein, partial
0.000115751090014	16	MULTISPECIES: DUF4432 domain-containing protein
0.000115751090014	16	tRNA pseudouridine(65) synthase TruC
0.000115751090014	16	two-component system sensor histidine kinase CpxA
0.000115751090014	16	adhesin, partial
0.000115751090014	16	MULTISPECIES: stringent starvation protein B
0.000115751090014	16	L-sorbose 1-phosphate reductase
0.000115751090014	16	chemotaxis-specific protein-glutamate methylesterase CheB
0.000115751090014	16	hcalcium-binding protein
0.000115751090014	16	Selenocysteine synthase (seryl-tRNASer selenium transferase)-like protein
0.000115751090014	16	DNA polymerase I family protein with 3'-5'-exonuclease and polymerase domains
0.000115751090014	16	FeS assembly protein
0.000115751090014	16	MULTISPECIES: aldehyde reductase
0.000115751090014	16	L-erythro-3,5-diaminohexanoate dehydrogenase
0.000115751090014	16	MULTISPECIES: alpha-1,2-fucosyltransferase
0.000115751090014	16	MULTISPECIES: c-type cytochrome biogenesis protein CcmI
0.000115751090014	16	DUF2277 domain-containing protein
0.000115751090014	16	cytochrome D ubiquinol oxidase subunit I
0.000115751090014	16	ArtI protein
0.000115751090014	16	flagellar filament capping protein FliD
0.000115751090014	16	metallo-protease FtsH
0.000115751090014	16	MULTISPECIES: acetamidase/formamidase family protein
0.000115751090014	16	molybdopterin molybdotransferase
0.000115751090014	16	MULTISPECIES: GAF domain-containing protein
0.000115751090014	16	protein dehydratase
0.000115751090014	16	MULTISPECIES: FAD-containing monooxygenase EthA
0.000115751090014	16	DUF4248 domain-containing protein
0.000115751090014	16	DUF1523 domain-containing protein
0.000115751090014	16	MULTISPECIES: peptidase U35
0.000115751090014	16	C4-dicarboxylate transporter 2
0.000115751090014	16	MULTISPECIES: addiction module toxin RelE
0.000115751090014	16	phage-related protein
0.000115751090014	16	terminase A
0.000115751090014	16	cytochrome C551
0.000115751090014	16	Rsd/AlgQ family anti-sigma factor
0.000115751090014	16	structural protein MipA
0.000115751090014	16	aspartate carbamoyltransferase regulatory subunit
0.000115751090014	16	photosystem II protein Psb27
0.000115751090014	16	N-acyl-D-amino acid deacylase
0.000115751090014	16	MULTISPECIES: chlorophyll synthesis pathway protein BchC
0.000115751090014	16	CRISPR-associated protein
0.000115751090014	16	saccharopine dehydrogenase-like oxidoreductase
0.000115751090014	16	MULTISPECIES: DNA topoisomerase IV
0.000115751090014	16	MULTISPECIES: ATP-dependent Clp protease ATP-binding subunit ClpC
0.000115751090014	16	MULTISPECIES: multifunctional fatty acid oxidation complex subunit alpha
0.000115751090014	16	virulence protein SciE type
0.000115751090014	16	MULTISPECIES: beta-xylosidase
0.000115751090014	16	periplasmic solute-binding protein
0.000115751090014	16	MULTISPECIES: GMP reductase
0.000115751090014	16	MULTISPECIES: GLPGLI family protein
0.000115751090014	16	cytochrome c nitrite reductase small subunit
0.000115751090014	16	soluble aldose sugar dehydrogenase
0.000115751090014	16	restriction/modification enzyme
0.000115751090014	16	photosystem II reaction center protein PsbN
0.000115751090014	16	type VI secretion system protein ImpL
0.000115751090014	16	outer membrane insertion C- signal
0.000115751090014	16	P-type conjugative transfer protein TrbL
0.000115751090014	16	DUF3892 domain-containing protein
0.000115751090014	16	MULTISPECIES: peptidase U62
0.000115751090014	16	MULTISPECIES: acyl-CoA transferase
0.000115751090014	16	MULTISPECIES: recombination factor protein RarA
0.000115751090014	16	type I-E CRISPR-associated protein Cas6/Cse3/CasE
0.000115751090014	16	MULTISPECIES: N5,N10-methylene tetrahydromethanopterin reductase
0.000115751090014	16	fatty acyl-AMP ligase
0.000115751090014	16	NLP/P60 family protein
0.000115751090014	16	low-complexity protein
0.000115751090014	16	bacteriocin
0.000115751090014	16	type II restriction-modification enzyme
0.000115751090014	16	cell shape-determining protein
0.000115751090014	16	inner membrane transport permease
0.000115751090014	16	MULTISPECIES: PipA
0.000115751090014	16	rubredoxin--NAD(+) reductase
0.000115751090014	16	Neutral endopeptidase
0.000115751090014	16	MULTISPECIES: 3'(2'),5'-bisphosphate nucleotidase
0.000115751090014	16	MULTISPECIES: gliding motility lipoprotein GldB
0.000115751090014	16	DUF2875 domain-containing protein
0.000115751090014	16	quinohemoprotein amine dehydrogenase maturation protein
0.000115751090014	16	M6 family metalloprotease domain-containing protein
0.000115751090014	16	MULTISPECIES: Flp pilus assembly protein CpaB
0.000115751090014	16	alkanesulfonate transporter permease subunit
0.000115751090014	16	ribulose-5-phosphate 3-epimerase
0.000115751090014	16	lipolytic enzyme, G-D-S-L family
0.000115751090014	16	exonuclease V subunit beta
0.000115751090014	16	putative selenate reductase subunit YgfK
0.000115751090014	16	adenylate/guanylate cyclase domain-containing protein, partial
0.000115751090014	16	N-alpha-acetyl diaminobutyric acid deacetylase DoeB
0.000115751090014	16	alpha-L-fucosidase, partial
0.000115751090014	16	glycosyltransferase involved in cell wall biogenesis
0.000115751090014	16	tetracycline resistance ribosomal protection protein
0.000115751090014	16	DNA/RNA SNF2 family helicase
0.000115751090014	16	putrescine-ornithine antiporter
0.000115751090014	16	fumarate hydratase class I, anaerobic
0.000115751090014	16	IS3 family transposase ISMno31
0.000115751090014	16	replication initiation factor DnaA protein
0.000115751090014	16	MULTISPECIES: DUF2461 domain-containing protein
0.000115751090014	16	aspartate-semialdehyde dehydrogenase, partial
0.000115751090014	16	potassium transport system protein Kup
0.000115751090014	16	MULTISPECIES: DUF433 domain-containing protein
0.000115751090014	16	phage shock protein PspC
0.000115751090014	16	exopolysaccharide synthesis protein
0.000115751090014	16	MULTISPECIES: DUF805 domain-containing protein
0.000115751090014	16	protein acetyltransferase
0.000115751090014	16	hint domain-containing protein
0.000115751090014	16	D-lysine 5,6-aminomutase subunit alpha
0.000115751090014	16	MULTISPECIES: polyhydroxyalkanoate biosynthesis repressor PhaR
0.000115751090014	16	PhoPQ-activated pathogenicity
0.000115751090014	16	peptidase M36 fungalysin
0.000115751090014	16	Organic solvent tolerance protein OstA
0.000115751090014	16	MULTISPECIES: MiaB/RimO family radical SAM methylthiotransferase
0.000115751090014	16	MULTISPECIES: PA-phosphatase-like phosphoesterase
0.000115751090014	16	alpha-L-fucosidase precursor
0.000115751090014	16	MULTISPECIES: ABC-ATPase UvrA, partial
0.000115751090014	16	PKD repeat-containing protein
0.000115751090014	16	MULTISPECIES: FAD-dependent monooxygenase
0.000115751090014	16	MULTISPECIES: type II 3-dehydroquinate dehydratase
0.000115751090014	16	Dot/Icm secretion system ATPase DotB
0.000115751090014	16	histone acetyltransferase
0.000115751090014	16	MULTISPECIES: type I secretion C-terminal target domain-containing protein
0.000115751090014	16	MULTISPECIES: phosphonate ABC transporter
0.000115751090014	16	MULTISPECIES: D-arabino 3-hexulose 6-phosphate aldehyde lyase
0.000115751090014	16	MULTISPECIES: ATP F0F1 synthase subunit gamma
0.000115751090014	16	3-deoxy-7-phosphoheptulonate synthase, partial
0.000115751090014	16	acetyl-/propionyl-CoA carboxylase subunit alpha, partial
0.000115751090014	16	MULTISPECIES: fructose bisphosphate aldolase
0.000115751090014	16	MULTISPECIES: plasmid stabilization protein
0.000115751090014	16	heme iron utilization protein
0.000115751090014	16	MULTISPECIES: copper resistance protein CopD
0.000115751090014	16	MULTISPECIES: linear amide C-N hydrolase
0.000115751090014	16	transposon DNA-invertase
0.000115751090014	16	preprotein translocase subunit TatA
0.000115751090014	16	MULTISPECIES: thiamine biosynthesis protein ThiS
0.000115751090014	16	HEAT domain containing protein
0.000115751090014	16	RNA ligase, T4 RnlA
0.000115751090014	16	MULTISPECIES: DUF1768 domain-containing protein
0.000115751090014	16	TIGR03752 family integrating conjugative element protein
0.000115751090014	16	MULTISPECIES: STAS domain-containing protein
0.000115751090014	16	anthranilate synthase subunit II
0.000115751090014	16	sarcosine oxidase gamma subunit
0.000115751090014	16	MULTISPECIES: glycoside hydrolase family 1 protein
0.000115751090014	16	MULTISPECIES: glycosylase
0.000115751090014	16	RHS repeat-associated core domain protein
0.000115751090014	16	neutral protease
0.000115751090014	16	protein Mom
0.000115751090014	16	pyruvate phosphate dikinase PEP/pyruvate-binding protein
0.000115751090014	16	cytochrome b6 family protein
0.000115751090014	16	DUF2135 domain-containing protein
0.000115751090014	16	MULTISPECIES: Cys-tRNA(Pro) deacylase
0.000115751090014	16	GDP-mannose pyrophosphorylase, partial
0.000115751090014	16	chloramphenicol acetyltransferase CAT
0.000115751090014	16	MULTISPECIES: DUF1631 domain-containing protein
0.000115751090014	16	DUF3531 domain-containing protein
0.000115751090014	16	imidazole glycerol phosphate synthase subunit HisF, partial
0.000115751090014	16	MULTISPECIES: FMN-dependent NADH-azoreductase
0.000115751090014	16	MULTISPECIES: crotonase
0.000115751090014	16	proline dehydrogenase, partial
0.000115751090014	16	beta-galactosidase, partial
0.000115751090014	16	bifunctional tRNA 2-selenouridine(34) synthase MnmH/selenide, water dikinase SelD
0.000115751090014	16	40-residue YVTN family beta-propeller repeat-containing protein
0.000115751090014	16	protein-tyrosine kinase
0.000115751090014	16	metalloenzyme
0.000115751090014	16	MULTISPECIES: glutathione-dependent disulfide-bond oxidoreductase
0.000115751090014	16	DUF1207 domain-containing protein
0.000115751090014	16	MULTISPECIES: guanine deaminase
0.000115751090014	16	protein FixA
0.000115751090014	16	beta-1,4-xylanase
0.000115751090014	16	virion core protein
0.000115751090014	16	bleomycin resistance protein
0.000115751090014	16	MULTISPECIES: sulfite oxidase
0.000115751090014	16	phosphoglycerate mutase (2,3-diphosphoglycerate-independent), partial
0.000115751090014	16	four-helix bundle copper-binding protein
0.000115751090014	16	MULTISPECIES: adenylyltransferase
0.000115751090014	16	BNR/Asp-box repeat-containing protein
0.000115751090014	16	ring-hydroxylating dioxygenase
0.000115751090014	16	bacteriocin maturation radical SAM protein 1
0.000115751090014	16	CAAX amino protease
0.000115751090014	16	type I-F CRISPR-associated protein Csy2
0.000115751090014	16	MULTISPECIES: multidrug ABC transporter substrate-binding protein
0.000115751090014	16	FenI
0.000115751090014	16	MULTISPECIES: type I restriction endonuclease subunit M
0.000115751090014	16	MULTISPECIES: calcium-binding protein
0.000115751090014	16	poly(3-hydroxyalkanoate) polymerase
0.000115751090014	16	luciferase
0.000115751090014	16	IS4 family transposase ISCja2
0.000115751090014	16	16S RNA G1207 methylase RsmC
0.000115751090014	16	HaeIII family restriction endonuclease
0.000115751090014	16	MULTISPECIES: multidrug MFS transporter
0.000115751090014	16	MULTISPECIES: Twin-arginine translocation pathway signal
0.000115751090014	16	inositol phosphatase
0.000115751090014	16	microcystinase C
0.000115751090014	16	phosphate transporter permease subunit PstC
0.000115751090014	16	RpiB/LacA/LacB family sugar-phosphate isomerase
0.000115751090014	16	glycoside hydrolase family 101
0.000115751090014	16	MULTISPECIES: DUF1302 domain-containing protein
0.000115751090014	16	fructose reductase
0.000115751090014	16	YceG family protein
0.000115751090014	16	ATP-grasp domain protein
0.000115751090014	16	MULTISPECIES: benzoate 1,2-dioxygenase small subunit
0.000115751090014	16	MULTISPECIES: Pup--protein ligase
0.000115751090014	16	FusA/NodT family protein
0.000115751090014	16	chemotaxis protein MotA
0.000115751090014	16	penicillin acylase family protein, partial
0.000115751090014	16	lipid kinase YegS
0.000115751090014	16	MULTISPECIES: IS3 family transposase ISDsp2
0.000115751090014	16	ComE operon protein 2
0.000115751090014	16	MloB
0.000115751090014	16	MULTISPECIES: AMP-binding acetyl-CoA synthetase
0.000115751090014	16	DUF3102 domain-containing protein
0.000115751090014	16	MULTISPECIES: serine/threonine-protein kinase
0.000115751090014	16	GTPase Era, partial
0.000115751090014	16	DUF3552 domain-containing protein
0.000115751090014	16	aldose sugar dehydrogenase YliI
0.000115751090014	16	MULTISPECIES: 3-methylcrotonyl-CoA carboxylase
0.000115751090014	16	bactoprenol glucosyl transferase
0.000115751090014	16	MlrC family protein 8
0.000115751090014	16	MULTISPECIES: tetratricopeptide repeat-containing protein
0.000115751090014	16	MULTISPECIES: glycosyl hydrolase family 32
0.000115751090014	16	manganese efflux pump
0.000115751090014	16	peptidase S51 dipeptidase E
0.000115751090014	16	toxin YoeB
0.000115751090014	16	carboxylyase
0.000115751090014	16	MULTISPECIES: metal-dependent phosphohydrolase
0.000115751090014	16	MULTISPECIES: N-acetylglucosamine kinase-like protein
0.000115751090014	16	acylaminoacyl-peptidase
0.000115751090014	16	Lipase LipH
0.000108516646888	15	tetrapyrrole methylase
0.000108516646888	15	IPT/TIG domain/outer membrane autotransporter barrel domain-containing protein
0.000108516646888	15	MULTISPECIES: branched-chain alpha-keto acid dehydrogenase subunit E2
0.000108516646888	15	5'-methylthioadenosine nucleosidase / S-adenosylhomocysteine nucleosidase
0.000108516646888	15	regulatory sensor-transducer, BlaR1/MecR1 family protein
0.000108516646888	15	Na+/H+ antiporter subunit G
0.000108516646888	15	Bug family protein
0.000108516646888	15	peptidoglycan-binding lysin domain-containing protein
0.000108516646888	15	MULTISPECIES: YitT family protein
0.000108516646888	15	TldD/PmbA family protein
0.000108516646888	15	thermostable hemolysin
0.000108516646888	15	Tellurium resistance protein TerD
0.000108516646888	15	modulator of DNA gyrase
0.000108516646888	15	MULTISPECIES: histidine utilization repressor
0.000108516646888	15	addiction module antidote protein
0.000108516646888	15	MULTISPECIES: molybdopterin biosynthesis protein
0.000108516646888	15	DUF3440 domain-containing protein
0.000108516646888	15	Plug domain-containing protein
0.000108516646888	15	MULTISPECIES: EscV/YscV/HrcV family type III secretion system export apparatus protein
0.000108516646888	15	MULTISPECIES: phosphosulfolactate synthase
0.000108516646888	15	alpha-D-quinac alpha-1,3-galactosyltransferase
0.000108516646888	15	MULTISPECIES: N-formylglutamate deformylase
0.000108516646888	15	DUF2199 domain-containing protein
0.000108516646888	15	lipoamide acyltransferase component of branched-chain alpha-keto acid dehydrogenase complex
0.000108516646888	15	carbamoylphosphate synthase large subunit short form
0.000108516646888	15	Hin recombinase
0.000108516646888	15	MULTISPECIES: DoxX family membrane protein
0.000108516646888	15	C-methyltransferase
0.000108516646888	15	DUF3144 domain-containing protein
0.000108516646888	15	tetratricopeptide repeat protein 38 family protein
0.000108516646888	15	zinc/manganese transporter permease
0.000108516646888	15	pyridine nucleotide transhydrogenase (proton pump), subunit beta
0.000108516646888	15	N,N'-diacetylchitobiose phosphorylase
0.000108516646888	15	transformation system protein
0.000108516646888	15	intein-containing DNA polymerase III subunit gamma/tau
0.000108516646888	15	MULTISPECIES: gas vesicle structural protein
0.000108516646888	15	ATP-dependent Clp protease ATP-binding protein ClpC
0.000108516646888	15	Halomucin;Precursor
0.000108516646888	15	cytochrome B562
0.000108516646888	15	pilus assembly protein PilX
0.000108516646888	15	MULTISPECIES: fasciclin
0.000108516646888	15	Asp23/Gls24 family envelope stress response protein
0.000108516646888	15	response regulator receiver modulated diguanylate cyclase
0.000108516646888	15	ATP-cone domain-containing protein
0.000108516646888	15	acetyl-CoA C-acyltransferase FadI
0.000108516646888	15	proteinase inhibitor
0.000108516646888	15	MULTISPECIES: GIY-YIG nuclease family protein
0.000108516646888	15	D-alanine aminotransferase
0.000108516646888	15	tryptophan--tRNA ligase, partial
0.000108516646888	15	MULTISPECIES: arginine N-succinyltransferase
0.000108516646888	15	zinc ABC transporter ATPase
0.000108516646888	15	macrolide 2'-phosphotransferase
0.000108516646888	15	MULTISPECIES: mechanosensitive ion channel protein
0.000108516646888	15	DUF992 domain-containing protein
0.000108516646888	15	gamma-butyrobetaine hydroxylase
0.000108516646888	15	DUF3408 domain-containing protein
0.000108516646888	15	MULTISPECIES: DUF1275 domain-containing protein
0.000108516646888	15	monooxygenase FAD-binding
0.000108516646888	15	MULTISPECIES: pilus assembly protein TadB
0.000108516646888	15	protein ImuB
0.000108516646888	15	chaperone ClpB
0.000108516646888	15	putative hydantoinase B
0.000108516646888	15	HupC
0.000108516646888	15	phosphoesterase PA-phosphatase related protein
0.000108516646888	15	MULTISPECIES: type I pullulanase
0.000108516646888	15	MULTISPECIES: alpha-2-macroglobulin
0.000108516646888	15	putative acetyl-CoA synthetase, alpha sub-unit
0.000108516646888	15	cytochrome C biogenesis protein CcmM
0.000108516646888	15	Phage-related tail fiber protein-like protein
0.000108516646888	15	MULTISPECIES: DUF499 domain-containing protein
0.000108516646888	15	proteobacterial dedicated sortase system response regulator
0.000108516646888	15	aspartate/tyrosine/aromatic aminotransferase, partial
0.000108516646888	15	IS3 family transposase IS1416
0.000108516646888	15	DUF1887 domain-containing protein
0.000108516646888	15	MULTISPECIES: TIGR00159 family protein
0.000108516646888	15	V-type ATP synthase subunit I
0.000108516646888	15	putative peptide maturation dehydrogenase
0.000108516646888	15	MULTISPECIES: peptidase T
0.000108516646888	15	exopolysaccharide production protein
0.000108516646888	15	trehalose/maltose hydrolase or phosphorylase
0.000108516646888	15	EpsI family protein
0.000108516646888	15	glycosyltransferase family 2 protein, partial
0.000108516646888	15	MULTISPECIES: succinate dehydrogenase assembly factor 2
0.000108516646888	15	MULTISPECIES: methionine gamma-lyase
0.000108516646888	15	IS3 family transposase ISPmar2
0.000108516646888	15	MULTISPECIES: very short patch repair endonuclease
0.000108516646888	15	malonate decarboxylase acyl carrier protein
0.000108516646888	15	methanol dehydrogenase, partial
0.000108516646888	15	DUF1830 domain-containing protein
0.000108516646888	15	molybdopterin-synthase sulfurylase
0.000108516646888	15	MULTISPECIES: methionine ABC transporter substrate-binding protein
0.000108516646888	15	DNA topoisomerase III, partial
0.000108516646888	15	phycobilisome rod-core linker polypeptide CpcG2
0.000108516646888	15	spore germination protein
0.000108516646888	15	IS3 family transposase ISAs9
0.000108516646888	15	Red carotenoid-binding protein
0.000108516646888	15	arginine aminotransferase
0.000108516646888	15	MULTISPECIES: arginine/ornithine succinyltransferase subunit alpha
0.000108516646888	15	phosphoribosyl-ATP pyrophosphohydrolase
0.000108516646888	15	MULTISPECIES: multicopper oxidase
0.000108516646888	15	dihydroorotase-like protein
0.000108516646888	15	carbon starvation protein CstA
0.000108516646888	15	MULTISPECIES: GDSL family lipase
0.000108516646888	15	MULTISPECIES: xanthine phosphoribosyltransferase
0.000108516646888	15	glutamate--tRNA ligase, partial
0.000108516646888	15	DUF2934 domain-containing protein
0.000108516646888	15	TIGR02587 family membrane protein
0.000108516646888	15	DUF3014 domain-containing protein
0.000108516646888	15	MULTISPECIES: type III glutamate--ammonia ligase
0.000108516646888	15	MULTISPECIES: FAD binding domain-containing protein
0.000108516646888	15	DUF2000 domain-containing protein
0.000108516646888	15	MULTISPECIES: alkylhydroperoxidase
0.000108516646888	15	flagellar motor rotation protein MotB
0.000108516646888	15	MULTISPECIES: polyketide synthase
0.000108516646888	15	bifunctional (p)ppGpp synthetase II/ guanosine-3',5'-bis pyrophosphate 3'-pyrophosphohydrolase
0.000108516646888	15	molybdenum ABC transporter permease
0.000108516646888	15	MULTISPECIES: protease HtpX
0.000108516646888	15	Tetratricopeptide TPR_2 repeat protein
0.000108516646888	15	MULTISPECIES: peptidase U32
0.000108516646888	15	DUF2799 domain-containing protein
0.000108516646888	15	iron oxidase
0.000108516646888	15	flagellar hook 2 domain-containing protein
0.000108516646888	15	MULTISPECIES: 4-deoxy-4-formamido-L-arabinose-phosphoundecaprenol deformylase
0.000108516646888	15	xylan esterase
0.000108516646888	15	polysulfide reductase chain C
0.000108516646888	15	outer membrane assembly protein YaeT
0.000108516646888	15	MULTISPECIES: lactam utilization protein LamB
0.000108516646888	15	plasmid stabilization system protein
0.000108516646888	15	nitrate transport permease nrtB
0.000108516646888	15	Na(+)/H(+) antiporter subunit D
0.000108516646888	15	GK12566 gene product from transcript GK12566-RA
0.000108516646888	15	MULTISPECIES: ATP-dependent RNA helicase RhlE
0.000108516646888	15	S9 family peptidase, partial
0.000108516646888	15	DUF3828 domain-containing protein
0.000108516646888	15	ATP F0F1 synthase subunit B'
0.000108516646888	15	mitomycin resistance protein
0.000108516646888	15	MULTISPECIES: cytochrome b6-f complex subunit 5
0.000108516646888	15	MULTISPECIES: pyruvate:ferredoxin (flavodoxin) oxidoreductase
0.000108516646888	15	DUF1059 domain-containing protein
0.000108516646888	15	putative DNA methylase
0.000108516646888	15	enterobactin esterase
0.000108516646888	15	MULTISPECIES: glycerol-3-phosphate 1-O-acyltransferase
0.000108516646888	15	tellurite resistance methyltransferase TehB
0.000108516646888	15	sulfate adenylyltransferase subunit 1
0.000108516646888	15	MULTISPECIES: EscC/YscC/HrcC family type III secretion system outer membrane ring protein
0.000108516646888	15	chloride transporter ClC family
0.000108516646888	15	glutamate carboxypeptidase, partial
0.000108516646888	15	MULTISPECIES: uracil permease
0.000108516646888	15	glycosyl hydrolase family 1
0.000108516646888	15	MULTISPECIES: DUF1364 domain-containing protein
0.000108516646888	15	glutamine ABC transporter substrate-binding protein
0.000108516646888	15	DUF814 domain-containing protein
0.000108516646888	15	fibro-slime domain-containing protein
0.000108516646888	15	MULTISPECIES: putative porin
0.000108516646888	15	phosphonate transporter
0.000108516646888	15	protein-xanthan lyase
0.000108516646888	15	MULTISPECIES: histidinol phosphate phosphatase
0.000108516646888	15	MATE family multidrug exporter
0.000108516646888	15	RHS protein
0.000108516646888	15	quinol dehydrogenase ferredoxin subunit NapH
0.000108516646888	15	putative hydrolase or acyltransferase
0.000108516646888	15	MULTISPECIES: DUF4105 domain-containing protein
0.000108516646888	15	phage-related lysozyme
0.000108516646888	15	flagellar protein FlbA
0.000108516646888	15	TatD family hydrolase
0.000108516646888	15	DUF444 domain-containing protein
0.000108516646888	15	ribonuclease E/G family protein
0.000108516646888	15	heptose kinase
0.000108516646888	15	heme NO-binding domain-containing protein
0.000108516646888	15	ppiB protein
0.000108516646888	15	MULTISPECIES: proteasome ATPase
0.000108516646888	15	mucin-desulfating sulfatase
0.000108516646888	15	MULTISPECIES: cbb3-type cytochrome c oxidase subunit I
0.000108516646888	15	DUF2294 domain-containing protein
0.000108516646888	15	HsdR family type I site-specific deoxyribonuclease
0.000108516646888	15	Ig domain protein
0.000108516646888	15	MULTISPECIES: gliding motility lipoprotein GldK
0.000108516646888	15	MULTISPECIES: CDP-4-keto-6-deoxy-D-glucose-3-dehydrase
0.000108516646888	15	MULTISPECIES: DUF1415 domain-containing protein
0.000108516646888	15	DUF3160 domain-containing protein
0.000108516646888	15	acyl-CoA N-acyltransferase
0.000108516646888	15	bax protein (hydrolyses peptidoglycan)
0.000108516646888	15	beta-Ala-His dipeptidase
0.000108516646888	15	dinitrogenase iron-molybdenum cofactor biosynthesis protein
0.000108516646888	15	periplasmic protein
0.000108516646888	15	pyoverdine biosynthesis protein PvcA
0.000108516646888	15	MULTISPECIES: glutathione-dependent formaldehyde dehydrogenase
0.000108516646888	15	type II secretion system protein N
0.000108516646888	15	nucleotidyltransferase substrate-binding protein
0.000108516646888	15	MULTISPECIES: DUF421 domain-containing protein
0.000108516646888	15	cytochrome c556
0.000108516646888	15	cytochrome c551
0.000108516646888	15	type I secretion system ATPase
0.000108516646888	15	Leucine-specific-binding protein precursor
0.000108516646888	15	DUF438 domain-containing protein
0.000108516646888	15	MULTISPECIES: ribonuclease E (RNase E)
0.000108516646888	15	sugar ABC transporter ATP-binding protein, partial
0.000108516646888	15	conjugal transfer protein TrbG
0.000108516646888	15	flagellar hook-associated protein 2
0.000108516646888	15	MULTISPECIES: amino acid ABC transporter
0.000108516646888	15	xylose operon transcription regulator XylR
0.000108516646888	15	DUF2479 domain-containing protein
0.000108516646888	15	Mg2+/Co2+ transporter
0.000108516646888	15	ornithine monooxygenase
0.000108516646888	15	30S ribosomal protein S8, partial
0.000108516646888	15	23S rRNA (uracil(747)-C(5))-methyltransferase
0.000108516646888	15	vanillate O-demethylase oxidoreductase VanB
0.000108516646888	15	exostosin
0.000108516646888	15	IS3 family transposase ISOgr2
0.000108516646888	15	MULTISPECIES: molecular chaperone
0.000108516646888	15	two-component system response regulator UvrY
0.000108516646888	15	DUF4224 domain-containing protein
0.000108516646888	15	NADH dehydrogenase subunit 1
0.000108516646888	15	SprT family protein
0.000108516646888	15	flavin reductase family protein, partial
0.000108516646888	15	UDP-N-acetylmuramate dehydrogenase
0.000108516646888	15	Sulfur compound chelating protein SoxZ
0.000108516646888	15	spfh domain / band 7 family protein
0.000108516646888	15	halogenase
0.000108516646888	15	outer membrane lipoprotein Blc
0.000108516646888	15	lysogenization protein HflD
0.000108516646888	15	bifunctional methionine sulfoxide reductase B/A protein
0.000108516646888	15	3-(2,3-dihydroxyphenyl)propionate dioxygenase
0.000108516646888	15	adenylate synthase
0.000108516646888	15	MULTISPECIES: glutaminase
0.000108516646888	15	GCN5-related N-acetyltransferase:acetyl-CoA hydrolase/transferase
0.000108516646888	15	MMPL family RND transporter
0.000108516646888	15	HD family protein
0.000108516646888	15	type I secretion target
0.000108516646888	15	multidrug transporter, partial
0.000108516646888	15	malonate decarboxylase holo
0.000108516646888	15	MULTISPECIES: cytosine permease
0.000108516646888	15	photosystem II oxygen evolving complex protein PsbP
0.000108516646888	15	conjugal transfer protein TraU
0.000108516646888	15	CRISPR-associated protein Csy3
0.000108516646888	15	DUF3146 domain-containing protein
0.000108516646888	15	MULTISPECIES: DUF2805 domain-containing protein
0.000108516646888	15	pyruvate decarboxylase, partial
0.000108516646888	15	MULTISPECIES: DUF2807 domain-containing protein
0.000108516646888	15	fatty acid synthase subunit beta
0.000108516646888	15	MULTISPECIES: rhamnulokinase
0.000108516646888	15	phage antirepressor Ant
0.000108516646888	15	MULTISPECIES: serine hydrolase family protein
0.000108516646888	15	flagellar basal-body rod protein FlgB
0.000108516646888	15	MULTISPECIES: competence protein ComEC
0.000108516646888	15	corrinoid ABC transporter substrate-binding protein
0.000108516646888	15	chitin-binding protein
0.000108516646888	15	MULTISPECIES: protein PucC
0.000108516646888	15	DUF4347 domain-containing protein, partial
0.000108516646888	15	MULTISPECIES: tripartite tricarboxylate transporter receptor protein
0.000108516646888	15	recombination protein RarA
0.000108516646888	15	cytochrome c, mono- and diheme variants family
0.000108516646888	15	SulP family sulfate transporter
0.000108516646888	15	IS3 family transposase ISDba1
0.000108516646888	15	prkA protein
0.000108516646888	15	sulfate transporter subunit, partial
0.000108516646888	15	protein gvpF/L
0.000108516646888	15	GDP-mannose mannosyl hydrolase
0.000108516646888	15	glutathione S-transferase, partial
0.000108516646888	15	TatD family deoxyribonuclease, partial
0.000108516646888	15	CtpF protein
0.000108516646888	15	MULTISPECIES: host specificity protein J
0.000108516646888	15	enoyl-CoA hydratase/carnithine racemase
0.000108516646888	15	MULTISPECIES: IS3 family transposase ISThsp11
0.000108516646888	15	MULTISPECIES: penicillin-binding protein activator
0.000108516646888	15	30S ribosomal protein S1, partial
0.000108516646888	15	MULTISPECIES: IS5 family transposase
0.000108516646888	15	DUF2530 domain-containing protein
0.000108516646888	15	S-adenosylmethionine synthetase
0.000108516646888	15	ATP-dependent helicase DinG
0.000108516646888	15	type I-F CRISPR-associated protein Cas7f/Csy3
0.000108516646888	15	MULTISPECIES: DNAase
0.000108516646888	15	MULTISPECIES: dipeptidase
0.000108516646888	15	alpha-1,3-fucosyltransferase
0.000108516646888	15	cysteine--1-D-myo-inosityl 2-amino-2-deoxy-alpha-D-glucopyranoside ligase, partial
0.000108516646888	15	Mg2 transporter protein CorA
0.000108516646888	15	MULTISPECIES: DUF554 domain-containing protein
0.000108516646888	15	SMP-30/gluconolaconase/LRE domain-containing protein
0.000108516646888	15	cytochrome b6-f complex subunit 4
0.000108516646888	15	thiamine pyrophosphate-binding domain-containing protein
0.000108516646888	15	beta-glucanase/beta-glucan synthetase
0.000108516646888	15	HAD hydrolase
0.000108516646888	15	50S ribosomal protein L2, partial
0.000108516646888	15	DNA uptake protein
0.000108516646888	15	FAD:protein FMN transferase ApbE
0.000108516646888	15	MULTISPECIES: right-handed parallel beta-helix repeat-containing protein
0.000108516646888	15	MULTISPECIES: phosphate acetyltransferase
0.000108516646888	15	MULTISPECIES: cell division protein Fic
0.000108516646888	15	prepilin-type cleavage/methylation domain-containing protein, partial
0.000108516646888	15	malate permease
0.000108516646888	15	integrase catalytic core phage domain protein
0.000108516646888	15	aminoglycoside/multidrug transporter subunit AcrD
0.000108516646888	15	MULTISPECIES: DUF188 domain-containing protein
0.000108516646888	15	GIY-YIG nuclease
0.000108516646888	15	MULTISPECIES: benzoate-CoA ligase family protein
0.000108516646888	15	MULTISPECIES: urea ABC transporter ATP-binding subunit UrtE
0.000108516646888	15	tetrahydrodipicolinate N-succinyltransferase
0.000108516646888	15	MULTISPECIES: IS3 family transposase ISNisp3
0.000108516646888	15	Poxvirus D5-like protein
0.000108516646888	15	MULTISPECIES: 1,4-beta-D-glucan glucohydrolase
0.000108516646888	15	MBOAT family protein, partial
0.000108516646888	15	MULTISPECIES: two-component system response regulator OmpR
0.000108516646888	15	Helicase-like, DEXD box c2 type
0.000108516646888	15	DUF3465 domain-containing protein
0.000108516646888	15	MULTISPECIES: RNA polymerase subunit sigma-70
0.000108516646888	15	MULTISPECIES: biopolymer transporter
0.000108516646888	15	RecJ-like exonuclease (DnaJ-type Zn finger protein)
0.000108516646888	15	voltage-gated chloride channel
0.000108516646888	15	zinc metallopeptidase
0.000108516646888	15	MULTISPECIES: type III restriction endonuclease subunit R
0.000108516646888	15	N,N-dimethylformamidase large subunit
0.000108516646888	15	photolyase family
0.000108516646888	15	peptidase T4
0.000108516646888	15	hyalin repeat-containing protein
0.000108516646888	15	ninG protein
0.000108516646888	15	Band 7 protein
0.000108516646888	15	MULTISPECIES: iron/manganese transporter
0.000108516646888	15	MULTISPECIES: N-carbamoyl-D-amino-acid hydrolase
0.000108516646888	15	MULTISPECIES: metallopeptidase
0.000108516646888	15	alpha-glucosidase, partial
0.000108516646888	15	MULTISPECIES: sugar phosphate isomerase
0.000108516646888	15	MULTISPECIES: TIGR02099 family protein
0.000108516646888	15	MULTISPECIES: Asp/Glu/hydantoin racemase
0.000108516646888	15	acyl-CoA dehydrogenase C-terminal domain protein
0.000108516646888	15	rhamnosyl transferase
0.000108516646888	15	oxidoreductase domain protein
0.000108516646888	15	MULTISPECIES: tRNA-binding protein
0.000108516646888	15	glucose/galactose transporter family protein
0.000108516646888	15	glucose-6-phosphate dehydrogenase, partial
0.000108516646888	15	butanediol dehydrogenase
0.000108516646888	15	autotransporter adhesin
0.000108516646888	15	arabinose dehydrogenase
0.000108516646888	15	MULTISPECIES: DUF475 domain-containing protein
0.000108516646888	15	NadR
0.000108516646888	15	PTS ascorbate transporter subunit IIC
0.000101282203762	14	3-hydroxy-3-methylglutaryl CoA synthase
0.000101282203762	14	MULTISPECIES: sulfonate ABC transporter substrate-binding protein
0.000101282203762	14	putative type II secretion system protein E
0.000101282203762	14	2-oxoacid:ferredoxin oxidoreductase subunit gamma
0.000101282203762	14	cyanate MFS transporter
0.000101282203762	14	cell division protein ZapB
0.000101282203762	14	S-adenosyl-L-methionine (SAM)-dependent methyltransferase
0.000101282203762	14	MULTISPECIES: maleylacetate reductase
0.000101282203762	14	carbapenem antibiotic biosynthesis protein CarD
0.000101282203762	14	peptidyl-dipeptidase Dcp
0.000101282203762	14	lysophospholipid transporter LplT, partial
0.000101282203762	14	primosomal protein N' (replication factor Y) - superfamily II helicase
0.000101282203762	14	MULTISPECIES: GABA permease
0.000101282203762	14	MULTISPECIES: acid phosphatase
0.000101282203762	14	MULTISPECIES: laminarinase
0.000101282203762	14	dessication-associated protein
0.000101282203762	14	MULTISPECIES: SlyX protein
0.000101282203762	14	MULTISPECIES: IS982 family transposase ISFba2
0.000101282203762	14	poly-beta-1,6-N-acetyl-D-glucosamine N-deacetylase
0.000101282203762	14	YtaP
0.000101282203762	14	monooxygenase FAD-binding protein
0.000101282203762	14	N-formylkynurenine (aryl-) formamidase
0.000101282203762	14	TIGR02584 family CRISPR-associated protein
0.000101282203762	14	MULTISPECIES: adeC/adeK/oprM family multidrug efflux complex outer membrane factor
0.000101282203762	14	DUF1792 domain-containing protein
0.000101282203762	14	heat-shock protein 70
0.000101282203762	14	DUF4832 domain-containing protein
0.000101282203762	14	MULTISPECIES: nicotinic acid mononucleotide adenylyltransferase
0.000101282203762	14	polyketide biosynthesis protein
0.000101282203762	14	MULTISPECIES: DUF4136 domain-containing protein
0.000101282203762	14	phosphoglycerate mutase 1 family
0.000101282203762	14	ammonia permease
0.000101282203762	14	IS3 family transposase ISCARN86
0.000101282203762	14	MULTISPECIES: putative Fe-S oxidoreductase
0.000101282203762	14	allophycocyanin subunit beta
0.000101282203762	14	Dynamin family protein
0.000101282203762	14	bifunctional pyrazinamidase/nicotinamidase
0.000101282203762	14	ResB-like domain protein
0.000101282203762	14	pyrimidine permease
0.000101282203762	14	asparaginase, partial
0.000101282203762	14	MULTISPECIES: mobilization protein
0.000101282203762	14	Bile acid:sodium symporter
0.000101282203762	14	DNAse
0.000101282203762	14	proteasome-associated ATPase
0.000101282203762	14	MULTISPECIES: DUF3817 domain-containing protein
0.000101282203762	14	DUF1822 domain-containing protein
0.000101282203762	14	MULTISPECIES: IS1182 family transposase
0.000101282203762	14	DUF1598 domain-containing protein
0.000101282203762	14	helicase with metal-binding cysteine cluster
0.000101282203762	14	MULTISPECIES: Nin-like protein
0.000101282203762	14	flavodoxin reductase family protein
0.000101282203762	14	RelE toxin
0.000101282203762	14	type IV fimbrial assembly protein PilC
0.000101282203762	14	NAD(P)-binding Rossmann-like domain protein
0.000101282203762	14	peptide chain release factor 2, partial
0.000101282203762	14	malonyl CoA-ACP transacylase
0.000101282203762	14	SOS response transcriptional regulator, RecA-mediated autopeptidase
0.000101282203762	14	DUF3153 domain-containing protein
0.000101282203762	14	MULTISPECIES: GGDEF domain-containing response regulator
0.000101282203762	14	bifunctional hexulose-6-phosphate synthase/ribonuclease regulator
0.000101282203762	14	MULTISPECIES: multidrug DMT transporter permease
0.000101282203762	14	DNA helicase I
0.000101282203762	14	DNA repair protein RecO, partial
0.000101282203762	14	MULTISPECIES: FAD:protein FMN transferase
0.000101282203762	14	glycosyl transferase family 17
0.000101282203762	14	MULTISPECIES: gamma-glutamyl-gamma-aminobutyrate hydrolase
0.000101282203762	14	transglycosylase SLT domain protein
0.000101282203762	14	phosphoribosylglycinamide synthetase
0.000101282203762	14	aldehyde reductase family protein
0.000101282203762	14	MULTISPECIES: phosphonoacetaldehyde dehydrogenase
0.000101282203762	14	MULTISPECIES: cytochrome o ubiquinol oxidase subunit IV
0.000101282203762	14	DUF3727 domain-containing protein
0.000101282203762	14	carboligase
0.000101282203762	14	MULTISPECIES: KTSC domain-containing protein
0.000101282203762	14	ATP--corrinoid adenosyltransferase
0.000101282203762	14	MULTISPECIES: lactate utilization protein B/C
0.000101282203762	14	MULTISPECIES: nodulation protein
0.000101282203762	14	polyhydroxyalkanoic acid system protein
0.000101282203762	14	ISKra4 family transposase ISMae43
0.000101282203762	14	M23 family peptidase, partial
0.000101282203762	14	putative Membrane alanyl aminopeptidase
0.000101282203762	14	photolyase, partial
0.000101282203762	14	cytochrome c biogenesis protein CcmG
0.000101282203762	14	alpha-amylase Aml
0.000101282203762	14	MULTISPECIES: ANTAR domain-containing protein
0.000101282203762	14	MULTISPECIES: flagellar protein FliS
0.000101282203762	14	MULTISPECIES: YciI family protein
0.000101282203762	14	MULTISPECIES: cytochrome c oxidase, cbb3-type subunit II
0.000101282203762	14	photosystem I reaction center subunit III
0.000101282203762	14	cytochrome b subunit of the bc complex
0.000101282203762	14	quinoline 2-oxidoreductase
0.000101282203762	14	MULTISPECIES: multidrug ABC transporter ATPase
0.000101282203762	14	carboxylate transporter
0.000101282203762	14	MULTISPECIES: aminoacyl-histidine dipeptidase
0.000101282203762	14	isocitrate lyase, partial
0.000101282203762	14	mevalonate diphosphate decarboxylase
0.000101282203762	14	MAM domain protein
0.000101282203762	14	MULTISPECIES: DUF779 domain-containing protein
0.000101282203762	14	MULTISPECIES: ATP-dependent zinc protease
0.000101282203762	14	4,5-dioxygenase
0.000101282203762	14	MULTISPECIES: methyltransferase type 12
0.000101282203762	14	MULTISPECIES: cytochrome o ubiquinol oxidase subunit I
0.000101282203762	14	TadE/TadG family protein
0.000101282203762	14	DNA-binding transcriptional regulator FabR
0.000101282203762	14	MULTISPECIES: sulfotransferase
0.000101282203762	14	dicarboxylate transporter/tellurite-resistance protein TehA
0.000101282203762	14	NADH:flavin oxidoreductase / NADH oxidase
0.000101282203762	14	glycerol-3-phosphate dehydrogenase subunit C
0.000101282203762	14	xanthine dehydrogenase accessory factor
0.000101282203762	14	MULTISPECIES: isopentenyl-diphosphate Delta-isomerase
0.000101282203762	14	condensin subunit ScpA
0.000101282203762	14	XisH protein
0.000101282203762	14	AAA domain protein
0.000101282203762	14	amino acid ABC transporter permease, partial
0.000101282203762	14	signal peptide
0.000101282203762	14	NDP-hexose 3-C-methyltransferase
0.000101282203762	14	MULTISPECIES: NADH:ubiquinone reductase (Na(+)-transporting) subunit F
0.000101282203762	14	MULTISPECIES: DUF2493 domain-containing protein
0.000101282203762	14	LppC family lipoprotein
0.000101282203762	14	flagellar hook protein FlgL
0.000101282203762	14	bifunctional aminodeoxychorismate synthase component I/aminotransferase
0.000101282203762	14	MULTISPECIES: DUF2336 domain-containing protein
0.000101282203762	14	MULTISPECIES: apocytochrome f
0.000101282203762	14	MULTISPECIES: succinylarginine dihydrolase
0.000101282203762	14	aliphatic sulfonates ABC transporter ATP-binding protein
0.000101282203762	14	MULTISPECIES: bifunctional 2-C-methyl-D-erythritol 4-phosphate cytidylyltransferase/2-C-methyl-D-erythritol 2,4-cyclodiphosphate synthase
0.000101282203762	14	sulfate ester transporter substrate-binding protein
0.000101282203762	14	translation repressor RelE
0.000101282203762	14	phosphopantothenate synthase
0.000101282203762	14	formylmethionine deformylase
0.000101282203762	14	glycosyl transferase family 2 protein
0.000101282203762	14	MULTISPECIES: 2-aminobenzoate-CoA ligase
0.000101282203762	14	tRNA lysidine(34) synthetase TilS, partial
0.000101282203762	14	D-alanyl-D-alanine carboxypeptidase, partial
0.000101282203762	14	agarase
0.000101282203762	14	flavohemoprotein
0.000101282203762	14	DUF3010 domain-containing protein
0.000101282203762	14	MULTISPECIES: glutamate carboxypeptidase
0.000101282203762	14	DUF4928 domain-containing protein
0.000101282203762	14	CRISPR-associated protein Csc3
0.000101282203762	14	Ca2+-binding protein, RTX toxin
0.000101282203762	14	MULTISPECIES: 5'-methylthioadenosine nucleosidase
0.000101282203762	14	rect protein
0.000101282203762	14	nicotinamide N-methylase
0.000101282203762	14	hydrogenase assembly protein HypC
0.000101282203762	14	MULTISPECIES: topoisomerase
0.000101282203762	14	protein of unknown function DUF323
0.000101282203762	14	beta-1,6-glucan synthase
0.000101282203762	14	elements of external origin
0.000101282203762	14	peptidase, partial
0.000101282203762	14	N-acyl amino acid synthase, PEP-CTERM/exosortase system-associated
0.000101282203762	14	MULTISPECIES: electron transporter
0.000101282203762	14	S-layer domain protein
0.000101282203762	14	MULTISPECIES: glucoamylase
0.000101282203762	14	peptidoglycan-binding LysM
0.000101282203762	14	AAA+ family ATPase
0.000101282203762	14	2-aminoethylphosphonate--pyruvate aminotransferase 2
0.000101282203762	14	Vacuolar iron transporter 1
0.000101282203762	14	multifunctional fatty acid oxidation complex subunit alpha
0.000101282203762	14	anaerobic glycerol-3-phosphate dehydrogenase subunit C
0.000101282203762	14	MULTISPECIES: DUF2177 domain-containing protein
0.000101282203762	14	Mn2+/Zn2+ABC transporter ATP-binding protein
0.000101282203762	14	type IV pilin
0.000101282203762	14	two-component system sensor histidine kinase PhoR
0.000101282203762	14	histidine ABC transporter substrate-binding protein
0.000101282203762	14	MULTISPECIES: L-histidine N(alpha)-methyltransferase
0.000101282203762	14	MULTISPECIES: DUF3127 domain-containing protein
0.000101282203762	14	phosphotransferase family protein, partial
0.000101282203762	14	proton-translocating NADH-quinone oxidoreductase subunit N
0.000101282203762	14	amino acid/amide ABC transporter substrate-binding protein, HAAT family
0.000101282203762	14	DUF1206 domain-containing protein
0.000101282203762	14	AraC family transcriptional regulator, partial
0.000101282203762	14	phosphoribosylaminoimidazolesuccinocarboxamide synthase, partial
0.000101282203762	14	MULTISPECIES: flagellar biosynthesis protein FlgI
0.000101282203762	14	IucA/IucC family siderophore biosynthesis protein
0.000101282203762	14	DUF2997 domain-containing protein
0.000101282203762	14	MULTISPECIES: thioesterase superfamily protein
0.000101282203762	14	ankyrin repeat-containing protein
0.000101282203762	14	MULTISPECIES: chemical-damaging agent resistance protein C
0.000101282203762	14	MULTISPECIES: 3-alpha,7-alpha,12-alpha-trihydroxy-5-beta-cholest-24-enoyl-CoA hydratase
0.000101282203762	14	Rhodanese-related sulfurtransferase
0.000101282203762	14	protein-glutamate O-methyltransferase
0.000101282203762	14	hydrolase CocE/NonD family protein
0.000101282203762	14	RND family efflux transporter MFP subunit
0.000101282203762	14	tubulin--tyrosine ligase
0.000101282203762	14	phage protein p13
0.000101282203762	14	MULTISPECIES: DUF1416 domain-containing protein
0.000101282203762	14	lipoprotein-34 precursor (NlpB)
0.000101282203762	14	lipopolysaccharide heptosyltransferase 1
0.000101282203762	14	DUF3863 domain-containing protein
0.000101282203762	14	LPS-assembly protein LptD, partial
0.000101282203762	14	toxin-antitoxin (TA) system antitoxin
0.000101282203762	14	sulfatase modifying factor 1 (C-alpha-formyglycine- generating enzyme 1)
0.000101282203762	14	MULTISPECIES: acetoin utilization protein AcuB
0.000101282203762	14	GfdT protein
0.000101282203762	14	SRPBCC superfamily protein
0.000101282203762	14	MULTISPECIES: flagellar export chaperone FliS
0.000101282203762	14	MULTISPECIES: TIGR02453 family protein
0.000101282203762	14	iron-sulfur cluster biosynthesis transcriptional regulator SufR
0.000101282203762	14	iron permease FTR1
0.000101282203762	14	autotransporter-associated beta strand
0.000101282203762	14	ATP-dependent metallopeptidase HflB family protein
0.000101282203762	14	ubiquinol-cytochrome C chaperone
0.000101282203762	14	MULTISPECIES: tRNA dihydrouridine(16) synthase DusC
0.000101282203762	14	MCP methyltransferase/methylesterase
0.000101282203762	14	phytochrome
0.000101282203762	14	glycerate 2-kinase
0.000101282203762	14	acylglycerol lipase
0.000101282203762	14	MULTISPECIES: cell division protein FtsB
0.000101282203762	14	MULTISPECIES: cytochrome o ubiquinol oxidase subunit III
0.000101282203762	14	MULTISPECIES: integral membrane sensor signal transduction histidine kinase
0.000101282203762	14	MULTISPECIES: antitoxin VapB
0.000101282203762	14	cell adhesion protein
0.000101282203762	14	arsenic ABC transporter ATPase
0.000101282203762	14	type II secretion system protein C
0.000101282203762	14	beta keto-acyl synthase
0.000101282203762	14	MULTISPECIES: folate-binding protein YgfZ
0.000101282203762	14	ATP pyrophosphatase
0.000101282203762	14	MULTISPECIES: Clp protease adaptor protein ClpS
0.000101282203762	14	MULTISPECIES: (deoxy)nucleoside triphosphate pyrophosphohydrolase
0.000101282203762	14	n-acetylglutamate synthase
0.000101282203762	14	alpha amylase
0.000101282203762	14	aspartyl protease
0.000101282203762	14	virulence factor MviN
0.000101282203762	14	MULTISPECIES: protein translocase subunit SecA
0.000101282203762	14	plasmid stability protein
0.000101282203762	14	ribose-phosphate diphosphokinase
0.000101282203762	14	primary-amine oxidase
0.000101282203762	14	MULTISPECIES: ATP-dependent DNA helicase UvrD2
0.000101282203762	14	TIGR00297 family protein
0.000101282203762	14	MULTISPECIES: glycine/betaine ABC transporter substrate-binding protein
0.000101282203762	14	acetolactate synthase 3 large subunit, partial
0.000101282203762	14	3-isopropylmalate dehydratase, partial
0.000101282203762	14	adenylyl-sulfate kinase, partial
0.000101282203762	14	2-oxoglutarate dehydrogenase subunit E1, partial
0.000101282203762	14	acetyl-CoA carboxylase biotin carboxylase
0.000101282203762	14	MULTISPECIES: DNA/RNA non-specific endonuclease
0.000101282203762	14	lipoprotein, putative
0.000101282203762	14	two-component system response regulator TorR
0.000101282203762	14	anthranilate 1,2-dioxygenase
0.000101282203762	14	L-cystine ABC transporter ATP-binding protein YecC
0.000101282203762	14	molybdenum cofactor biosynthesis protein C
0.000101282203762	14	DUF4189 domain-containing protein
0.000101282203762	14	MULTISPECIES: molybdopterin-binding protein
0.000101282203762	14	DUF4388 domain-containing protein
0.000101282203762	14	proprotein convertase P
0.000101282203762	14	MULTISPECIES: catechol 1,2-dioxygenase
0.000101282203762	14	selenocysteine lyase
0.000101282203762	14	lipid A biosynthesis protein
0.000101282203762	14	ABC transporter solute-binding protein
0.000101282203762	14	MULTISPECIES: peptidase A8
0.000101282203762	14	DUF4359 domain-containing protein
0.000101282203762	14	MULTISPECIES: N-acyl-D-amino-acid deacylase
0.000101282203762	14	MULTISPECIES: NADH-quinone oxidoreductase subunit B 1
0.000101282203762	14	NADP-dependent malic enzyme, partial
0.000101282203762	14	MULTISPECIES: spermidine/putrescine ABC transporter ATP-binding protein
0.000101282203762	14	ribulose bisphosphate carboxylase small subunit, partial
0.000101282203762	14	phosphate/phosphonate ABC transporter ATP-binding protein
0.000101282203762	14	fimbrial protein FimV
0.000101282203762	14	alpha-tubulin suppressor
0.000101282203762	14	stage V sporulation protein S
0.000101282203762	14	peptidase, M23 family
0.000101282203762	14	iron transporter, partial
0.000101282203762	14	salicylate-5-hydroxylase small oxygenase NagH
0.000101282203762	14	4Fe-4S ferredoxin iron-sulfur-binding domain protein, partial
0.000101282203762	14	imidazole glycerol phosphate synthase cyclase subunit, partial
0.000101282203762	14	MULTISPECIES: N-ethylammeline chlorohydrolase
0.000101282203762	14	MULTISPECIES: TIGR02300 family protein
0.000101282203762	14	squalene-associated FAD-dependent desaturase
0.000101282203762	14	photosystem i core protein
0.000101282203762	14	two-component system response regulator OmpR, partial
0.000101282203762	14	RNA polymerase sigma24 factor
0.000101282203762	14	RNA polymerase sigma factor SigJ
0.000101282203762	14	N-sulfoglucosamine sulfohydrolase
0.000101282203762	14	DUF4058 domain-containing protein
0.000101282203762	14	MULTISPECIES: fatty acid oxidation complex subunit alpha FadB
0.000101282203762	14	phenylacetaldoxime dehydratase
0.000101282203762	14	MULTISPECIES: RNA polymerase
0.000101282203762	14	glycosyl hydrolase family 18
0.000101282203762	14	MULTISPECIES: DUF4252 domain-containing protein
0.000101282203762	14	DUF4010 domain-containing protein
0.000101282203762	14	DUF4446 domain-containing protein
0.000101282203762	14	thymidine phosphorylase, partial
0.000101282203762	14	Verru_Chthon cassette protein C
0.000101282203762	14	Fe3+-hydroxamate ABC transporter permease FhuB
0.000101282203762	14	aldolase/citrate lyase
0.000101282203762	14	DUF1365 domain-containing protein, partial
0.000101282203762	14	glucose-6-phosphate dehydrogenase (coenzyme-F420)
0.000101282203762	14	aldehyde dehydrogenase (NADP(+)), partial
0.000101282203762	14	MULTISPECIES: 2-dehydro-3-deoxy-6-phosphogalactonate aldolase
0.000101282203762	14	response regulator receiver sensor signal transduction histidine kinase
0.000101282203762	14	DEAD/DEAH box helicase domain-containing protein
0.000101282203762	14	glucarate dehydratase, partial
0.000101282203762	14	DNA end protector protein
0.000101282203762	14	DUF34 domain-containing protein
0.000101282203762	14	GMP synthase (glutamine-hydrolyzing), partial
0.000101282203762	14	MULTISPECIES: aminomethyltransferase
0.000101282203762	14	NB-ARC domain protein
0.000101282203762	14	tRNA modification GTPase TrmE
0.000101282203762	14	TonB
0.000101282203762	14	secreted protein with Por secretion system C-terminal sorting domain, LpqC-like protein
0.000101282203762	14	helicase C-terminal domain protein
0.000101282203762	14	DUF3143 domain-containing protein
0.000101282203762	14	AMP nucleosidase, partial
0.000101282203762	14	MULTISPECIES: branched-chain amino acid ABC transporter
0.000101282203762	14	MULTISPECIES: translation initiation factor
0.000101282203762	14	organic solvent tolerance protein
0.000101282203762	14	glucan 1,3-beta-glucosidase
0.000101282203762	14	multi-domain protein
0.000101282203762	14	sugar synthetase
0.000101282203762	14	glycoside hydrolase family 10
0.000101282203762	14	pyrimidine utilization protein D
0.000101282203762	14	DUF1043 domain-containing protein
0.000101282203762	14	glycoside hydrolase family 29 (alpha-L-fucosidase)
0.000101282203762	14	chemotaxis regulatory protein CheY
0.000101282203762	14	AIR synthase
0.000101282203762	14	elongation factor P-like protein YeiP
0.000101282203762	14	DUF4914 domain-containing protein
0.000101282203762	14	hydroxymethylbilane synthase, partial
0.000101282203762	14	argininosuccinate synthase, partial
0.000101282203762	14	MULTISPECIES: YjhG/YagF family D-xylonate dehydratase
0.000101282203762	14	MULTISPECIES: 3D-(3,5/4)-trihydroxycyclohexane-1,2-dione acylhydrolase (decyclizing)
0.000101282203762	14	threonylcarbamoyl-AMP synthase, partial
0.000101282203762	14	MULTISPECIES: IS3 family transposase ISSsp2
0.000101282203762	14	MULTISPECIES: CHASE2 domain-containing protein
0.000101282203762	14	protein phosphatase CheZ
0.000101282203762	14	R67 dihydrofolate reductase
0.000101282203762	14	MULTISPECIES: dihydroneopterin triphosphate diphosphatase
0.000101282203762	14	MULTISPECIES: DUF3857 domain-containing protein
0.000101282203762	14	DUF3387 domain-containing protein
0.000101282203762	14	ribonuclease E inhibitor RraB
0.000101282203762	14	hydrogenase expression/formation protein
0.000101282203762	14	phosphatidylinositol kinase, partial
0.000101282203762	14	M1 family metalloprotease
0.000101282203762	14	phosphoribosyl-ATP pyrophosphohydrolase, partial
0.000101282203762	14	zinc-ribbon domain-containing protein
0.000101282203762	14	MULTISPECIES: DNA-binding response regulator, partial
0.000101282203762	14	alcohol dehydrogenase, partial
0.000101282203762	14	general secretion pathway protein D
0.000101282203762	14	ISAzo13 family transposase ISMae28
0.000101282203762	14	histone nucleoid-structuring protein H-NS
0.000101282203762	14	MULTISPECIES: NAD(+) synthetase
0.000101282203762	14	DUF92 domain-containing protein
0.000101282203762	14	organic radical-activating protein
0.000101282203762	14	MULTISPECIES: NarK family nitrate/nitrite MFS transporter
0.000101282203762	14	Type I restriction-modification system, specificity subunit S
0.000101282203762	14	MULTISPECIES: polymerase
0.000101282203762	14	serine proteinase subtilase family
0.000101282203762	14	MFS transporter family glucose-6-phosphate receptor UhpC
0.000101282203762	14	transaldolase, partial
0.000101282203762	14	aspartate--tRNA ligase, partial
0.000101282203762	14	heme peroxidase, partial
0.000101282203762	14	coproporphyrinogen oxidase
0.000101282203762	14	ribulose 1,5-bisphosphate carboxylase large subunit
0.000101282203762	14	divalent cation transporter
0.000101282203762	14	adenylate-forming enzyme
0.000101282203762	14	chromosome partition protein MukB
0.000101282203762	14	electron transport complex subunit RsxA
0.000101282203762	14	MULTISPECIES: iron-dependent repressor
0.000101282203762	14	zinc-dependent peptidase
0.000101282203762	14	UDP-N-acetylmuramyl pentapeptide synthase
0.000101282203762	14	ImpA family type VI secretion-associated protein
0.000101282203762	14	DNA adenine methylase Dam
0.000101282203762	14	MULTISPECIES: CMP deaminase
0.000101282203762	14	MULTISPECIES: membrane dipeptidase
0.000101282203762	14	MULTISPECIES: aldehyde ferredoxin oxidoreductase
0.000101282203762	14	Fe-S cluster assembly protein SufE
0.000101282203762	14	ubiquinone/menaquinone biosynthesis protein
0.000101282203762	14	2-oxoglutarate ferredoxin oxidoreductase subunit gamma
0.000101282203762	14	cytidyltransferase-like enzyme
0.000101282203762	14	cellulose 1,4-beta-cellobiosidase
0.000101282203762	14	macrolide transporter subunit MacA
0.000101282203762	14	MULTISPECIES: flagellar protein export ATPase FliI
0.000101282203762	14	winged helix family transcriptional regulator, partial
0.000101282203762	14	integral membrane signal transducer protein
0.000101282203762	14	pyrimidine reductase family protein
0.000101282203762	14	protein ninG
0.000101282203762	14	MULTISPECIES: molybdopterin-guanine dinucleotide biosynthesis protein MobB
0.000101282203762	14	cation acetate symporter, partial
0.000101282203762	14	7-alpha-hydroxysteroid dehydrogenase
0.000101282203762	14	channel transporter
0.000101282203762	14	sucrose-phosphate phosphatase
0.000101282203762	14	MULTISPECIES: tyramine oxidase
0.000101282203762	14	prophage LambdaCh01, recombination protein Bet
0.000101282203762	14	YqaE/Pmp3 family membrane protein
0.000101282203762	14	cobaltochelatase subunit CobN, partial
0.000101282203762	14	type I glutamate--ammonia ligase, partial
0.000101282203762	14	RNHCP domain-containing protein
0.000101282203762	14	MULTISPECIES: cytochrome b559 subunit beta
0.000101282203762	14	multimodular transpeptidase-transglycosylase
0.000101282203762	14	deaminase/reductase
0.000101282203762	14	Fe-S cluster biogenesis protein NfuA
0.000101282203762	14	MULTISPECIES: FMN reductase (NADPH)
0.000101282203762	14	phage replication protein
0.000101282203762	14	thrombospondin
0.000101282203762	14	MULTISPECIES: L-ribulose-5-phosphate 4-epimerase
0.000101282203762	14	MULTISPECIES: 2-(1,2-epoxy-1,2-dihydrophenyl)acetyl-CoA isomerase
0.000101282203762	14	MULTISPECIES: tyrosine protein kinase
0.000101282203762	14	MULTISPECIES: phosphatidylcholine--retinol O-acyltransferase
0.000101282203762	14	MULTISPECIES: isoaspartyl peptidase/L-asparaginase
0.000101282203762	14	CDP-diacylglycerol--inositol 3-phosphatidyltransferase
0.000101282203762	14	methyltransferase family protein
0.000101282203762	14	heat-shock protein Hsp33
9.4047760636e-05	13	YD repeat-containing protein
9.4047760636e-05	13	DUF1800 domain-containing protein, partial
9.4047760636e-05	13	MULTISPECIES: FMN-dependent monooxygenase
9.4047760636e-05	13	NAD/NADP octopine/nopaline dehydrogenase
9.4047760636e-05	13	MULTISPECIES: RNA polymerase Rpb6
9.4047760636e-05	13	type II secretion pathway protein GspD
9.4047760636e-05	13	regulatory protein, FmdB family
9.4047760636e-05	13	gliding motility protein, partial
9.4047760636e-05	13	MULTISPECIES: succinate-semialdehyde dehydrogenase
9.4047760636e-05	13	anthranilate dioxygenase reductase
9.4047760636e-05	13	signal recognition particle-docking protein FtsY, partial
9.4047760636e-05	13	MULTISPECIES: DUF3024 domain-containing protein
9.4047760636e-05	13	sorbitol-6-phosphate 2-dehydrogenase
9.4047760636e-05	13	MULTISPECIES: lysogenization protein HflD
9.4047760636e-05	13	AMP-dependent acyl-CoA synthetase
9.4047760636e-05	13	PsaD
9.4047760636e-05	13	macrolide ABC transporter ATP-binding protein/permease
9.4047760636e-05	13	protein translocase subunit SecF, partial
9.4047760636e-05	13	Glu-tRNA(Gln) amidotransferase GatDE subunit D
9.4047760636e-05	13	MULTISPECIES: FAD-binding monooxygenase
9.4047760636e-05	13	MULTISPECIES: nickel transporter
9.4047760636e-05	13	MULTISPECIES: FliI/YscN family ATPase
9.4047760636e-05	13	5'-deoxynucleotidase
9.4047760636e-05	13	glutamate synthase, partial
9.4047760636e-05	13	MULTISPECIES: microcin B17 transporter
9.4047760636e-05	13	CoA-transferase subunit beta
9.4047760636e-05	13	MULTISPECIES: lactate utilization protein
9.4047760636e-05	13	cytochrome c-type biogenesis protein
9.4047760636e-05	13	transcriptional regulator RegF
9.4047760636e-05	13	DUF4922 domain-containing protein
9.4047760636e-05	13	3-(3-hydroxy-phenyl)propionate/3-hydroxycinnamic acid hydroxylase
9.4047760636e-05	13	5-carboxymethyl-2-hydroxymuconate semialdehyde dehydrogenase, partial
9.4047760636e-05	13	zinc carboxypeptidase domain protein
9.4047760636e-05	13	MULTISPECIES: glutamyl aminopeptidase
9.4047760636e-05	13	TonB-dependent receptor, putative
9.4047760636e-05	13	MULTISPECIES: pilus assembly protein PilZ
9.4047760636e-05	13	MULTISPECIES: carotenoid oxygenase
9.4047760636e-05	13	anaerobic dehydrogenase
9.4047760636e-05	13	DUF3100 domain-containing protein
9.4047760636e-05	13	NADH dehydrogenase FAD-containing subunit
9.4047760636e-05	13	cation ABC transporter substrate-binding protein
9.4047760636e-05	13	TPR repeat and extracellular ligand-binding domain-containing protein
9.4047760636e-05	13	nitrate reductase A subunit gamma
9.4047760636e-05	13	pleiotropic regulatory protein
9.4047760636e-05	13	solute-binding protein
9.4047760636e-05	13	b-glycosyltransferase
9.4047760636e-05	13	SMP-30/gluconolaconase/LRE-like protein
9.4047760636e-05	13	MULTISPECIES: Hpt domain-containing protein
9.4047760636e-05	13	ribonuclease I
9.4047760636e-05	13	tRNA (guanine-N7)-methyltransferase
9.4047760636e-05	13	peptidase S8, partial
9.4047760636e-05	13	MULTISPECIES: propanediol utilization protein
9.4047760636e-05	13	UDP-N-acetylmuramoyl-tripeptide--D-alanyl-D-alanine ligase, partial
9.4047760636e-05	13	MULTISPECIES: Na+/solute symporter
9.4047760636e-05	13	ATP-dependent Zn protease
9.4047760636e-05	13	MULTISPECIES: IS3 family transposase ISGpr1
9.4047760636e-05	13	NAD-dependent protein deacetylase
9.4047760636e-05	13	galactose/methyl galactoside ABC transporter ATP-binding protein MglA
9.4047760636e-05	13	molybdate ABC transporter ATP-binding protein ModF
9.4047760636e-05	13	MULTISPECIES: 16S rRNA processing protein RimM
9.4047760636e-05	13	sulfonate ABC transporter ATP-binding lipoprotein
9.4047760636e-05	13	MULTISPECIES: Kef family K(+) transporter
9.4047760636e-05	13	MULTISPECIES: DUF4382 domain-containing protein
9.4047760636e-05	13	putative rod shape-determining protein MreC
9.4047760636e-05	13	DUF1351 domain-containing protein
9.4047760636e-05	13	DUF3015 domain-containing protein
9.4047760636e-05	13	MULTISPECIES: fluoride ion transporter CrcB
9.4047760636e-05	13	MULTISPECIES: EvpB family type VI secretion protein
9.4047760636e-05	13	cytochrome b6-f complex subunit PetG
9.4047760636e-05	13	O-acetylhomoserine/O-acetylserine sulfhydrylase
9.4047760636e-05	13	rRNA (guanine-N1)-methyltransferase
9.4047760636e-05	13	IgiC
9.4047760636e-05	13	30S ribosomal protein S11, partial
9.4047760636e-05	13	uracil-DNA glycosylase family 4
9.4047760636e-05	13	MULTISPECIES: EthD family reductase
9.4047760636e-05	13	shufflon system plasmid conjugative transfer pilus tip adhesin PilV
9.4047760636e-05	13	DNA-processing protein DprA, partial
9.4047760636e-05	13	arginyl aminopeptidase
9.4047760636e-05	13	RNA pseudouridine synthase, partial
9.4047760636e-05	13	thiol:disulfide interchange protein DsbC
9.4047760636e-05	13	MULTISPECIES: secretion protein HlyD
9.4047760636e-05	13	guanine-specific ribonuclease N1 and T1
9.4047760636e-05	13	ABC transporter, substrate-binding protein, family 5
9.4047760636e-05	13	succinate dehydrogenase cytochrome b subunit
9.4047760636e-05	13	acetone carboxylase subunit beta
9.4047760636e-05	13	heparinase II/III
9.4047760636e-05	13	DUF2628 domain-containing protein
9.4047760636e-05	13	Smr domain protein
9.4047760636e-05	13	MULTISPECIES: hydrogenase formation protein HypD
9.4047760636e-05	13	MULTISPECIES: ribonuclease BN
9.4047760636e-05	13	chromosome segregation protein ParM
9.4047760636e-05	13	D-xylulose 5-phosphate/D-fructose 6-phosphate phosphoketolase
9.4047760636e-05	13	MULTISPECIES: phosphatidylserine synthase
9.4047760636e-05	13	IS1595 family transposase ISUnb2
9.4047760636e-05	13	MULTISPECIES: segregation and condensation protein B
9.4047760636e-05	13	DUF3235 domain-containing protein
9.4047760636e-05	13	candidate polysaccharide lyase, polysaccharide lyase family 14 protein
9.4047760636e-05	13	cytochrome C biogenesis protein CcmF
9.4047760636e-05	13	MULTISPECIES: bacteriophage TerL protein
9.4047760636e-05	13	protease HtrA
9.4047760636e-05	13	ferric enterobactin esterase
9.4047760636e-05	13	DNA polymerase V UmuC
9.4047760636e-05	13	ion channel protein Tsx
9.4047760636e-05	13	type-F conjugative transfer system protein TraW
9.4047760636e-05	13	photosystem II stability/assembly factor-like protein
9.4047760636e-05	13	MULTISPECIES: metal ABC transporter substrate-binding protein
9.4047760636e-05	13	proprotein convertase, P
9.4047760636e-05	13	MULTISPECIES: 7-cyano-7-deazaguanine reductase
9.4047760636e-05	13	tRNA-guanine transglycosylase
9.4047760636e-05	13	protein lplB
9.4047760636e-05	13	cell surface receptor IPT/TIG domain-containing protein
9.4047760636e-05	13	DUF2811 domain-containing protein
9.4047760636e-05	13	iron complex outer membrane receptor protein
9.4047760636e-05	13	CDP-glycerol glycerophosphotransferase
9.4047760636e-05	13	DUF4237 domain-containing protein
9.4047760636e-05	13	hydroxyneurosporene dehydrogenase
9.4047760636e-05	13	2-haloalkanoic acid dehalogenase
9.4047760636e-05	13	ATP synthase subunit alpha, partial
9.4047760636e-05	13	Na+/melibiose symporter-like transporter
9.4047760636e-05	13	aa3-type cytochrome c oxidase subunit IV
9.4047760636e-05	13	threonine ammonia-lyase, biosynthetic, partial
9.4047760636e-05	13	MULTISPECIES: phage capsid protein
9.4047760636e-05	13	IS1595 family transposase ISAan1
9.4047760636e-05	13	D-isomer specific 2-hydroxyacid dehydrogenase
9.4047760636e-05	13	MULTISPECIES: pyruvate dehydrogenase subunit beta
9.4047760636e-05	13	KipI antagonist
9.4047760636e-05	13	immunoglobulin I-set domain protein
9.4047760636e-05	13	MULTISPECIES: gluconokinase
9.4047760636e-05	13	O-6-methylguanine DNA methyltransferase
9.4047760636e-05	13	HopJ type III effector protein
9.4047760636e-05	13	dITP/XTP pyrophosphatase
9.4047760636e-05	13	polynucleotide adenylyltransferase PcnB, partial
9.4047760636e-05	13	comEA protein
9.4047760636e-05	13	Reverse transcriptase
9.4047760636e-05	13	two-component system response regulator NarL
9.4047760636e-05	13	thio:disulfide interchange protein
9.4047760636e-05	13	galactonate dehydratase, partial
9.4047760636e-05	13	class I SAM-dependent DNA methyltransferase, partial
9.4047760636e-05	13	FmdB family transcriptional regulator, partial
9.4047760636e-05	13	O-acetylhomoserine sulfhydrylase
9.4047760636e-05	13	type IIA topoisomerase subunit A
9.4047760636e-05	13	MULTISPECIES: NAD(P)H:quinone oxidoreductase
9.4047760636e-05	13	transcriptional regulator MntR
9.4047760636e-05	13	MULTISPECIES: ribose ABC transporter permease
9.4047760636e-05	13	bifunctional oxepin-CoA hydrolase/3-oxo-5,6-dehydrosuberyl-CoA semialdehyde dehydrogenase
9.4047760636e-05	13	MacA family efflux pump subunit
9.4047760636e-05	13	MULTISPECIES: DUF2339 domain-containing protein
9.4047760636e-05	13	MULTISPECIES: FAD-dependent cmnm(5)s(2)U34 oxidoreductase
9.4047760636e-05	13	patatin-like phospholipase
9.4047760636e-05	13	choloylglycine hydrolase
9.4047760636e-05	13	MULTISPECIES: monovalent cation/H+ antiporter subunit A
9.4047760636e-05	13	trypsin-like serine protease with C-terminal PDZ domain
9.4047760636e-05	13	MULTISPECIES: MazG family protein
9.4047760636e-05	13	TolB domain-containing protein
9.4047760636e-05	13	DUF1249 domain-containing protein
9.4047760636e-05	13	MULTISPECIES: thiamine-phosphate diphosphorylase
9.4047760636e-05	13	MULTISPECIES: DUF2846 domain-containing protein
9.4047760636e-05	13	photosynthetic complex assembly protein
9.4047760636e-05	13	sarcosine oxidase subunit gamma family protein
9.4047760636e-05	13	MULTISPECIES: blue light sensor protein
9.4047760636e-05	13	MULTISPECIES: histone
9.4047760636e-05	13	methoxymalonyl-ACP biosynthesis protein FkbH
9.4047760636e-05	13	3-ketosteroid-9-alpha-hydroxylase reductase subunit
9.4047760636e-05	13	MULTISPECIES: protein translocase TatA
9.4047760636e-05	13	MULTISPECIES: plasmid maintenance protein CcdB
9.4047760636e-05	13	heme ABC transporter permease CcmB
9.4047760636e-05	13	MULTISPECIES: septation protein IspZ
9.4047760636e-05	13	MULTISPECIES: thioredoxin TrxC
9.4047760636e-05	13	CARDB domain-containing protein
9.4047760636e-05	13	molecular chaperone DjiA
9.4047760636e-05	13	MULTISPECIES: mycofactocin system glycosyltransferase
9.4047760636e-05	13	MULTISPECIES: dihydroorotate dehydrogenase electron transfer subunit
9.4047760636e-05	13	flagellar biosynthesis protein FliQ
9.4047760636e-05	13	ATP-dependent exodeoxyribonuclease
9.4047760636e-05	13	MULTISPECIES: 6-O-methylguanine DNA methyltransferase
9.4047760636e-05	13	K(+)-transporting ATPase subunit C
9.4047760636e-05	13	photosystem II chlorophyll-binding protein CP47, partial
9.4047760636e-05	13	MULTISPECIES: ligand-gated channel protein
9.4047760636e-05	13	fucosyltransferase
9.4047760636e-05	13	MULTISPECIES: thymidylate kinase
9.4047760636e-05	13	transcription elongation factor NusA
9.4047760636e-05	13	IS200/IS605 family transposase, partial
9.4047760636e-05	13	ATP-grasp enzyme
9.4047760636e-05	13	amino acid ABC transporter ATPase
9.4047760636e-05	13	L-asparaginase 2
9.4047760636e-05	13	MULTISPECIES: phenol 2-monooxygenase
9.4047760636e-05	13	sugar:proton symporter
9.4047760636e-05	13	ModD protein
9.4047760636e-05	13	endonuclease DDE
9.4047760636e-05	13	bacteriophage N4 adsorption protein A
9.4047760636e-05	13	pilus biosynthesis protein
9.4047760636e-05	13	plasmid replication/partition related protein
9.4047760636e-05	13	sensory box protein
9.4047760636e-05	13	elongation factor P lysine(34) lysyltransferase
9.4047760636e-05	13	phosphomannomutase, partial
9.4047760636e-05	13	phosphate permease
9.4047760636e-05	13	hemagglutinin-related protein
9.4047760636e-05	13	kojibiose phosphorylase
9.4047760636e-05	13	ion channel protein
9.4047760636e-05	13	IS3 family transposase ISEam1
9.4047760636e-05	13	formylmethanofuran dehydrogenase subunit B
9.4047760636e-05	13	CRISPR-associated protein Csn1
9.4047760636e-05	13	ATP-dependent Clp protease ATP-binding subunit ClpX, partial
9.4047760636e-05	13	MULTISPECIES: lipoprotein signal peptidase
9.4047760636e-05	13	UDP-glucose/GDP-mannose dehydrogenase dimerization
9.4047760636e-05	13	MULTISPECIES: DUF2058 domain-containing protein
9.4047760636e-05	13	MULTISPECIES: lysine 2,3-aminomutase
9.4047760636e-05	13	Erf family protein
9.4047760636e-05	13	ribonucleotide reductase of class II (coenzyme B12-dependent)
9.4047760636e-05	13	MULTISPECIES: 5-dehydro-2-deoxygluconokinase
9.4047760636e-05	13	aminoimidazole riboside kinase
9.4047760636e-05	13	MULTISPECIES: transcriptional initiation protein Tat
9.4047760636e-05	13	EamA/RhaT family transporter, partial
9.4047760636e-05	13	bi-functional transferase/deacetylase
9.4047760636e-05	13	MULTISPECIES: DUF2794 domain-containing protein
9.4047760636e-05	13	MULTISPECIES: translocation/assembly module TamB
9.4047760636e-05	13	acetyl esterase
9.4047760636e-05	13	LPS biosynthesis glycosyltransferase
9.4047760636e-05	13	nucleoside recognition domain-containing protein
9.4047760636e-05	13	MULTISPECIES: photosystem II 44 kDa subunit reaction center protein
9.4047760636e-05	13	MULTISPECIES: FMN-binding protein
9.4047760636e-05	13	error-prone repair protein
9.4047760636e-05	13	MULTISPECIES: chain-length determining protein
9.4047760636e-05	13	glycoside hydrolase family 38
9.4047760636e-05	13	4-keto-6-deoxy-N-acetyl-D-hexosaminyl-(lipid carrier) aminotransferase
9.4047760636e-05	13	MULTISPECIES: 23S rRNA pseudouridine(955/2504/2580) synthase
9.4047760636e-05	13	two component transcriptional regulator, LuxR family
9.4047760636e-05	13	MULTISPECIES: phage Gp37/Gp68 family protein
9.4047760636e-05	13	MULTISPECIES: carbon dioxide-concentrating mechanism protein CcmK
9.4047760636e-05	13	MULTISPECIES: D-galactarate dehydratase
9.4047760636e-05	13	L-allo-threonine aldolase
9.4047760636e-05	13	formate dehydrogenase subunit D
9.4047760636e-05	13	CRISPR-associated helicase Cas3
9.4047760636e-05	13	kinase PrkA
9.4047760636e-05	13	DUF2608 domain-containing protein
9.4047760636e-05	13	putative extracellular nuclease
9.4047760636e-05	13	thioether cross-link-forming SCIFF peptide maturase
9.4047760636e-05	13	O-linked N-acetylglucosamine transferase, SPINDLY family protein
9.4047760636e-05	13	phytoene dehydrogenase, partial
9.4047760636e-05	13	MULTISPECIES: DNA ligase
9.4047760636e-05	13	Fjo24
9.4047760636e-05	13	RNAase
9.4047760636e-05	13	DUF417 domain-containing protein
9.4047760636e-05	13	protein-L-isoaspartate O-methyltransferase, partial
9.4047760636e-05	13	MULTISPECIES: beta-aspartyl-peptidase
9.4047760636e-05	13	MULTISPECIES: mucin desulfatase
9.4047760636e-05	13	NAD(P) transhydrogenase subunit beta, partial
9.4047760636e-05	13	MULTISPECIES: DUF3309 domain-containing protein
9.4047760636e-05	13	UDP-N-acetylglucosamine diphosphorylase/glucosamine-1-phosphate N-acetyltransferase, partial
9.4047760636e-05	13	acylaldehyde oxidase, partial
9.4047760636e-05	13	oxoglutarate dehydrogenase (succinyl-transferring), E1 component
9.4047760636e-05	13	maltose transporter permease
9.4047760636e-05	13	quinolinate phosphoribosyl transferase
9.4047760636e-05	13	4-hydroxy-4-methyl-2-oxoglutarate aldolase/4-carboxy-4-hydroxy-2-oxoadipate aldolase
9.4047760636e-05	13	type I-U CRISPR-associated protein Cas5/Cas6
9.4047760636e-05	13	tyrosine-protein kinase ptk
9.4047760636e-05	13	sporadic carbohydrate cluster protein, LIC12192 family
9.4047760636e-05	13	membrane receptor protein
9.4047760636e-05	13	type III restriction-modification system, Mod subunit
9.4047760636e-05	13	MULTISPECIES: CDP-alcohol phosphatidyltransferase
9.4047760636e-05	13	diguanylate cyclase, partial
9.4047760636e-05	13	deoxyribose-phosphate aldolase, partial
9.4047760636e-05	13	Mrr restriction system protein EcoKMrr
9.4047760636e-05	13	MobA/MobL family protein
9.4047760636e-05	13	ATPase of the AAA+ class
9.4047760636e-05	13	magnesium and cobalt transporter CorA
9.4047760636e-05	13	MULTISPECIES: choline ABC transporter substrate-binding protein
9.4047760636e-05	13	MULTISPECIES: phenylacetaldehyde dehydrogenase
9.4047760636e-05	13	MULTISPECIES: tRNA-(m
9.4047760636e-05	13	preprotein translocase subunit TatD
9.4047760636e-05	13	L-talarate/galactarate dehydratase
9.4047760636e-05	13	chorismate synthase, partial
9.4047760636e-05	13	prolyl-tRNA editing protein
9.4047760636e-05	13	TIGR03768 family metallophosphoesterase
9.4047760636e-05	13	anthranilate synthase component I, partial
9.4047760636e-05	13	restriction endonuclease S subunit
9.4047760636e-05	13	hydrogenase iron-sulfur subunit
9.4047760636e-05	13	general secretion pathway protein GspN, partial
9.4047760636e-05	13	phosphoribosylamine--glycine ligase, partial
9.4047760636e-05	13	(2E,6E)-farnesyl- diphosphate-specific ditrans,polycis-undecaprenyl-diphosphate synthase
9.4047760636e-05	13	recombination and repair protein RecT
9.4047760636e-05	13	MULTISPECIES: aquaporin Z
9.4047760636e-05	13	4-aminobutyrate transaminase
9.4047760636e-05	13	peroxiredoxin OsmC
9.4047760636e-05	13	MULTISPECIES: drug/metabolite-transporting permease
9.4047760636e-05	13	HaeII family restriction endonuclease
9.4047760636e-05	13	rhombotarget lipoprotein
9.4047760636e-05	13	MULTISPECIES: DNA replication protein
9.4047760636e-05	13	aminobenzoate oxygenase
9.4047760636e-05	13	LLM class flavin-dependent oxidoreductase, partial
9.4047760636e-05	13	bifunctional chorismate mutase/prephenate dehydratase
9.4047760636e-05	13	serine dehydratase subunit alpha family protein
9.4047760636e-05	13	DUF4229 domain-containing protein
9.4047760636e-05	13	N-acyl-L-amino acid amidohydrolase
9.4047760636e-05	13	cell-division ATP-binding protein
9.4047760636e-05	13	maltose O-acetyltransferase
9.4047760636e-05	13	type III-B CRISPR module RAMP protein Cmr6
9.4047760636e-05	13	diheme cytochrome c
9.4047760636e-05	13	cation-efflux pump FieF
9.4047760636e-05	13	stage 0 sporulation protein
9.4047760636e-05	13	MULTISPECIES: 23S rRNA (adenine(1618)-N(6))-methyltransferase
9.4047760636e-05	13	tyrosinase
9.4047760636e-05	13	MULTISPECIES: Zeta toxin family protein
9.4047760636e-05	13	PPIC-type PPIASE domain protein
9.4047760636e-05	13	phosphoglycerol transferase I
9.4047760636e-05	13	heavy metal resistance protein CzcC
9.4047760636e-05	13	inosine/guanosine kinase
9.4047760636e-05	13	glycoside hydrolase family 97
9.4047760636e-05	13	helix-turn-helix domain containing protein
9.4047760636e-05	13	stress response translation initiation inhibitor YciH
9.4047760636e-05	13	pseudouridine synthase Rsu
9.4047760636e-05	13	MULTISPECIES: ATP-dependent acyl-CoA ligase
9.4047760636e-05	13	xanthine-guanine phosphoribosyltransferase
9.4047760636e-05	13	MULTISPECIES: DUF2171 domain-containing protein
9.4047760636e-05	13	MULTISPECIES: DNA repair protein RadC
9.4047760636e-05	13	toluene monooxygenase
9.4047760636e-05	13	2-oxoacid:acceptor oxidoreductase
9.4047760636e-05	13	RNA polymerase sigma factor, partial
9.4047760636e-05	13	sigma-54-dependent phenylalanine hydroxylase transcriptional regulator PhhR
9.4047760636e-05	13	Diheme cytochrome c
9.4047760636e-05	13	signal protein
9.4047760636e-05	13	competence protein ComA
9.4047760636e-05	13	benzoyl-CoA-dihydrodiol lyase, partial
9.4047760636e-05	13	MULTISPECIES: 3-(3-hydroxy-phenyl)propionate transporter MhpT
9.4047760636e-05	13	MULTISPECIES: DUF1573 domain-containing protein
9.4047760636e-05	13	photosystem I reaction center protein PsaF III
9.4047760636e-05	13	MULTISPECIES: formylmethanofuran dehydrogenase subunit A
9.4047760636e-05	13	Nif11-like leader peptide family natural product precursor
9.4047760636e-05	13	6-hydroxynicotinate 3-monooxygenase
9.4047760636e-05	13	MULTISPECIES: S-methyl-5'-thioadenosine phosphorylase
9.4047760636e-05	13	BtpA family membrane complex biogenesis protein
9.4047760636e-05	13	pantothenate synthetase
9.4047760636e-05	13	DNA repair protein Rad52
9.4047760636e-05	13	methyl-viologen-reducing hydrogenase subunit delta
9.4047760636e-05	13	ABC transporter ATPase, partial
9.4047760636e-05	13	microcystin-dependent protein
9.4047760636e-05	13	MULTISPECIES: O-antigen translocase
9.4047760636e-05	13	methyltransferase FkbM family protein
9.4047760636e-05	13	CMP-N-acetlyneuraminic acid synthetase
9.4047760636e-05	13	Toxin higB-1
9.4047760636e-05	13	MULTISPECIES: glycolate oxidase
9.4047760636e-05	13	MULTISPECIES: acid--CoA ligase
9.4047760636e-05	13	hydrolase glyoxylase
9.4047760636e-05	13	sugar-phospahte nucleotidyltransferase
9.4047760636e-05	13	MULTISPECIES: dimethyladenosine transferase
9.4047760636e-05	13	MULTISPECIES: choline ABC transporter permease subunit
9.4047760636e-05	13	carboxyphosphonoenolpyruvate phosphonomutase
9.4047760636e-05	13	MULTISPECIES: DUF4159 domain-containing protein
9.4047760636e-05	13	UMUC domain-containing protein DNA-repair protein
9.4047760636e-05	13	VIC family potassium channel protein
9.4047760636e-05	13	MULTISPECIES: MexE family multidrug efflux RND transporter periplasmic adaptor subunit
9.4047760636e-05	13	tRNA epoxyqueuosine(34) reductase QueG, partial
9.4047760636e-05	13	MULTISPECIES: conjugal transfer protein TraF
9.4047760636e-05	13	aspartokinase
9.4047760636e-05	13	stage IV sporulation protein A
9.4047760636e-05	13	DUF1816 domain-containing protein
9.4047760636e-05	13	MULTISPECIES: lipid A hydroxylase LpxO
9.4047760636e-05	13	DUF1851 domain-containing protein
9.4047760636e-05	13	peptidase M35
9.4047760636e-05	13	ScaI family restriction endonuclease
9.4047760636e-05	13	BlaI/MecI/CopY family transcriptional regulator
9.4047760636e-05	13	MULTISPECIES: stress responsive protein
9.4047760636e-05	13	polysaccharide/polyol phosphate ABC transporter permease
9.4047760636e-05	13	MULTISPECIES: PASTA domain-containing protein
9.4047760636e-05	13	arsenate reductase (azurin) small subunit
9.4047760636e-05	13	copper amine oxidase
9.4047760636e-05	13	MULTISPECIES: OsmC-like protein
9.4047760636e-05	13	DUF4134 domain-containing protein
9.4047760636e-05	13	IS3 family transposase ISLve1
9.4047760636e-05	13	MULTISPECIES: poly(hydroxyalkanoate) granule-associated protein
9.4047760636e-05	13	HflBKC-binding inner membrane protein
9.4047760636e-05	13	5-oxo-L-prolinase
9.4047760636e-05	13	sulfurtransferase TusE
9.4047760636e-05	13	bifunctional 5,10-methylenetetrahydrofolate dehydrogenase/5,10-methenyltetrahydrofolate cyclohydrolase
9.4047760636e-05	13	MULTISPECIES: malto-oligosyltrehalose trehalohydrolase
9.4047760636e-05	13	prolyl tripeptidyl peptidase precursor
9.4047760636e-05	13	heme/hemopexin-binding protein HxuA
9.4047760636e-05	13	MULTISPECIES: OmpH/HlpA family outer membrane protein
9.4047760636e-05	13	molybdenum cofactor biosynthesis protein MoaA, partial
9.4047760636e-05	13	tricarboxylic transport membrane protein
9.4047760636e-05	13	DUF1534 domain-containing protein
9.4047760636e-05	13	dTDP-4-keto-6-deoxy-D-glucose epimerase, partial
9.4047760636e-05	13	CutC family protein
9.4047760636e-05	13	hydrogenase assembly protein HupF
9.4047760636e-05	13	MULTISPECIES: DUF3078 domain-containing protein
9.4047760636e-05	13	tellurium resistance protein TerX
9.4047760636e-05	13	MULTISPECIES: flagellar hook-associated protein 3
9.4047760636e-05	13	protein RarD, partial
9.4047760636e-05	13	MULTISPECIES: peptidase S10
9.4047760636e-05	13	nucleosidase
9.4047760636e-05	13	DitF protein
9.4047760636e-05	13	translation initiation factor eIF-1A, partial
9.4047760636e-05	13	ferredoxin, partial
9.4047760636e-05	13	MULTISPECIES: baseplate assembly protein
9.4047760636e-05	13	cytidylate kinase, partial
9.4047760636e-05	13	sulfur carrier protein ThiS
9.4047760636e-05	13	5-methyltetrahydrofolate--homocysteine methyltransferase, partial
9.4047760636e-05	13	spectinomycin phosphotransferase
9.4047760636e-05	13	malate synthase A, partial
9.4047760636e-05	13	DUF1839 domain-containing protein
9.4047760636e-05	13	putative copper resistance protein
9.4047760636e-05	13	large, multifunctional protein
9.4047760636e-05	13	L(+)-tartrate dehydratase
9.4047760636e-05	13	IS3 family transposase ISPsy29
9.4047760636e-05	13	MULTISPECIES: polynucleotide adenylyltransferase
8.68133175102e-05	12	heme transporter CcmB
8.68133175102e-05	12	Cobalamin biosynthesis protein CobT,cobalamin biosynthesis protein, CobT family
8.68133175102e-05	12	MULTISPECIES: coenzyme PQQ precursor peptide PqqA
8.68133175102e-05	12	MULTISPECIES: drug:proton antiporter
8.68133175102e-05	12	large repetitive protein, partial
8.68133175102e-05	12	SigE family RNA polymerase sigma factor
8.68133175102e-05	12	DUF1269 domain-containing family protein
8.68133175102e-05	12	heat-shock protein Hsp
8.68133175102e-05	12	DUF2857 domain-containing protein
8.68133175102e-05	12	histone family protein nucleoid-structuring protein H-NS
8.68133175102e-05	12	DUF3122 domain-containing protein
8.68133175102e-05	12	SlyX
8.68133175102e-05	12	urease accessory protein UreE, partial
8.68133175102e-05	12	phosphatidylinositol 3-and 4-kinase
8.68133175102e-05	12	MULTISPECIES: type II secretion system PilC
8.68133175102e-05	12	MULTISPECIES: beta-ketoacyl-ACP synthase II
8.68133175102e-05	12	type VI secretion protein Vgr
8.68133175102e-05	12	MULTISPECIES: acylamide amidohydrolase
8.68133175102e-05	12	type I secretion system protein TolC
8.68133175102e-05	12	DNA polymerase III subunit delta, partial
8.68133175102e-05	12	putative succinylglutamate-semialdehyde dehydrogenase
8.68133175102e-05	12	batE protein
8.68133175102e-05	12	MprA protease, GlyGly-CTERM protein-sorting domain-containing form
8.68133175102e-05	12	glycosyltransferase 36
8.68133175102e-05	12	protein TolA, partial
8.68133175102e-05	12	putative O-linked N-acetylglucosamine transferase, SPINDLY family
8.68133175102e-05	12	protein translocase subunit SecD, partial
8.68133175102e-05	12	DUF1883 domain-containing protein
8.68133175102e-05	12	UDP-glucose epimerase
8.68133175102e-05	12	molybdopterin molybdenumtransferase
8.68133175102e-05	12	vanillate O-demethylase oxygenase
8.68133175102e-05	12	transporter SSS family
8.68133175102e-05	12	D-tagatose 3-epimerase
8.68133175102e-05	12	MULTISPECIES: perosamine synthetase
8.68133175102e-05	12	rhamnulose-1-phosphate aldolase
8.68133175102e-05	12	MULTISPECIES: cell cycle protein
8.68133175102e-05	12	Putative asparaginase
8.68133175102e-05	12	MULTISPECIES: DUF1524 domain-containing protein
8.68133175102e-05	12	HutD-family protein
8.68133175102e-05	12	sulfur relay protein DsrC
8.68133175102e-05	12	N-acetylgalactosamine-6-sulfate sulfatase (GALNS)
8.68133175102e-05	12	large repetitive protein
8.68133175102e-05	12	MULTISPECIES: rhizopine-binding protein
8.68133175102e-05	12	NADH-quinone oxidoreductase, E subunit
8.68133175102e-05	12	fatty acid methyltransferase
8.68133175102e-05	12	choline dehydrogenase, partial
8.68133175102e-05	12	putative glycosyltransferase protein
8.68133175102e-05	12	MULTISPECIES: organic hydroperoxide resistance protein
8.68133175102e-05	12	ion transporter, partial
8.68133175102e-05	12	DUF4862 domain-containing protein
8.68133175102e-05	12	MULTISPECIES: DUF1840 domain-containing protein
8.68133175102e-05	12	pectin lyase fold-containing protein
8.68133175102e-05	12	DUF1634 domain-containing protein
8.68133175102e-05	12	umuC
8.68133175102e-05	12	DUF4330 domain-containing protein
8.68133175102e-05	12	MULTISPECIES: adhesin
8.68133175102e-05	12	IS5 family transposase ISUnCu2
8.68133175102e-05	12	TlpA-like protein
8.68133175102e-05	12	MULTISPECIES: type II secretion system protein GspH
8.68133175102e-05	12	DUF3261 domain-containing protein
8.68133175102e-05	12	FolB domain protein
8.68133175102e-05	12	MULTISPECIES: metal-independent alpha-mannosidase
8.68133175102e-05	12	MULTISPECIES: double-strand break repair protein AddB
8.68133175102e-05	12	molybdopterin-binding aldehyde oxidase and xanthine dehydrogenase
8.68133175102e-05	12	thioesterase superfamily protein, partial
8.68133175102e-05	12	Subtilisin NAT
8.68133175102e-05	12	DNA/RNA endonuclease G, NUC1
8.68133175102e-05	12	molecular chaperone EcpD
8.68133175102e-05	12	UrcA family protein
8.68133175102e-05	12	serine/threonine protein kinase with PASTA sensor(s)
8.68133175102e-05	12	MULTISPECIES: DUF3047 domain-containing protein
8.68133175102e-05	12	MULTISPECIES: acylneuraminate cytidylyltransferase
8.68133175102e-05	12	zonular occludens toxin
8.68133175102e-05	12	MULTISPECIES: phenylacetic acid degradation protein PaaN
8.68133175102e-05	12	PEP-CTERM/exosortase system-associated acyltransferase
8.68133175102e-05	12	MULTISPECIES: photosystem I assembly protein Ycf4
8.68133175102e-05	12	MULTISPECIES: cytochrome b6-f complex subunit IV
8.68133175102e-05	12	MULTISPECIES: colicin V synthesis protein
8.68133175102e-05	12	MULTISPECIES: carboxylase
8.68133175102e-05	12	DUF3223 domain-containing protein
8.68133175102e-05	12	MULTISPECIES: mycothiol synthase
8.68133175102e-05	12	MULTISPECIES: DUF2752 domain-containing protein
8.68133175102e-05	12	putative serine/threonine protein kinase
8.68133175102e-05	12	UDP-N-acetyl-D-glucosamine dehydrogenase
8.68133175102e-05	12	muropeptide MFS transporter
8.68133175102e-05	12	MULTISPECIES: zinc-binding alcohol dehydrogenase
8.68133175102e-05	12	TIGR03746 family integrating conjugative element protein
8.68133175102e-05	12	MULTISPECIES: sulfurtransferase TusD
8.68133175102e-05	12	IS3 family transposase ISRme13
8.68133175102e-05	12	NusG antitermination factor
8.68133175102e-05	12	fucose-binding protein
8.68133175102e-05	12	FAD-binding protein, partial
8.68133175102e-05	12	Lsr2 family protein
8.68133175102e-05	12	alkyl sulfatase, partial
8.68133175102e-05	12	SprE lipoprotein precursor
8.68133175102e-05	12	MULTISPECIES: alpha-L-arabinofuranosidase
8.68133175102e-05	12	VanW family protein
8.68133175102e-05	12	agglutinin biogenesis protein MshI
8.68133175102e-05	12	fatty acid-binding protein DegV
8.68133175102e-05	12	cytochrome cbb3 oxidase maturation protein CcoI
8.68133175102e-05	12	MULTISPECIES: HDIG domain-containing protein
8.68133175102e-05	12	L-carnitine dehydratase
8.68133175102e-05	12	putative protein-signal peptide and transmembrane prediction
8.68133175102e-05	12	MULTISPECIES: succinate-semialdehyde dehydrogenase (NADP(+))
8.68133175102e-05	12	MULTISPECIES: redox-sensing transcriptional repressor Rex
8.68133175102e-05	12	MULTISPECIES: flagellar motor protein
8.68133175102e-05	12	MULTISPECIES: oligopeptide transporter permease
8.68133175102e-05	12	50S ribosomal protein L21e
8.68133175102e-05	12	NAD(P)H-quinone oxidoreductase subunit I
8.68133175102e-05	12	MULTISPECIES: flotillin
8.68133175102e-05	12	MULTISPECIES: type I pantothenate kinase
8.68133175102e-05	12	phosphate-selective porin O and P
8.68133175102e-05	12	MULTISPECIES: protein arginine kinase
8.68133175102e-05	12	succinate--CoA ligase subunit alpha, partial
8.68133175102e-05	12	tetratricopeptide repeat-containing protein, partial
8.68133175102e-05	12	mannose-1-phosphate guanylyltransferase/mannose-6-phosphate isomerase, partial
8.68133175102e-05	12	glycosyltransferase WbuB, partial
8.68133175102e-05	12	amylase
8.68133175102e-05	12	manganese ABC transporter permease
8.68133175102e-05	12	PTS cellobiose transporter
8.68133175102e-05	12	dihydrolipoamide acyltransferase component of branched-chain alpha-keto acid dehydrogenase complex
8.68133175102e-05	12	exonuclease subunit SbcD
8.68133175102e-05	12	MULTISPECIES: protein CapI
8.68133175102e-05	12	phage tail tape-measure protein
8.68133175102e-05	12	invasion protein
8.68133175102e-05	12	beta-fructofuranosidase
8.68133175102e-05	12	flagellin domain-containing protein
8.68133175102e-05	12	Swarming motility protein YbiA
8.68133175102e-05	12	DUF3416 domain-containing protein, partial
8.68133175102e-05	12	flagellar hook protein FlgK
8.68133175102e-05	12	MULTISPECIES: soluble pyridine nucleotide transhydrogenase
8.68133175102e-05	12	tubC protein
8.68133175102e-05	12	NADH dehydrogenase I subunit G subunit
8.68133175102e-05	12	MULTISPECIES: PAP2 family protein
8.68133175102e-05	12	9-hexadecenoic acid cis-trans isomerase
8.68133175102e-05	12	MULTISPECIES: GHMP kinase
8.68133175102e-05	12	fibronectin-binding protein
8.68133175102e-05	12	chemotaxis sensory transducer
8.68133175102e-05	12	multidrug transporter CflA
8.68133175102e-05	12	3'-phosphoadenosine 5'-phosphosulfate sulfotransferase/FAD synthetase
8.68133175102e-05	12	MULTISPECIES: 9-O-acetylesterase
8.68133175102e-05	12	thiamine-binding protein
8.68133175102e-05	12	alcohol acetyltransferase
8.68133175102e-05	12	MULTISPECIES: LytTR family transcriptional regulator
8.68133175102e-05	12	NAD-dependent epimerase, partial
8.68133175102e-05	12	anion:sodium symporter
8.68133175102e-05	12	septum site-determining protein MinC, partial
8.68133175102e-05	12	neuraminidase (sialidase)
8.68133175102e-05	12	selenocysteinyl-tRNA-specific translation elongation factor SelB
8.68133175102e-05	12	alcohol dehydrogenase, class IV
8.68133175102e-05	12	MFS superfamily sulfate transporter permease
8.68133175102e-05	12	thiol reductant ABC exporter subunit CydD, partial
8.68133175102e-05	12	putative succinate dehydrogenase/fumarate reductase, cytochrome b subunit
8.68133175102e-05	12	MULTISPECIES: sn-glycerol-3-phosphate import ATP-binding protein UgpC
8.68133175102e-05	12	secretion protein F
8.68133175102e-05	12	MULTISPECIES: siderophore-interacting protein
8.68133175102e-05	12	hemagglutinin, partial
8.68133175102e-05	12	putative esterase lipoprotein
8.68133175102e-05	12	putative NADH dehydrogenase I subunit I
8.68133175102e-05	12	ATP-dependent helicase HrpB, partial
8.68133175102e-05	12	DUF3150 domain-containing protein
8.68133175102e-05	12	fibrillarin-like rRNA methylase
8.68133175102e-05	12	ATP citrate synthase
8.68133175102e-05	12	peptidase M75
8.68133175102e-05	12	serine metalloprotease
8.68133175102e-05	12	MULTISPECIES: DUF1778 domain-containing protein
8.68133175102e-05	12	MULTISPECIES: peptidase C26
8.68133175102e-05	12	MULTISPECIES: peptidase C25
8.68133175102e-05	12	glycogen-debranching protein
8.68133175102e-05	12	MULTISPECIES: DUF3300 domain-containing protein
8.68133175102e-05	12	Nitric oxide reductase subunit B
8.68133175102e-05	12	DUF3124 domain-containing protein
8.68133175102e-05	12	MULTISPECIES: glycoside hydrolase family 81
8.68133175102e-05	12	cation/multidrug efflux pump
8.68133175102e-05	12	sporulation protein SpoIID
8.68133175102e-05	12	MULTISPECIES: multidrug efflux system, subunit c
8.68133175102e-05	12	MULTISPECIES: fatty acyl-CoA reductase
8.68133175102e-05	12	phiE125 gp8 hypothetical protein
8.68133175102e-05	12	rhs family protein
8.68133175102e-05	12	peptidyl-dipeptidase A
8.68133175102e-05	12	MULTISPECIES: CbbX protein
8.68133175102e-05	12	MULTISPECIES: L-idonate 5-dehydrogenase
8.68133175102e-05	12	MULTISPECIES: bestrophin
8.68133175102e-05	12	fucose 4-O-acetylase
8.68133175102e-05	12	MULTISPECIES: flagellar biosynthesis protein FlgF
8.68133175102e-05	12	sialic acid O-acetyltransferase
8.68133175102e-05	12	potassium transporter TrkG
8.68133175102e-05	12	Rieske (2Fe-2S) domain-containing protein
8.68133175102e-05	12	malonate decarboxylase holo-ACP synthase
8.68133175102e-05	12	transcriptional regulator HexR
8.68133175102e-05	12	MULTISPECIES: glutamate/aspartate transporter permease GltK
8.68133175102e-05	12	naringenin-chalcone synthase
8.68133175102e-05	12	histidinol dehydrogenase, partial
8.68133175102e-05	12	MULTISPECIES: oxalate/formate MFS antiporter
8.68133175102e-05	12	DUF1738 domain-containing protein, partial
8.68133175102e-05	12	GSPG signal peptide protein
8.68133175102e-05	12	ferric siderophore ABC transporter substrate-binding protein
8.68133175102e-05	12	MULTISPECIES: shikimate kinase I
8.68133175102e-05	12	sporulation protein SsgA
8.68133175102e-05	12	p-aminobenzoate synthetase
8.68133175102e-05	12	peptidoglycan N-acetylmuramoylhydrolase
8.68133175102e-05	12	methylase of chemotaxis methyl-accepting protein
8.68133175102e-05	12	type VI secretion protein VgrG
8.68133175102e-05	12	MULTISPECIES: BatC protein
8.68133175102e-05	12	NAD(P)(+) transhydrogenase (Re/Si-specific) subunit alpha, partial
8.68133175102e-05	12	TIGR02449 family protein
8.68133175102e-05	12	MULTISPECIES: peptidase P60
8.68133175102e-05	12	MULTISPECIES: DUF3710 domain-containing protein
8.68133175102e-05	12	MULTISPECIES: O-antigen ligase domain-containing protein
8.68133175102e-05	12	MULTISPECIES: UDP-N-acetylglucosamine pyrophosphorylase
8.68133175102e-05	12	ISAzo13 family transposase ISSiac3
8.68133175102e-05	12	MULTISPECIES: HoxN/HupN/NixA family nickel/cobalt transporter
8.68133175102e-05	12	NADH-ubiquinone oxidoreductase chain C
8.68133175102e-05	12	Error-prone repair protein ImuA
8.68133175102e-05	12	Rlu family pseudouridine synthase
8.68133175102e-05	12	nucleoside diphosphate kinase regulator
8.68133175102e-05	12	MULTISPECIES: two-component system response regulator UvrY
8.68133175102e-05	12	MULTISPECIES: alpha-xylosidase
8.68133175102e-05	12	carbamoyl phosphate synthase small subunit, partial
8.68133175102e-05	12	kinase-like protein
8.68133175102e-05	12	DUF1048 domain-containing protein
8.68133175102e-05	12	hydrogenase nickel incorporation protein HypA
8.68133175102e-05	12	curli production assembly/transport protein CsgG
8.68133175102e-05	12	MULTISPECIES: amino acid amidase
8.68133175102e-05	12	MULTISPECIES: AsnC family protein
8.68133175102e-05	12	heterodisulfide reductase subunit B
8.68133175102e-05	12	cyanoporin
8.68133175102e-05	12	glycine cleavage system T protein (aminomethyltransferase)
8.68133175102e-05	12	DUF2170 domain-containing protein
8.68133175102e-05	12	precorrin-6y C5,15-methyltransferase (decarboxylating) subunit CbiE
8.68133175102e-05	12	MULTISPECIES: phosphonate monoester hydrolase
8.68133175102e-05	12	glutamine synthetase type III domain-containing protein
8.68133175102e-05	12	MULTISPECIES: DUF1178 domain-containing protein
8.68133175102e-05	12	MULTISPECIES: noncanonical pyrimidine nucleotidase, YjjG family
8.68133175102e-05	12	MULTISPECIES: magnesium chelatase ATPase subunit D
8.68133175102e-05	12	MULTISPECIES: phytoene dehydrogenase
8.68133175102e-05	12	late control protein D
8.68133175102e-05	12	MULTISPECIES: heme/hemopexin-binding protein
8.68133175102e-05	12	Mg chelatase-like ATPase
8.68133175102e-05	12	PLP-dependent aspartate aminotransferase family protein
8.68133175102e-05	12	acyl-CoA dehydrogenase, C-terminal domain protein
8.68133175102e-05	12	putative Nuclease (SNase domain protein)
8.68133175102e-05	12	MULTISPECIES: paraquat-inducible protein A
8.68133175102e-05	12	site-specific recombinase DNA invertase Pin
8.68133175102e-05	12	sodium:neurotransmitter symporter
8.68133175102e-05	12	DUF1259 domain-containing protein
8.68133175102e-05	12	phosphonate metabolism protein PhnH
8.68133175102e-05	12	Laminin G sub domain 2
8.68133175102e-05	12	LPXTG-motif cell wall anchor domain-containing protein
8.68133175102e-05	12	MULTISPECIES: radical SAM/SPASM domain-containing protein
8.68133175102e-05	12	DUF5020 domain-containing protein
8.68133175102e-05	12	Ion channel family
8.68133175102e-05	12	undecaprenyl-phosphate 4-deoxy-4-formamido-L-arabinose transferase
8.68133175102e-05	12	protein with DOMON-like ligand-binding domain protein
8.68133175102e-05	12	membrane protease subunit
8.68133175102e-05	12	Siderophore (Surfactin) biosynthesis regulatory protein
8.68133175102e-05	12	hopanoid biosynthesis associated protein HpnK
8.68133175102e-05	12	MULTISPECIES: EscN/YscN/HrcN family type III secretion system ATPase
8.68133175102e-05	12	hsp70 family protein, partial
8.68133175102e-05	12	ATP-binding domain-containing protein
8.68133175102e-05	12	biotin--protein ligase
8.68133175102e-05	12	DUF3458 domain-containing protein
8.68133175102e-05	12	granule-associated-like protein
8.68133175102e-05	12	conjugal transfer protein TrbC
8.68133175102e-05	12	DUF2853 domain-containing protein
8.68133175102e-05	12	nH(3)-dependent NAD+ synthetase
8.68133175102e-05	12	MULTISPECIES: DUF2309 domain-containing protein
8.68133175102e-05	12	MULTISPECIES: Zn-dependent alcohol dehydrogenase
8.68133175102e-05	12	taurine transporter ATP-binding subunit
8.68133175102e-05	12	pyruvate dehydrogenase (acetyl-transferring)
8.68133175102e-05	12	MULTISPECIES: phosphohistidine phosphatase SixA
8.68133175102e-05	12	DUF2845 domain-containing protein
8.68133175102e-05	12	MULTISPECIES: oxaloacetate decarboxylase
8.68133175102e-05	12	hydroxymethylbutenyl pyrophosphate reductase
8.68133175102e-05	12	glutamate synthase small subunit
8.68133175102e-05	12	MULTISPECIES: multidrug transporter subunit MdtC
8.68133175102e-05	12	MULTISPECIES: IS6 family transposase
8.68133175102e-05	12	MULTISPECIES: zinc import ATP-binding protein ZnuC
8.68133175102e-05	12	MULTISPECIES: DUF481 domain-containing protein
8.68133175102e-05	12	excinuclease ABC C subunit domain-containing protein
8.68133175102e-05	12	L-ectoine synthase
8.68133175102e-05	12	alpha-2-macroglobulin family protein
8.68133175102e-05	12	Sec-independent protein translocase
8.68133175102e-05	12	CcdB-like protein
8.68133175102e-05	12	MULTISPECIES: DUF4124 domain-containing protein
8.68133175102e-05	12	chromosome partition protein SMC
8.68133175102e-05	12	abhydrolase domain-containing 18
8.68133175102e-05	12	chaperone SurA
8.68133175102e-05	12	putative O-succinylbenzoate--CoA ligase
8.68133175102e-05	12	guanosine polyphosphate pyrophosphohydrolase
8.68133175102e-05	12	MULTISPECIES: nitrate reductase molybdenum cofactor assembly chaperone
8.68133175102e-05	12	endodeoxyribonuclease RusA
8.68133175102e-05	12	organic solvent resistance ABC transporter ATP-binding protein
8.68133175102e-05	12	2-oxo-3-deoxygalactonate 6-phosphate aldolase
8.68133175102e-05	12	type I-F CRISPR-associated endonuclease Cas1
8.68133175102e-05	12	dTDP-Rha--alpha-D-GlcNAc-pyrophosphate polyprenol alpha-3-L-rhamnosyltransferase, partial
8.68133175102e-05	12	stage II sporulation protein D
8.68133175102e-05	12	MULTISPECIES: 5'-3'-deoxyribonucleotidase
8.68133175102e-05	12	polymerase, partial
8.68133175102e-05	12	MULTISPECIES: thiamine biosynthesis protein ThiF
8.68133175102e-05	12	methylene-tetrahydromethanopterin reductase
8.68133175102e-05	12	MULTISPECIES: methyltransferase FkbM
8.68133175102e-05	12	Quinol oxidase subunit 3
8.68133175102e-05	12	SapC family protein
8.68133175102e-05	12	phosphorybosylanthranilate isomerase
8.68133175102e-05	12	phosphoglycerate dehydrogenase-like oxidoreductase
8.68133175102e-05	12	MULTISPECIES: TIGR01666 family membrane protein
8.68133175102e-05	12	MULTISPECIES: DUF3106 domain-containing protein
8.68133175102e-05	12	molybdenum transporter
8.68133175102e-05	12	PEP-utilizing protein
8.68133175102e-05	12	c550-like class I cytochrome C
8.68133175102e-05	12	epimerase, partial
8.68133175102e-05	12	CAAX protease family protein
8.68133175102e-05	12	MULTISPECIES: transglycosylase domain-containing protein
8.68133175102e-05	12	F420H(2):quinone oxidoreductase
8.68133175102e-05	12	recombinase RecA, partial
8.68133175102e-05	12	D-alanyl-lipoteichoic acid biosynthesis protein DltB
8.68133175102e-05	12	MULTISPECIES: pseudouridylate synthase
8.68133175102e-05	12	MULTISPECIES: dipeptidase E
8.68133175102e-05	12	MULTISPECIES: DNA-directed RNA polymerase sigma-70 factor
8.68133175102e-05	12	Na+/H+ antiporter NhaB
8.68133175102e-05	12	restriction modification system DNA specificity domain protein
8.68133175102e-05	12	filamentation induced by camp protein fic
8.68133175102e-05	12	MULTISPECIES: putative DNA modification/repair radical SAM protein
8.68133175102e-05	12	DUF4215 domain-containing protein
8.68133175102e-05	12	MGS domain protein
8.68133175102e-05	12	anti-sigma factor ChrR
8.68133175102e-05	12	bacteriophage Mu tail sheath
8.68133175102e-05	12	DNA methylase N-4/N-6
8.68133175102e-05	12	DUF3079 domain-containing protein
8.68133175102e-05	12	acriflavin resistance protein, partial
8.68133175102e-05	12	MULTISPECIES: mannose-6-phosphate isomerase, class I
8.68133175102e-05	12	queuine/other tRNA-ribosyltransferase
8.68133175102e-05	12	RecD-like DNA helicase
8.68133175102e-05	12	UDP-galactopyranose mutase, partial
8.68133175102e-05	12	PhoU family transcriptional regulator
8.68133175102e-05	12	MULTISPECIES: preQ(1) synthase
8.68133175102e-05	12	secretion protein, partial
8.68133175102e-05	12	transporter AEC family
8.68133175102e-05	12	MULTISPECIES: TerB family tellurite resistance protein
8.68133175102e-05	12	AIPR family protein
8.68133175102e-05	12	MULTISPECIES: carnitinyl-CoA dehydratase
8.68133175102e-05	12	fibronectin, type III
8.68133175102e-05	12	YSIRK signal domain/LPXTG anchor domain surface protein
8.68133175102e-05	12	DUF58 domain-containing protein, partial
8.68133175102e-05	12	MULTISPECIES: DUF3145 domain-containing protein
8.68133175102e-05	12	C protein, partial
8.68133175102e-05	12	appr-1-p processing domain-containing protein
8.68133175102e-05	12	competence protein ComF
8.68133175102e-05	12	Aminotransferase class III
8.68133175102e-05	12	plasmid mobilization protein
8.68133175102e-05	12	desulfoferrodoxin
8.68133175102e-05	12	manganese/iron transporter ATP-binding protein
8.68133175102e-05	12	glycoside hydrolase family 18
8.68133175102e-05	12	putative methyltransferase
8.68133175102e-05	12	MULTISPECIES: chitinase
8.68133175102e-05	12	TIGR01458 family HAD-type hydrolase
8.68133175102e-05	12	MULTISPECIES: rRNA cytosine-C5-methyltransferase
8.68133175102e-05	12	acyl-CoA dehydrogenase-like protein
8.68133175102e-05	12	MULTISPECIES: DUF3320 domain-containing protein
8.68133175102e-05	12	NAD(P)H oxidoreductase
8.68133175102e-05	12	MULTISPECIES: DUF2061 domain-containing protein
8.68133175102e-05	12	flagellin modification protein FlmC
8.68133175102e-05	12	MULTISPECIES: bifunctional aldolase/short-chain dehydrogenase
8.68133175102e-05	12	NLPA lipoprotein
8.68133175102e-05	12	modification methylase HphIB
8.68133175102e-05	12	gAF domain-containing protein
8.68133175102e-05	12	cadmium transporter
8.68133175102e-05	12	MULTISPECIES: penicillin amidase
8.68133175102e-05	12	MULTISPECIES: 2-oxo-hepta-3-ene-1,7-dioic acid hydratase
8.68133175102e-05	12	thioesterase, partial
8.68133175102e-05	12	MULTISPECIES: DUF3107 domain-containing protein
8.68133175102e-05	12	MULTISPECIES: D-aminoacylase
8.68133175102e-05	12	cation transport ATPase
8.68133175102e-05	12	single-stranded-DNA-specific exonuclease RecJ, partial
8.68133175102e-05	12	protease PfpI family
8.68133175102e-05	12	glutamine--scyllo-inositol transaminase
8.68133175102e-05	12	nitrous oxidase accessory protein
8.68133175102e-05	12	MULTISPECIES: Fe-S biogenesis protein NfuA
8.68133175102e-05	12	DUF664 domain-containing protein
8.68133175102e-05	12	alpha-1,3-galactosidase B
8.68133175102e-05	12	ribonucleotide reductase subunit alpha
8.68133175102e-05	12	MULTISPECIES: N-6 DNA methylase
8.68133175102e-05	12	MULTISPECIES: guanylate cyclase
8.68133175102e-05	12	HindIII family type II restriction endonuclease
8.68133175102e-05	12	MULTISPECIES: DUF4835 domain-containing protein
8.68133175102e-05	12	deoxyguanosine kinase
8.68133175102e-05	12	lipoate-protein ligase A LplA
8.68133175102e-05	12	MULTISPECIES: disulfide bond formation protein DsbD
8.68133175102e-05	12	MULTISPECIES: peptidase M17
8.68133175102e-05	12	Clp amino terminal domain protein
8.68133175102e-05	12	MULTISPECIES: glutaconyl-CoA decarboxylase subunit beta
8.68133175102e-05	12	HupV protein
8.68133175102e-05	12	transcriptional regulator FNR
8.68133175102e-05	12	type IV secretion system protein VirB3
8.68133175102e-05	12	MULTISPECIES: anaerobic C4-dicarboxylate transporter
8.68133175102e-05	12	putrescine/spermidine ABC transporter
8.68133175102e-05	12	protein of unknown function DUF1814
8.68133175102e-05	12	tRNA (adenosine(37)-N6)-threonylcarbamoyltransferase complex transferase subunit TsaD, partial
8.68133175102e-05	12	GPP34 family phosphoprotein
8.68133175102e-05	12	MULTISPECIES: phosphonopyruvate decarboxylase
8.68133175102e-05	12	MULTISPECIES: 1,4-dihydroxy-2-naphthoate octaprenyltransferase
8.68133175102e-05	12	Peptidase S24/S26A/S26B, conserved region
8.68133175102e-05	12	MULTISPECIES: ribonuclease G
8.68133175102e-05	12	Pyoverdin chromophore biosynthetic protein pvcC
8.68133175102e-05	12	cytochrome 450
8.68133175102e-05	12	MULTISPECIES: TonB-denpendent receptor
8.68133175102e-05	12	sulfate adenylyltransferase small subunit, partial
8.68133175102e-05	12	regulatory protein RecX
8.68133175102e-05	12	phosphohydrolase, partial
8.68133175102e-05	12	oligopeptidase A, partial
8.68133175102e-05	12	MULTISPECIES: potassium transporter TrkH
8.68133175102e-05	12	integral membrane protein TerC
8.68133175102e-05	12	chemotaxis protein LafU
8.68133175102e-05	12	electron transfer flavoprotein subunit beta, partial
8.68133175102e-05	12	MULTISPECIES: DUF4287 domain-containing protein
8.68133175102e-05	12	RNA polymerase subunit sigma-32
8.68133175102e-05	12	MULTISPECIES: alanine-phosphoribitol ligase
8.68133175102e-05	12	DNA-dependent DNA polymerase
8.68133175102e-05	12	head-to-tail joining protein
8.68133175102e-05	12	nitrogen fixation protein FixK
8.68133175102e-05	12	DUF726 domain-containing protein
8.68133175102e-05	12	Fe-S-cluster-containing hydrogenase subunit
8.68133175102e-05	12	ATP-dependent protease LonB
8.68133175102e-05	12	fused response regulator/thioredoxin-disulfide reductase
8.68133175102e-05	12	MULTISPECIES: septal ring lytic transglycosylase RlpA family protein
8.68133175102e-05	12	SSS sodium solute transporter
8.68133175102e-05	12	malate--CoA ligase subunit beta
8.68133175102e-05	12	RNA polymerase ECF-type sigma factor
8.68133175102e-05	12	GH3 auxin-responsive promoter family protein
8.68133175102e-05	12	cytochrome b/c1
8.68133175102e-05	12	peptidase S24/S26A/S26B
8.68133175102e-05	12	5-dehydro-4-deoxyglucarate dehydratase, partial
8.68133175102e-05	12	beta strand repeat-containing protein
8.68133175102e-05	12	PDZ/DHR/GLGF domain protein
8.68133175102e-05	12	MULTISPECIES: DUF2341 domain-containing protein
8.68133175102e-05	12	MULTISPECIES: low molecular weight phosphatase family protein
8.68133175102e-05	12	DUF2225 domain-containing protein
8.68133175102e-05	12	ubiquinone biosynthesis protein UbiE
8.68133175102e-05	12	MULTISPECIES: acetoin:2,6-dichlorophenolindophenol oxidoreductase subunit alpha
8.68133175102e-05	12	NADH-quinone oxidoreductase subunit H, partial
8.68133175102e-05	12	DUF123 domain-containing protein
8.68133175102e-05	12	MULTISPECIES: Cu(2+)-exporting ATPase
8.68133175102e-05	12	hydrogenase, partial
8.68133175102e-05	12	MULTISPECIES: demethoxyubiquinone hydroxylase family protein
8.68133175102e-05	12	oxidoreductase aryl-alcohol dehydrogenase like protein
8.68133175102e-05	12	MULTISPECIES: 5-methyltetrahydropteroyltriglutamate--homocysteine S-methyltransferase
8.68133175102e-05	12	RNAse
8.68133175102e-05	12	MULTISPECIES: beta-carotene hydroxylase
8.68133175102e-05	12	TIGR03747 family integrating conjugative element membrane protein
8.68133175102e-05	12	ISAs1 family transposase, partial
8.68133175102e-05	12	acetylmannosamine-6-phosphate 2-epimerase
8.68133175102e-05	12	ethanolamine utilization protein EutM
8.68133175102e-05	12	MULTISPECIES: ribonuclease E inhibitor RraB
7.95788743843e-05	11	2,4-diaminobutyrate decarboxylase
7.95788743843e-05	11	complex I NDUFA9 subunit family protein, partial
7.95788743843e-05	11	surface antigen
7.95788743843e-05	11	MULTISPECIES: DUF692 domain-containing protein
7.95788743843e-05	11	DUF1192 domain-containing protein
7.95788743843e-05	11	N-acetylglucosamine-6-phosphate isomerase
7.95788743843e-05	11	DUF1190 domain-containing protein
7.95788743843e-05	11	DUF1315 domain-containing protein
7.95788743843e-05	11	protein jag
7.95788743843e-05	11	MULTISPECIES: DUF4838 domain-containing protein
7.95788743843e-05	11	cobalamin biosynthesis protein CbiD
7.95788743843e-05	11	large terminase
7.95788743843e-05	11	MULTISPECIES: HPr kinase
7.95788743843e-05	11	neck protein
7.95788743843e-05	11	MULTISPECIES: flavodoxin
7.95788743843e-05	11	hyalin, partial
7.95788743843e-05	11	cyclic nucleotide-binding domain protein
7.95788743843e-05	11	cellulose biosynthesis protein BcsC
7.95788743843e-05	11	cellulose biosynthesis protein BcsE
7.95788743843e-05	11	dinuclear metal center protein
7.95788743843e-05	11	pyruvate carboxylase, partial
7.95788743843e-05	11	short-chain dehydrogenase of unknown substrate specificity
7.95788743843e-05	11	mutual gliding-motility protein MglA
7.95788743843e-05	11	DNA helicase RecQ, partial
7.95788743843e-05	11	MULTISPECIES: proteinase
7.95788743843e-05	11	FAD binding domain-containing protein, partial
7.95788743843e-05	11	sugar-transporting ATPase
7.95788743843e-05	11	IS5 family transposase, partial
7.95788743843e-05	11	galactosyltransferase
7.95788743843e-05	11	glycerol uptake facilitator or water-selective channels
7.95788743843e-05	11	MULTISPECIES: VTC domain-containing protein
7.95788743843e-05	11	MULTISPECIES: twin-arginine translocation pathway signal
7.95788743843e-05	11	MULTISPECIES: Tim44 domain-containing protein
7.95788743843e-05	11	peptidase m56 blar1
7.95788743843e-05	11	crossover junction endodeoxyribonuclease, partial
7.95788743843e-05	11	allophanate hydrolase, partial
7.95788743843e-05	11	MULTISPECIES: iron permease
7.95788743843e-05	11	MULTISPECIES: SPFH domain-containing protein
7.95788743843e-05	11	lactam utilization protein B
7.95788743843e-05	11	oligopeptide ABC transporter substrate-binding protein
7.95788743843e-05	11	phospho-N-acetylmuramoyl-pentapeptide-transferase, partial
7.95788743843e-05	11	MULTISPECIES: taurine catabolism dioxygenase TauD
7.95788743843e-05	11	autoinducer synthase
7.95788743843e-05	11	t4-like baseplate wedge
7.95788743843e-05	11	phage Mu protein
7.95788743843e-05	11	peptidoglycan endopeptidase, partial
7.95788743843e-05	11	triacylglycerol lipase
7.95788743843e-05	11	MULTISPECIES: acylaldehyde oxidase
7.95788743843e-05	11	Anaerobic glycerol-3-phosphate dehydrogenase subunit C
7.95788743843e-05	11	MULTISPECIES: IS1634 family transposase ISThsp7
7.95788743843e-05	11	MULTISPECIES: DUF924 domain-containing protein
7.95788743843e-05	11	MULTISPECIES: ATP-dependent Clp protease
7.95788743843e-05	11	mRNA interferase MazF
7.95788743843e-05	11	YedE-related selenium metabolism membrane protein
7.95788743843e-05	11	MULTISPECIES: Hsp20/alpha crystallin family protein
7.95788743843e-05	11	penicillin binding protein PBP4B
7.95788743843e-05	11	ribonuclease N
7.95788743843e-05	11	glucose-1-phosphatase
7.95788743843e-05	11	internalin, putative
7.95788743843e-05	11	MULTISPECIES: MraZ family transcriptional regulator
7.95788743843e-05	11	amino acid APC transporter
7.95788743843e-05	11	hemagglutinin family protein
7.95788743843e-05	11	MULTISPECIES: chemotaxis protein CheD
7.95788743843e-05	11	MULTISPECIES: cysteine desulfurase NifS
7.95788743843e-05	11	DUF1864 domain-containing protein
7.95788743843e-05	11	MULTISPECIES: high-affinity Fe2+/Pb2+ permease
7.95788743843e-05	11	rotamase
7.95788743843e-05	11	bifunctional diguanylate cyclase/phosphodiesterase, partial
7.95788743843e-05	11	tungsten formylmethanofuran dehydrogenase subunit C
7.95788743843e-05	11	peptidase, S8/S53 family
7.95788743843e-05	11	methylisocitrate lyase, partial
7.95788743843e-05	11	MULTISPECIES: toxin
7.95788743843e-05	11	DUF4163 domain-containing protein
7.95788743843e-05	11	ribbon-helix-helix domain-containing protein
7.95788743843e-05	11	periplasmic transport calcium-binding protein
7.95788743843e-05	11	O-acetyltransferase
7.95788743843e-05	11	DUF3396 domain-containing protein
7.95788743843e-05	11	MULTISPECIES: phthalate 4,5-dioxygenase
7.95788743843e-05	11	MULTISPECIES: phosphoenolpyruvate mutase
7.95788743843e-05	11	nad-dependent epimerase/dehydratase
7.95788743843e-05	11	urate oxidase
7.95788743843e-05	11	TIGR00725 family protein
7.95788743843e-05	11	cob(I)alamin adenosyltransferase
7.95788743843e-05	11	fumarate hydratase (fumarase A), aerobic Class I
7.95788743843e-05	11	TIGR03545 family protein
7.95788743843e-05	11	methylmalonate-semialdehyde dehydrogenase, partial
7.95788743843e-05	11	MULTISPECIES: beta-hexosaminidase
7.95788743843e-05	11	CO dehydrogenase/CO-methylating acetyl-CoA synthase complex subunit beta
7.95788743843e-05	11	S-ribosylhomocysteine lyase
7.95788743843e-05	11	sugar o-acyltransferase sialic acid o-acetyltransferase neud family
7.95788743843e-05	11	butanol dehydrogenase
7.95788743843e-05	11	fucokinase
7.95788743843e-05	11	MULTISPECIES: peptide synthetase
7.95788743843e-05	11	LruC domain-containing protein
7.95788743843e-05	11	MULTISPECIES: type II toxin-antitoxin system death-on-curing family toxin
7.95788743843e-05	11	putative carbon-nitrogen hydrolase
7.95788743843e-05	11	RNase J family MBL fold metallo-hydrolase
7.95788743843e-05	11	MULTISPECIES: cobalt transporter
7.95788743843e-05	11	DUF3747 domain-containing protein
7.95788743843e-05	11	transmembrane (4fe-4S) cluster-binding oxidoreductase
7.95788743843e-05	11	circadian clock protein KaiA
7.95788743843e-05	11	EstX protein
7.95788743843e-05	11	methylamine dehydrogenase accessory protein MauD
7.95788743843e-05	11	IS3 family transposase ISRme15
7.95788743843e-05	11	7TM receptor with intracellular metal dependent phosphohydrolase
7.95788743843e-05	11	type II methionyl aminopeptidase
7.95788743843e-05	11	IS3 family transposase ISMch3
7.95788743843e-05	11	DUF3288 domain-containing protein
7.95788743843e-05	11	multicopper oxidase type 2
7.95788743843e-05	11	conjugal transfer protein TraS
7.95788743843e-05	11	subclass B1 metallo-beta-lactamase, partial
7.95788743843e-05	11	MULTISPECIES: general stress protein
7.95788743843e-05	11	protein of unknown function DUF264
7.95788743843e-05	11	MULTISPECIES: biotin transporter BioY
7.95788743843e-05	11	MULTISPECIES: SOS mutagenesis and repair protein UmuC
7.95788743843e-05	11	plasmid partitioning protein RepB
7.95788743843e-05	11	Fe-S-cluster oxidoreductase
7.95788743843e-05	11	OmpH/HlpA family outer membrane protein
7.95788743843e-05	11	MULTISPECIES: IS3 family transposase ISAcsp5
7.95788743843e-05	11	MULTISPECIES: NAD-dependent deacylase
7.95788743843e-05	11	1,3-1,4-beta-glycanase
7.95788743843e-05	11	MULTISPECIES: putrescine ABC transporter permease PotI
7.95788743843e-05	11	quinohemoprotein amine dehydrogenase subunit beta
7.95788743843e-05	11	MULTISPECIES: cobaltochelatase subunit CobN
7.95788743843e-05	11	phytochelatin synthase
7.95788743843e-05	11	putative phage terminase large subunit
7.95788743843e-05	11	antibiotic resistance protein
7.95788743843e-05	11	murein DD-endopeptidase MepM
7.95788743843e-05	11	MULTISPECIES: naphthalene 1,2-dioxygenase/salicylate 5-hydroxylase ferredoxin subunit
7.95788743843e-05	11	small integral membrane protein
7.95788743843e-05	11	MULTISPECIES: plasmid mobilization relaxosome protein MobC
7.95788743843e-05	11	cytochrome ubiquinol oxidase subunit I, partial
7.95788743843e-05	11	phage tail family protein
7.95788743843e-05	11	MULTISPECIES: mycofactocin radical SAM maturase
7.95788743843e-05	11	3-methylcrotonyl-CoA carboxylase, partial
7.95788743843e-05	11	type I site-specific deoxyribonuclease HsdR family
7.95788743843e-05	11	Sodium iodide symporter
7.95788743843e-05	11	delta-9 acyl-phospholipid desaturase
7.95788743843e-05	11	peptide ABC transporter ATP-binding protein domain
7.95788743843e-05	11	dihydrolipoyllysine-residue acetyltransferase (dihydrolipoamide S-acetyltransferase)
7.95788743843e-05	11	DUF3155 domain-containing protein
7.95788743843e-05	11	MULTISPECIES: DUF2469 domain-containing protein
7.95788743843e-05	11	solute receptor
7.95788743843e-05	11	MULTISPECIES: hemagglutinin
7.95788743843e-05	11	MULTISPECIES: universal stress protein UspA
7.95788743843e-05	11	nitrogen fixation protein NifB
7.95788743843e-05	11	nitrogen fixation protein NifZ
7.95788743843e-05	11	site-specific integrase, partial
7.95788743843e-05	11	TIGR04376 family protein
7.95788743843e-05	11	4-hydroxythreonine-4-phosphate dehydrogenase PdxA, partial
7.95788743843e-05	11	monofunctional lysine-ketoglutarate reductase
7.95788743843e-05	11	XamI family restriction endonuclease
7.95788743843e-05	11	DUF3303 domain-containing protein
7.95788743843e-05	11	HEAT repeat-containing protein
7.95788743843e-05	11	chemotaxis protein Z
7.95788743843e-05	11	MULTISPECIES: nucleoside/nucleotide kinase family protein
7.95788743843e-05	11	MULTISPECIES: dihydroxyacetone kinase subunit DhaK
7.95788743843e-05	11	ribulokinase, partial
7.95788743843e-05	11	inner membrane transport permease YadH
7.95788743843e-05	11	cobyrinic acid ac-diamide synthase
7.95788743843e-05	11	MULTISPECIES: arabinogalactan endo-1,4-beta-galactosidase
7.95788743843e-05	11	chromosomal replication initiation protein DnaA, partial
7.95788743843e-05	11	MxaD family protein
7.95788743843e-05	11	CesD/SycD/LcrH family type III secretion system chaperone
7.95788743843e-05	11	GTPase-like protein
7.95788743843e-05	11	TIGR03756 family integrating conjugative element protein
7.95788743843e-05	11	spermidine/putrescine ABC transporter permease PotB
7.95788743843e-05	11	type IV conjugative transfer system coupling protein TraD
7.95788743843e-05	11	cobalamin ABC transporter ATP-binding protein
7.95788743843e-05	11	cyanoglobin
7.95788743843e-05	11	metallopeptidase, M24 family protein
7.95788743843e-05	11	2-methylcitrate synthase, partial
7.95788743843e-05	11	condensation domain protein
7.95788743843e-05	11	Catalase-peroxidase 1
7.95788743843e-05	11	threonine dehydrogenase
7.95788743843e-05	11	MULTISPECIES: nucleotidyltransferase domain-containing protein
7.95788743843e-05	11	MULTISPECIES: phenylacetic acid degradation operon negative regulatory protein PaaX
7.95788743843e-05	11	capsule polysaccharide export protein
7.95788743843e-05	11	MULTISPECIES: taurine ABC transporter substrate-binding protein
7.95788743843e-05	11	DUF3509 domain-containing protein
7.95788743843e-05	11	DsrE family protein
7.95788743843e-05	11	simple sugar transport system substrate-binding protein
7.95788743843e-05	11	Integral membrane protein CcmA involved in cell shape determination
7.95788743843e-05	11	SCP-2 sterol transfer family protein
7.95788743843e-05	11	ectoine synthase
7.95788743843e-05	11	XRE family transcriptional regulator, partial
7.95788743843e-05	11	ribonucleoside hydrolase RihC
7.95788743843e-05	11	MULTISPECIES: type II toxin-antitoxin system prevent-host-death family antitoxin
7.95788743843e-05	11	VPAMP-CTERM sorting domain-containing protein
7.95788743843e-05	11	low-complexity tail membrane protein
7.95788743843e-05	11	MULTISPECIES: Asp/Glu racemase
7.95788743843e-05	11	MULTISPECIES: 3-beta hydroxysteroid dehydrogenase/isomerase
7.95788743843e-05	11	glycogen-branching enzyme, partial
7.95788743843e-05	11	polyketide-type polyunsaturated fatty acid synthase PfaA
7.95788743843e-05	11	NADH:ubiquinone oxidoreductase subunit A
7.95788743843e-05	11	MULTISPECIES: DUF2088 domain-containing protein
7.95788743843e-05	11	NADH/Ubiquinone/plastoquinone (complex I)
7.95788743843e-05	11	ketoacyl reductase
7.95788743843e-05	11	2-oxoglutarate dehydrogenase, partial
7.95788743843e-05	11	MULTISPECIES: 3-carboxymuconate cyclase
7.95788743843e-05	11	plasmid recombination enzyme
7.95788743843e-05	11	dihydrolipoamide succinyltransferase, partial
7.95788743843e-05	11	MULTISPECIES: penicillin-binding protein activator LpoB
7.95788743843e-05	11	type B chloramphenicol O-acetyltransferase
7.95788743843e-05	11	MULTISPECIES: amino acid transporter LysE
7.95788743843e-05	11	cell wall-binding repeat-containing protein
7.95788743843e-05	11	granule-associated protein regulator
7.95788743843e-05	11	MULTISPECIES: 6-aminohexanoate hydrolase
7.95788743843e-05	11	chromophore maturation protein PvdO
7.95788743843e-05	11	glycoside hydrolase family 65
7.95788743843e-05	11	histidinol dehydrogenase family protein
7.95788743843e-05	11	MULTISPECIES: SMI1/KNR4 family protein
7.95788743843e-05	11	putative FMN-dependent luciferase-like monooxygenase
7.95788743843e-05	11	terminase (bacteriophage), large subunit
7.95788743843e-05	11	toxin-antitoxin system, toxin component
7.95788743843e-05	11	replication-associated recombination protein RarA
7.95788743843e-05	11	MULTISPECIES: arginine deiminase
7.95788743843e-05	11	inverse autotransporter beta-barrel domain-containing protein
7.95788743843e-05	11	stage II sporulation protein
7.95788743843e-05	11	DUF5007 domain-containing protein
7.95788743843e-05	11	glycosyltransferase, TIGR04372 family protein
7.95788743843e-05	11	alpha amylase catalytic domain protein
7.95788743843e-05	11	TIGR03067 domain-containing protein
7.95788743843e-05	11	N-acetylgalactosamine 6-sulfatase (GALNS)
7.95788743843e-05	11	repeat-containing protein
7.95788743843e-05	11	glutathione ABC transporter permease
7.95788743843e-05	11	MULTISPECIES: cell envelope biogenesis protein TonB
7.95788743843e-05	11	heterocyst differentiation control protein
7.95788743843e-05	11	benzoate 1,2-dioxygenase subunit alpha
7.95788743843e-05	11	exosortase H
7.95788743843e-05	11	phosoglucose isomerase
7.95788743843e-05	11	2-hydroxypenta-2,4-dienoate hydratase
7.95788743843e-05	11	acyl-CoA transferase, partial
7.95788743843e-05	11	Na+/glutamate symporter
7.95788743843e-05	11	NAD(+)--rifampin ADP-ribosyltransferase
7.95788743843e-05	11	phospholipase, partial
7.95788743843e-05	11	periplasmic tail-specific proteinase
7.95788743843e-05	11	phenylalanine ammonia-lyase
7.95788743843e-05	11	MULTISPECIES: 3-hydroxy-5-phosphonooxypentane-2,4-dione thiolase LsrF
7.95788743843e-05	11	chromosome segregation ATPase
7.95788743843e-05	11	IS1595 family transposase ISCARN90
7.95788743843e-05	11	MULTISPECIES: anthranilate synthase
7.95788743843e-05	11	phage terminase GpA
7.95788743843e-05	11	beta (1-6) glucans synthase
7.95788743843e-05	11	pyridine nucleotide transhydrogenase subunit alpha
7.95788743843e-05	11	lysogenization regulator HflD
7.95788743843e-05	11	MULTISPECIES: translational machinery protein
7.95788743843e-05	11	glycine betaine/choline ABC transporter substrate-binding protein
7.95788743843e-05	11	REDY-like protein HapK
7.95788743843e-05	11	MULTISPECIES: thiamine ABC transporter substrate-binding protein
7.95788743843e-05	11	DUF2973 domain-containing protein
7.95788743843e-05	11	MULTISPECIES: GAF domain protein
7.95788743843e-05	11	Protein of unknown function DUF1800
7.95788743843e-05	11	MULTISPECIES: Flp family type IVb pilin
7.95788743843e-05	11	type I polyketide synthase, partial
7.95788743843e-05	11	MULTISPECIES: citryl-CoA lyase
7.95788743843e-05	11	taurine transporter subunit
7.95788743843e-05	11	Ketopantoate hydroxymethyltransferase
7.95788743843e-05	11	MULTISPECIES: EscR/YscR/HrcR family type III secretion system export apparatus protein
7.95788743843e-05	11	MULTISPECIES: regulator
7.95788743843e-05	11	MULTISPECIES: RNA polymerase-associated protein RapA
7.95788743843e-05	11	1,3-propanediol dehydrogenase
7.95788743843e-05	11	Cytochrome c subfamily, putative
7.95788743843e-05	11	TonB-dependent outer membrane receptorprecursor
7.95788743843e-05	11	UDP-glucose 4-epimerase GalE, partial
7.95788743843e-05	11	excinuclease ABC, C subunit domain protein
7.95788743843e-05	11	Bifunctional DNA primase/polymerase, N-terminal family
7.95788743843e-05	11	surface antigen variable number repeat domain protein
7.95788743843e-05	11	heterodisulfide reductase subunit A
7.95788743843e-05	11	MULTISPECIES: 2-octaprenyl-6-methoxyphenyl hydroxylase
7.95788743843e-05	11	MULTISPECIES: aliphatic sulfonate ABC transporter ATP-binding protein
7.95788743843e-05	11	phosphomannomutase CpsG
7.95788743843e-05	11	APHP domain-containing protein
7.95788743843e-05	11	MULTISPECIES: iron dicitrate transport regulator FecR
7.95788743843e-05	11	gamma-glutamyl hydrolase
7.95788743843e-05	11	MULTISPECIES: gamma-butyrobetaine dioxygenase
7.95788743843e-05	11	amino acid aldolase
7.95788743843e-05	11	multi-domain-containing protein
7.95788743843e-05	11	NolG efflux transporter
7.95788743843e-05	11	glycerol-3-phosphatase
7.95788743843e-05	11	cytochrome c oxidase subunit CcoN
7.95788743843e-05	11	ppx protein
7.95788743843e-05	11	Rha family transcriptional regulator
7.95788743843e-05	11	ring-hydroxylating dioxygenase subunit beta
7.95788743843e-05	11	MmgE/PrpD family protein, partial
7.95788743843e-05	11	methylaspartate mutase subunit S
7.95788743843e-05	11	MULTISPECIES: NADP-dependent isocitrate dehydrogenase
7.95788743843e-05	11	FAD-binding monooxygenase, partial
7.95788743843e-05	11	enoyl-CoA hydratase/isomerase
7.95788743843e-05	11	MULTISPECIES: DUF3159 domain-containing protein
7.95788743843e-05	11	MULTISPECIES: TIGR03032 family protein
7.95788743843e-05	11	MULTISPECIES: hydantoinase subunit beta
7.95788743843e-05	11	MULTISPECIES: IS4 family transposase
7.95788743843e-05	11	NAD-dependent DNA ligase LigA, partial
7.95788743843e-05	11	MULTISPECIES: anaerobic ribonucleoside triphosphate reductase
7.95788743843e-05	11	quinone oxidoreductase, partial
7.95788743843e-05	11	fimbrial assembly protein FimA
7.95788743843e-05	11	Vault protein inter-alpha-trypsin domain protein
7.95788743843e-05	11	MULTISPECIES: DUF1120 domain-containing protein
7.95788743843e-05	11	Tetratricopeptide TPR_2 repeat-containing protein
7.95788743843e-05	11	MULTISPECIES: hydrolase 1, exosortase A system-associated
7.95788743843e-05	11	MULTISPECIES: 3-octaprenyl-4-hydroxybenzoate decarboxylase
7.95788743843e-05	11	DUF5132 domain-containing protein
7.95788743843e-05	11	peptidase M20 family protein
7.95788743843e-05	11	gluconolactonase, partial
7.95788743843e-05	11	thioredoxin domain-containing protein, partial
7.95788743843e-05	11	hemolysin-type calcium-binding repeat 2 copies family protein
7.95788743843e-05	11	phospholipid N-methyltransferase
7.95788743843e-05	11	chase2 sensor protein
7.95788743843e-05	11	His-Xaa-Ser system protein HxsD
7.95788743843e-05	11	MULTISPECIES: aromatic-ring-hydroxylating dioxygenase
7.95788743843e-05	11	IS1 family transposase, partial
7.95788743843e-05	11	electron transport complex protein RnfA
7.95788743843e-05	11	gliding motility protein GldG
7.95788743843e-05	11	MULTISPECIES: 5-dehydro-4-deoxy-D-glucuronate isomerase
7.95788743843e-05	11	S-layer related protein (Precursor)
7.95788743843e-05	11	aspartate decarboxylase
7.95788743843e-05	11	zinc/cadmium/mercury/lead-transporting ATPase
7.95788743843e-05	11	hybrid non-ribosomal peptide synthetase/type I polyketide synthase, partial
7.95788743843e-05	11	phosphonopyruvate decarboxylase-related protein
7.95788743843e-05	11	MULTISPECIES: DUF1285 domain-containing protein
7.95788743843e-05	11	3-hydroxyacyl-CoA dehydrogenase NAD-binding domain protein
7.95788743843e-05	11	DUF1420 domain-containing protein
7.95788743843e-05	11	peptidoglycan glycosyltransferase FtsI
7.95788743843e-05	11	alginate biosynthesis protein Alg44
7.95788743843e-05	11	plasmid partitioning protein ParB
7.95788743843e-05	11	DUF1992 domain-containing protein
7.95788743843e-05	11	resuscitation-promoting factor
7.95788743843e-05	11	allophycocyanin subunit alpha
7.95788743843e-05	11	MULTISPECIES: HflC protein
7.95788743843e-05	11	MULTISPECIES: DUF3098 domain-containing protein
7.95788743843e-05	11	glucanase
7.95788743843e-05	11	oxidoreductase 2OG-Fe(II) oxygenase
7.95788743843e-05	11	peptidase C25, partial
7.95788743843e-05	11	MULTISPECIES: chaperone protein ClpB
7.95788743843e-05	11	phage prohead protease
7.95788743843e-05	11	MULTISPECIES: DUF3488 domain-containing protein
7.95788743843e-05	11	binding-protein-dependent transport system inner membrane protein
7.95788743843e-05	11	nuclease, partial
7.95788743843e-05	11	MULTISPECIES: allantoicase
7.95788743843e-05	11	silver transporter
7.95788743843e-05	11	tRNA-guanosine(34) transglycosylase
7.95788743843e-05	11	membrane biogenesis protein
7.95788743843e-05	11	tropinone reductase
7.95788743843e-05	11	alanine dehydrogenase, partial
7.95788743843e-05	11	DUF2184 domain-containing protein, partial
7.95788743843e-05	11	type VI secretion protein, partial
7.95788743843e-05	11	MULTISPECIES: HAMP domain-containing histidine kinase
7.95788743843e-05	11	oxidoreductase FAD/NAD(P)-binding domain protein
7.95788743843e-05	11	anchored repeat-type ABC transporter ATP-binding subunit
7.95788743843e-05	11	3-isopropylmalate dehydrogenase, partial
7.95788743843e-05	11	MULTISPECIES: PleD family two-component system response regulator
7.95788743843e-05	11	IS3 family transposase ISAba2
7.95788743843e-05	11	dolichyl-phosphate beta-glucosyltransferase
7.95788743843e-05	11	6-oxocyclohex-1-ene-1-carbonyl-CoA hydratase
7.95788743843e-05	11	transport protein
7.95788743843e-05	11	DeoR/GlpR family transcriptional regulator
7.95788743843e-05	11	HldE family sugar kinase
7.95788743843e-05	11	MULTISPECIES: type II and III secretion system protein
7.95788743843e-05	11	recombinase B
7.95788743843e-05	11	DUF2802 domain-containing protein
7.95788743843e-05	11	3-polyprenyl-4-hydroxybenzoate carboxy-lyase
7.95788743843e-05	11	type II secretion system protein GspC
7.95788743843e-05	11	DNA-directed RNA polymerase subunit N
7.95788743843e-05	11	MULTISPECIES: glutathione ABC transporter ATP-binding protein
7.95788743843e-05	11	macrolide-specific efflux protein
7.95788743843e-05	11	phycobilisome rod-core linker polypeptide CpcG
7.95788743843e-05	11	ABC-2 type transporter, NodJ family
7.95788743843e-05	11	MULTISPECIES: RraA family protein
7.95788743843e-05	11	homoserine dehydrogenase, partial
7.95788743843e-05	11	putative polysaccharide ABC transporter permease protein
7.95788743843e-05	11	UDP-N-acetyl-D-galactosamine dehydrogenase
7.95788743843e-05	11	MULTISPECIES: ImmA/IrrE family metallo-endopeptidase
7.95788743843e-05	11	TolC family protein, partial
7.95788743843e-05	11	MULTISPECIES: adenylosuccinate synthetase
7.95788743843e-05	11	restriction enzyme methylase subunit
7.95788743843e-05	11	p-aminobenzoyl-glutamate transporter
7.95788743843e-05	11	helix-turn-helix, type 11 domain-containing protein
7.95788743843e-05	11	steroid delta-isomerase
7.95788743843e-05	11	MULTISPECIES: 4,5-DOPA dioxygenase extradiol
7.95788743843e-05	11	MULTISPECIES: sodium:alanine symporter family protein
7.95788743843e-05	11	MULTISPECIES: toxin Fic
7.95788743843e-05	11	chromate transporter, partial
7.95788743843e-05	11	MULTISPECIES: Zn-dependent protease/modulator of DNA gyrase
7.95788743843e-05	11	alkylphosphonate utilization operon protein PhnA
7.95788743843e-05	11	DUF134 domain-containing protein
7.95788743843e-05	11	NADH oxidoreductase (quinone) subunit F, partial
7.95788743843e-05	11	MULTISPECIES: DUF1905 domain-containing protein
7.95788743843e-05	11	cyclic nucleotide-binding domain-containing protein
7.95788743843e-05	11	MULTISPECIES: sulfate adenylyltransferase subunit 1
7.95788743843e-05	11	type IV pilus assembly protein PilM
7.95788743843e-05	11	Urease subunit alpha
7.95788743843e-05	11	flagellar hook-associated protein FliD
7.95788743843e-05	11	serine/threonine protein kinase-related protein
7.95788743843e-05	11	IS1595 family transposase ISCuba1
7.95788743843e-05	11	MULTISPECIES: GCN5 family acetyltransferase
7.95788743843e-05	11	DUF2555 domain-containing protein
7.95788743843e-05	11	MULTISPECIES: lipid kinase
7.95788743843e-05	11	DUF262 domain-containing protein, partial
7.95788743843e-05	11	succinyl-CoA--3-ketoacid-CoA transferase subunit A
7.95788743843e-05	11	RNA-binding transcriptional accessory protein, partial
7.95788743843e-05	11	MULTISPECIES: pyrophosphatase
7.95788743843e-05	11	ribonuclease N1
7.95788743843e-05	11	MULTISPECIES: nitric oxide reductase transcription regulator
7.95788743843e-05	11	T5orf172 domain-containing protein
7.95788743843e-05	11	C4-dicarboxylate-binding periplasmic protein
7.95788743843e-05	11	MULTISPECIES: 2-amino-4-hydroxy-6-hydroxymethyldihydropteridine pyrophosphokinase
7.95788743843e-05	11	MULTISPECIES: ZapD family protein
7.95788743843e-05	11	peptidase S8 and S53, subtilisin, kexin, sedolisin
7.95788743843e-05	11	nuclease/helicase
7.95788743843e-05	11	CcmD family protein
7.95788743843e-05	11	diacetyl reductase
7.95788743843e-05	11	antibiotic ABC transporter permease
7.95788743843e-05	11	P-loop ATPase, partial
7.95788743843e-05	11	stationary phase survival protein SurE
7.95788743843e-05	11	cytochrome B subunit
7.95788743843e-05	11	MULTISPECIES: N-methylproline demethylase
7.95788743843e-05	11	MULTISPECIES: choline-sulfatase
7.95788743843e-05	11	23S rRNA pseudouridylate synthase B, partial
7.95788743843e-05	11	DUF4374 domain-containing protein
7.95788743843e-05	11	aminotransferase class I
7.95788743843e-05	11	MULTISPECIES: methanesulfonate monooxygenase
7.95788743843e-05	11	MULTISPECIES: DASH family cryptochrome
7.95788743843e-05	11	MULTISPECIES: potassium-transporting ATPase subunit KdpA
7.95788743843e-05	11	cyclic amidohydrolase
7.95788743843e-05	11	DNA polymerase elongation subunit
7.95788743843e-05	11	MULTISPECIES: hydantoin utilization protein A
7.95788743843e-05	11	spore gernimation protein
7.95788743843e-05	11	type VII secretion AAA-ATPase EccA
7.95788743843e-05	11	amidohydrolase 3
7.95788743843e-05	11	photosynthetic reaction center cytochrome c subunit, partial
7.95788743843e-05	11	regucalcin
7.95788743843e-05	11	MULTISPECIES: glucan 1,4-alpha-glucosidase
7.95788743843e-05	11	plasmid replication initiator-like protein
7.95788743843e-05	11	OmpA family protein, partial
7.95788743843e-05	11	MULTISPECIES: DNA repair protein
7.95788743843e-05	11	MULTISPECIES: RES domain-containing protein
7.95788743843e-05	11	depolymerase
7.95788743843e-05	11	pyoverdine sidechain peptide synthetase
7.95788743843e-05	11	4-hydroxybenzoate decarboxylase
7.95788743843e-05	11	potassium-transporting ATPase A chain
7.95788743843e-05	11	Rhs family protein
7.95788743843e-05	11	DksA/TraR family C4-type zinc finger protein
7.95788743843e-05	11	beta-propeller domain-containing protein, methanol dehydrogenase
7.95788743843e-05	11	magnesium-translocating P-type ATPase, partial
7.95788743843e-05	11	MULTISPECIES: 3-keto-5-aminohexanoate cleavage enzyme
7.95788743843e-05	11	thioredoxin reductase, partial
7.95788743843e-05	11	IS3 family transposase ISMca3
7.95788743843e-05	11	MULTISPECIES: IS1 family transposase
7.95788743843e-05	11	nucleotide sugar dehydratase
7.95788743843e-05	11	outer membrane protein, OMP85 family
7.95788743843e-05	11	ergosterol biosynthesis protein
7.95788743843e-05	11	cystine transporter subunit
7.95788743843e-05	11	aminoacyl peptidase
7.95788743843e-05	11	MULTISPECIES: precorrin-2 C(20)-methyltransferase
7.95788743843e-05	11	photosystem II D2 protein (photosystem q(a) protein), partial
7.95788743843e-05	11	MULTISPECIES: Tat pathway signal protein
7.95788743843e-05	11	MULTISPECIES: nucleoside:proton symporter
7.95788743843e-05	11	Rhs family protein precursor
7.95788743843e-05	11	SEC-independent protein translocase TATC
7.95788743843e-05	11	D12 class N6 adenine-specific DNA methyltransferase
7.95788743843e-05	11	DNA polymerase part I
7.95788743843e-05	11	UbiA prenyltransferase
7.95788743843e-05	11	MULTISPECIES: DUF4266 domain-containing protein
7.95788743843e-05	11	smtA protein
7.95788743843e-05	11	serine protease MucD
7.95788743843e-05	11	CDP-archaeol synthase
7.95788743843e-05	11	MULTISPECIES: nickel-dependent hydrogenase large subunit
7.95788743843e-05	11	MULTISPECIES: UbiD family decarboxylase
7.95788743843e-05	11	bifunctional phosphoribosylaminoimidazolecarboxamide formyltransferase/inosine monophosphate cyclohydrolase, partial
7.95788743843e-05	11	Z1 domain-containing protein
7.95788743843e-05	11	Late competence development protein ComFB
7.95788743843e-05	11	Fe3+-hydroxamate ABC transporter substrate-binding protein
7.95788743843e-05	11	MULTISPECIES: Mg chelatase-like protein
7.95788743843e-05	11	4-hydroxy-tetrahydrodipicolinate synthase, partial
7.95788743843e-05	11	MULTISPECIES: protease SohB
7.95788743843e-05	11	extracellular DNA degradation protein, EddB
7.95788743843e-05	11	YggU family protein
7.95788743843e-05	11	stress-induced protein OsmC
7.95788743843e-05	11	MULTISPECIES: sigma-54-dependent phenylalanine hydroxylase transcriptional regulator PhhR
7.95788743843e-05	11	MULTISPECIES: phage resistance protein
7.95788743843e-05	11	DUF1652 domain-containing protein
7.95788743843e-05	11	MULTISPECIES: HD-GYP domain-containing protein
7.95788743843e-05	11	MULTISPECIES: ubiquinone biosynthesis protein
7.95788743843e-05	11	DUF2089 domain-containing protein
7.95788743843e-05	11	MULTISPECIES: phycocyanin subunit alpha
7.95788743843e-05	11	icmB
7.95788743843e-05	11	MULTISPECIES: potassium transporter Trk
7.95788743843e-05	11	Cl- channel voltage-gated family protein
7.95788743843e-05	11	MULTISPECIES: DUF4863 domain-containing protein
7.95788743843e-05	11	N-6-adenine-methyltransferase
7.95788743843e-05	11	hemerythrin HHE cation-binding protein
7.95788743843e-05	11	MULTISPECIES: acyl-CoA reductase
7.95788743843e-05	11	DUF3795 domain-containing protein
7.95788743843e-05	11	DUF2844 domain-containing protein
7.95788743843e-05	11	MULTISPECIES: gliding motility-associated ABC transporter substrate-binding protein GldG
7.95788743843e-05	11	1,4-butanediol diacrylate esterase, partial
7.95788743843e-05	11	putative xylanase/chitin deacetylase
7.95788743843e-05	11	DUF3829 domain-containing protein
7.95788743843e-05	11	bacitracin resistance protein
7.95788743843e-05	11	exoribonuclease R
7.95788743843e-05	11	protein-PII uridylyltransferase
7.95788743843e-05	11	type II secretory pathway, component HofQ
7.95788743843e-05	11	1,4-dihydroxy-2-naphthoyl-CoA hydrolase
7.95788743843e-05	11	peptidoglycan-binding protein, partial
7.95788743843e-05	11	pyruvate flavodoxin/ferredoxin oxidoreductase
7.95788743843e-05	11	Mg chelatase-related protein
7.95788743843e-05	11	MULTISPECIES: chlorophyllide a reductase subunit Z
7.23444312585e-05	10	MULTISPECIES: cytochrome c oxidase subunit IV
7.23444312585e-05	10	peptidase M43
7.23444312585e-05	10	dihydropyrimidine dehydrogenase, partial
7.23444312585e-05	10	MULTISPECIES: trehalose-6-phosphate synthase
7.23444312585e-05	10	putative S-methyl-5'-thioadenosine phosphorylase
7.23444312585e-05	10	prepilin
7.23444312585e-05	10	DSBA-like thioredoxin domain protein
7.23444312585e-05	10	PTS fructose subfamily IIA component
7.23444312585e-05	10	ATPase involved in DNA repair SbcC
7.23444312585e-05	10	ion channel
7.23444312585e-05	10	family 8 glycosyl transferase
7.23444312585e-05	10	APH(3'') family aminoglycoside O-phosphotransferase
7.23444312585e-05	10	stage V sporulation protein G
7.23444312585e-05	10	MULTISPECIES: MinD/ParA family protein
7.23444312585e-05	10	MULTISPECIES: abortive phage resistance protein
7.23444312585e-05	10	Exostosin family protein
7.23444312585e-05	10	crotonobetaine/carnitine-CoA ligase
7.23444312585e-05	10	molybdopterin-dependent oxidoreductase Mo/Fe-S-binding subunit
7.23444312585e-05	10	MULTISPECIES: molecular chaperone Hsp20
7.23444312585e-05	10	MULTISPECIES: 1,4-butanediol diacrylate esterase
7.23444312585e-05	10	F0F1 ATP synthase subunit I
7.23444312585e-05	10	Na+/H+ antiporter subunit D
7.23444312585e-05	10	MULTISPECIES: 5,10-methylenetetrahydrofolate reductase
7.23444312585e-05	10	tyrosine transporter TyrP
7.23444312585e-05	10	MULTISPECIES: TraB/GumN family protein
7.23444312585e-05	10	DNA replication protein DnaD
7.23444312585e-05	10	MULTISPECIES: YnfA family protein
7.23444312585e-05	10	Glu-tRNA(Gln) amidotransferase GatDE subunit E
7.23444312585e-05	10	amine oxidase, partial
7.23444312585e-05	10	Lipid A core--O-antigen ligase-like protein
7.23444312585e-05	10	DUF1842 domain-containing protein
7.23444312585e-05	10	HPP family protein+B94
7.23444312585e-05	10	pyruvate dehydrogenase E2 component (dihydrolipoamide acetyltransferase)
7.23444312585e-05	10	MULTISPECIES: epoxide hydrolase
7.23444312585e-05	10	MULTISPECIES: Na+/H+ antiporter
7.23444312585e-05	10	MULTISPECIES: 2-vinyl bacteriochlorophyllide hydratase
7.23444312585e-05	10	MULTISPECIES: asparagine synthase B
7.23444312585e-05	10	carbohydrate ABC transporter substrate-binding protein, partial
7.23444312585e-05	10	YgjV family protein
7.23444312585e-05	10	putative Xaa-Pro dipeptidase
7.23444312585e-05	10	permease FtsX-like domain-containing protein
7.23444312585e-05	10	glycerol acyltransferase, partial
7.23444312585e-05	10	toxin-antitoxin system toxin component
7.23444312585e-05	10	IS630 family transposase ISMae26
7.23444312585e-05	10	MULTISPECIES: sulfonate ABC transporter
7.23444312585e-05	10	side tail fiber protein
7.23444312585e-05	10	MULTISPECIES: Na+/H+ antiporter subunit C
7.23444312585e-05	10	beta-carotene ketolase
7.23444312585e-05	10	cell wall-associated hydrolase
7.23444312585e-05	10	MULTISPECIES: DNA mismatch repair protein MutT
7.23444312585e-05	10	DNA polymerase III, delta subunit
7.23444312585e-05	10	baseplate J-like protein
7.23444312585e-05	10	nitrogenase reductase
7.23444312585e-05	10	transcriptional regulator EpsA
7.23444312585e-05	10	tetratricopeptide repeat domain protein
7.23444312585e-05	10	globin family protein
7.23444312585e-05	10	glycosyltransferase 28 domain-containing protein
7.23444312585e-05	10	cycloisomerase
7.23444312585e-05	10	copper resistance D family protein
7.23444312585e-05	10	MULTISPECIES: DUF3305 domain-containing protein
7.23444312585e-05	10	survival protein SurE
7.23444312585e-05	10	DUF4465 domain-containing protein
7.23444312585e-05	10	3-deoxy-manno-octulosonate-8-phosphatase
7.23444312585e-05	10	sulfate transport system substrate-binding protein
7.23444312585e-05	10	nuclease SbcCD subunit C
7.23444312585e-05	10	MULTISPECIES: Fe/S biogenesis protein NfuA
7.23444312585e-05	10	MULTISPECIES: aminotransferase class IV
7.23444312585e-05	10	MULTISPECIES: macrocin O-methyltransferase
7.23444312585e-05	10	MULTISPECIES: D-mannonate oxidoreductase
7.23444312585e-05	10	DUF3775 domain-containing protein
7.23444312585e-05	10	MULTISPECIES: acetylneuraminic acid synthetase
7.23444312585e-05	10	hydrogenase maturation protein HypF
7.23444312585e-05	10	cyclic pyranopterin phosphate synthase
7.23444312585e-05	10	ATP-NAD/AcoX kinase
7.23444312585e-05	10	calcium transporter ChaC
7.23444312585e-05	10	High-affinity carbon uptake protein Hat/HatR
7.23444312585e-05	10	peptide arylation enzyme
7.23444312585e-05	10	8-amino-7-oxononanoate synthase, partial
7.23444312585e-05	10	oxalate decarboxylase
7.23444312585e-05	10	MULTISPECIES: VanZ family protein
7.23444312585e-05	10	paclitaxel/taxanoid biosynthesis susceptibility protein TS1
7.23444312585e-05	10	putative outer membrane adhesin-like protein
7.23444312585e-05	10	DUF2335 domain-containing protein
7.23444312585e-05	10	cell division protein DivIVA
7.23444312585e-05	10	MULTISPECIES: ribonuclease activity regulator RraA
7.23444312585e-05	10	hexulose-6-phosphate synthase
7.23444312585e-05	10	MULTISPECIES: EamA-like transporter family protein
7.23444312585e-05	10	branched-chain alpha-keto acid dehydrogenase E1 component subunit alpha
7.23444312585e-05	10	ribosomal RNA large subunit methyltransferase F
7.23444312585e-05	10	DUF4836 domain-containing protein
7.23444312585e-05	10	Putative aldehyde dehydrogenase
7.23444312585e-05	10	peptidase A2
7.23444312585e-05	10	MULTISPECIES: pyridoxamine 5'-phosphate oxidase family protein
7.23444312585e-05	10	pilus assembly protein PilA
7.23444312585e-05	10	molybdopterin-containing oxidoreductase catalytic subunit
7.23444312585e-05	10	DUF922 domain-containing protein
7.23444312585e-05	10	tail tape measure protein TP901 core region
7.23444312585e-05	10	redox-regulated ATPase YchF, partial
7.23444312585e-05	10	MULTISPECIES: ROK family transcriptional regulator
7.23444312585e-05	10	MULTISPECIES: putative O-methyltransferase
7.23444312585e-05	10	threonine ammonia-lyase, partial
7.23444312585e-05	10	peptidase S10 serine carboxypeptidase
7.23444312585e-05	10	MULTISPECIES: calcium:proton antiporter
7.23444312585e-05	10	MULTISPECIES: heat-shock protein IbpA
7.23444312585e-05	10	ISNCY family transposase, partial
7.23444312585e-05	10	dTDP-glucose pyrophosphorylase
7.23444312585e-05	10	ribosome assembly protein 4
7.23444312585e-05	10	DUF4164 domain-containing protein
7.23444312585e-05	10	phage/plasmid primase
7.23444312585e-05	10	cytochrome c oxidase subunit II, partial
7.23444312585e-05	10	putative TonB-dependent outer membrane receptor protein
7.23444312585e-05	10	DUF4127 domain-containing protein
7.23444312585e-05	10	4-amino-4-deoxy-L-arabinose-phospho-UDP flippase
7.23444312585e-05	10	MULTISPECIES: head decoration protein
7.23444312585e-05	10	GMP synthetase
7.23444312585e-05	10	dihydropteroate synthase, partial
7.23444312585e-05	10	ImpB/MucB/SamB family protein
7.23444312585e-05	10	twin-arginine translocation protein, TatA/E family subunit
7.23444312585e-05	10	MULTISPECIES: DUF3015 domain-containing protein
7.23444312585e-05	10	DUF288 domain-containing protein, partial
7.23444312585e-05	10	flagellar motor protein MotP
7.23444312585e-05	10	protein of unknown function DUF1745
7.23444312585e-05	10	sulfite reductase subunit A
7.23444312585e-05	10	putative ABC-type transporter, integral membrane subunit
7.23444312585e-05	10	tolQ protein
7.23444312585e-05	10	iron hydrogenase
7.23444312585e-05	10	MULTISPECIES: leucine efflux protein LeuE
7.23444312585e-05	10	orotidine-5'-phosphate decarboxylase, partial
7.23444312585e-05	10	TatD-related deoxyribonuclease
7.23444312585e-05	10	propanoyl-CoA C-acyltransferase
7.23444312585e-05	10	quinol:cytochrome C oxidoreductase quinone-binding subunit 1
7.23444312585e-05	10	MULTISPECIES: 1,2-phenylacetyl-CoA epoxidase subunit B
7.23444312585e-05	10	propionate--CoA ligase, partial
7.23444312585e-05	10	diguanylate cyclase and metal dependent phosphohydrolase
7.23444312585e-05	10	MULTISPECIES: FAD-dependent thymidylate synthase
7.23444312585e-05	10	peptidoglycan hydrolase
7.23444312585e-05	10	MULTISPECIES: nitrobenzoate reductase
7.23444312585e-05	10	CoA-binding domain protein
7.23444312585e-05	10	caspase (peptidase)
7.23444312585e-05	10	MULTISPECIES: molecular chaperone GroES
7.23444312585e-05	10	7,8-dihydro-8-oxoguanine-triphosphatase
7.23444312585e-05	10	rpsU-divergently transcribed protein
7.23444312585e-05	10	insecticidal toxin complex protein
7.23444312585e-05	10	DUF3891 domain-containing protein
7.23444312585e-05	10	MULTISPECIES: LOG family protein
7.23444312585e-05	10	Terminase-like family
7.23444312585e-05	10	N-acylhomoserine lactone synthase
7.23444312585e-05	10	heme exporter protein CcmC
7.23444312585e-05	10	phage tail fiber protein
7.23444312585e-05	10	ribonucleoside-diphosphate reductase small chain
7.23444312585e-05	10	two-component system sensor histidine kinase BaeA
7.23444312585e-05	10	pectin lyase
7.23444312585e-05	10	molecular chaperone HtpG, partial
7.23444312585e-05	10	phytoene/squalene synthetase
7.23444312585e-05	10	calcium-binding protein, partial
7.23444312585e-05	10	succinate dehydrogenase cytochrome B subunit, b558 family
7.23444312585e-05	10	cbs domain containing protein
7.23444312585e-05	10	alpha-L-Rha alpha-1,3-L-rhamnosyltransferase
7.23444312585e-05	10	aminodeoxychorismate synthase component II
7.23444312585e-05	10	DUF4419 domain-containing protein
7.23444312585e-05	10	MULTISPECIES: phosphoenolpyruvate hydrolase family protein
7.23444312585e-05	10	MULTISPECIES: sirohydrochlorin ferrochelatase
7.23444312585e-05	10	IS1182 family transposase, partial
7.23444312585e-05	10	PTS mannose transporter subunit IID
7.23444312585e-05	10	type IV fimbrial biogenesis protein PilY1
7.23444312585e-05	10	Crp/Fnr family transcriptional regulator, partial
7.23444312585e-05	10	MULTISPECIES: YjbH domain-containing protein
7.23444312585e-05	10	Dak phosphatase
7.23444312585e-05	10	quinohemoprotein amine dehydrogenase maturase
7.23444312585e-05	10	aminohydrolase
7.23444312585e-05	10	diterpenoid dioxygenase
7.23444312585e-05	10	MULTISPECIES: alpha-rhamnosidase
7.23444312585e-05	10	MULTISPECIES: flagellar biosynthetic protein FliR
7.23444312585e-05	10	MULTISPECIES: quinoprotein dehydrogenase-associated putative ABC transporter substrate-binding protein
7.23444312585e-05	10	6-phospho-3-hexuloisomerase
7.23444312585e-05	10	restriction endonuclease subunit M, partial
7.23444312585e-05	10	MULTISPECIES: colicin V biosynthesis protein
7.23444312585e-05	10	VRR-NUC domain protein
7.23444312585e-05	10	regulatory P domain of subtilisin-like proprotein convertase
7.23444312585e-05	10	cell envelope-related transcriptional attenuator
7.23444312585e-05	10	axial filament protein CafA and Ribonuclease G
7.23444312585e-05	10	XdhC /CoxI family-like protein
7.23444312585e-05	10	methyltransferase FkbM domain protein
7.23444312585e-05	10	MULTISPECIES: response regulator receiver protein
7.23444312585e-05	10	bile acid-CoA ligase
7.23444312585e-05	10	glycolate oxidase iron-sulfur subunit, partial
7.23444312585e-05	10	thiamine/thiamine pyrophosphate ABC transporter, permease protein
7.23444312585e-05	10	exodeoxyribonuclease IX
7.23444312585e-05	10	SSS sodium solute transporter superfamily
7.23444312585e-05	10	IS5 family transposase ISVbsp2
7.23444312585e-05	10	NinB protein
7.23444312585e-05	10	Superfamily II DNA and RNA helicase
7.23444312585e-05	10	Uma2 family endonuclease, partial
7.23444312585e-05	10	Bcr/CflA subfamily drug resistance transporter
7.23444312585e-05	10	gas vesicle protein GvpN
7.23444312585e-05	10	bifunctional protein-disulfide isomerase/oxidoreductase DsbC
7.23444312585e-05	10	metal-dependent hydrolase, partial
7.23444312585e-05	10	MULTISPECIES: acetylhydrolase
7.23444312585e-05	10	endoxylanase
7.23444312585e-05	10	queuine tRNA-ribosyltransferase, partial
7.23444312585e-05	10	GTPase RsgA
7.23444312585e-05	10	cytochrome C biogenesis protein DsbD
7.23444312585e-05	10	large exoproteins involved in heme utilization or adhesion
7.23444312585e-05	10	undecaprenyl-diphosphatase, partial
7.23444312585e-05	10	MULTISPECIES: 4,5-dihydroxyphthalate dehydrogenase
7.23444312585e-05	10	MULTISPECIES: cobalamin biosynthesis protein CbiM
7.23444312585e-05	10	MULTISPECIES: cobalamin biosynthesis protein CbiX
7.23444312585e-05	10	anti-sigma-K factor RskA
7.23444312585e-05	10	MbtH family protein
7.23444312585e-05	10	chemotaxis histidine kinase
7.23444312585e-05	10	MULTISPECIES: DUF1073 domain-containing protein
7.23444312585e-05	10	MULTISPECIES: NADPH quinone oxidoreductase
7.23444312585e-05	10	transcriptional regulator MraZ
7.23444312585e-05	10	MULTISPECIES: outer membrane receptor protein
7.23444312585e-05	10	pirin family protein, partial
7.23444312585e-05	10	preprotein translocase subunit SecDF
7.23444312585e-05	10	MULTISPECIES: lauroyl acyltransferase
7.23444312585e-05	10	GDSL-like lipase/acylhydrolase domain protein
7.23444312585e-05	10	phenoxybenzoate dioxygenase subunit alpha
7.23444312585e-05	10	DUF4288 domain-containing protein
7.23444312585e-05	10	MULTISPECIES: flotillin family protein
7.23444312585e-05	10	MULTISPECIES: alpha-glucosidase/alpha-galactosidase
7.23444312585e-05	10	TRAP dicarboxylate transporter, DctM subunit
7.23444312585e-05	10	MULTISPECIES: membrane assembly protein AsmA
7.23444312585e-05	10	protein usg
7.23444312585e-05	10	MULTISPECIES: serine protein kinase PrkA
7.23444312585e-05	10	MULTISPECIES: dihydroorotate dehydrogenase B catalytic subunit
7.23444312585e-05	10	PbrT family lead (Pb2+) uptake porter
7.23444312585e-05	10	DUF1971 domain-containing protein
7.23444312585e-05	10	MULTISPECIES: DUF1223 domain-containing protein
7.23444312585e-05	10	SanA protein
7.23444312585e-05	10	subtilase, partial
7.23444312585e-05	10	MULTISPECIES: DUF2778 domain-containing protein
7.23444312585e-05	10	NAD metabolism ATPase/kinase
7.23444312585e-05	10	protein translocase component YidC
7.23444312585e-05	10	cell division topological specificity factor
7.23444312585e-05	10	auxin efflux carrier
7.23444312585e-05	10	type I-F CRISPR-associated endoribonuclease Cas6/Csy4
7.23444312585e-05	10	acetoacetyl-CoA reductase
7.23444312585e-05	10	N-acetylglucosaminyldiphospho-UDP N-acetyl-beta-D-mannosaminyltransferase
7.23444312585e-05	10	MULTISPECIES: threonine export protein RhtC
7.23444312585e-05	10	MULTISPECIES: DUF3050 domain-containing protein
7.23444312585e-05	10	aminotransferase, class I/II
7.23444312585e-05	10	glycerol-3-phosphate dehydrogenase/oxidase, partial
7.23444312585e-05	10	menE protein
7.23444312585e-05	10	pre-neck appendage-like protein
7.23444312585e-05	10	type IV site-specific deoxyribonuclease Eco57I related protein
7.23444312585e-05	10	cation-transporting P-type ATPase, partial
7.23444312585e-05	10	regulatory protein
7.23444312585e-05	10	MULTISPECIES: glutathione transferase GstA
7.23444312585e-05	10	D-erythrulose-4-phosphate isomerase
7.23444312585e-05	10	TMAO reductase system sensor histidine kinase/response regulator TorS
7.23444312585e-05	10	MULTISPECIES: alkyl/aryl-sulfatase
7.23444312585e-05	10	flagellar hook-associated 2 domain-containing protein
7.23444312585e-05	10	MULTISPECIES: phosphopentomutase
7.23444312585e-05	10	30S ribosomal protein S4, partial
7.23444312585e-05	10	miniconductance mechanosensitive channel
7.23444312585e-05	10	protein disulfide oxidoreductase
7.23444312585e-05	10	MULTISPECIES: glyoxalase/bleomycin resistance/extradiol dioxygenase family protein
7.23444312585e-05	10	Tetratricopeptide TPR_1 repeat-containing protein
7.23444312585e-05	10	RNA-binding protein hfq
7.23444312585e-05	10	phage putative head morphogenesis protein, SPP1 gp7 family
7.23444312585e-05	10	MULTISPECIES: isopentenyl-diphosphate delta-isomerase
7.23444312585e-05	10	MULTISPECIES: phosphoadenosine phosphosulfate sulfurtransferase
7.23444312585e-05	10	lipid A export ATP-binding/permease MsbA
7.23444312585e-05	10	Fis family transcriptional regulator, partial
7.23444312585e-05	10	RNA polymerase sigma factor A RpoD
7.23444312585e-05	10	Lon protease, partial
7.23444312585e-05	10	stringent starvation protein
7.23444312585e-05	10	excinuclease
7.23444312585e-05	10	ribonucleotide reductase subunit beta
7.23444312585e-05	10	phage major tail protein, TP901-1 family
7.23444312585e-05	10	TIGR01777 family protein, partial
7.23444312585e-05	10	MULTISPECIES: DUF2914 domain-containing protein
7.23444312585e-05	10	MULTISPECIES: PTS fructose transporter subunit IIBC
7.23444312585e-05	10	general secretion pathway protein GspL, partial
7.23444312585e-05	10	DNA packaging protein GP3
7.23444312585e-05	10	lactonizing lipase
7.23444312585e-05	10	MULTISPECIES: benzoylformate decarboxylase
7.23444312585e-05	10	DNA/RNA helicase superfamily II
7.23444312585e-05	10	sphingosine-1-phosphate lyase
7.23444312585e-05	10	rRNA methyltransferase, partial
7.23444312585e-05	10	MULTISPECIES: addiction module protein
7.23444312585e-05	10	MlrC domain-containing protein
7.23444312585e-05	10	Three-deoxy-D-manno-octulosonic-acid transferase domain protein
7.23444312585e-05	10	pectic acid lyase
7.23444312585e-05	10	DUF1175 domain-containing protein
7.23444312585e-05	10	exosortase Q
7.23444312585e-05	10	mRNA interferase PemK
7.23444312585e-05	10	dissimilatory-type sulfite reductase subunit beta
7.23444312585e-05	10	methyltransferase, FkbM family protein
7.23444312585e-05	10	ATP synthase F0, A subunit
7.23444312585e-05	10	thiamine/thiamine pyrophosphate ABC transporter permease ThiP
7.23444312585e-05	10	MULTISPECIES: axial filament protein
7.23444312585e-05	10	N2,N2-dimethylguanosine tRNA methyltransferase
7.23444312585e-05	10	DNA phosphorothioation-associated protein 4
7.23444312585e-05	10	DUF3066 domain-containing protein
7.23444312585e-05	10	phosphoenolpyruvate synthase/pyruvate phosphate dikinase
7.23444312585e-05	10	Chromosome partition protein smc (fragment)
7.23444312585e-05	10	MULTISPECIES: NADH-dependent alcohol dehydrogenase
7.23444312585e-05	10	peptidase M75 family protein
7.23444312585e-05	10	MULTISPECIES: colanic acid biosynthesis acetyltransferase WcaF
7.23444312585e-05	10	flagellum-specific ATP synthase FliL
7.23444312585e-05	10	Putative carboxylase
7.23444312585e-05	10	type II secretion system F domain protein
7.23444312585e-05	10	thiazole biosynthesis adenylyltransferase ThiF
7.23444312585e-05	10	extensin family protein
7.23444312585e-05	10	electron transport protein SCO1/SenC
7.23444312585e-05	10	sporulation protein YhbH
7.23444312585e-05	10	ethyl tert-butyl ether degradation protein EthD
7.23444312585e-05	10	MULTISPECIES: ArsC family reductase
7.23444312585e-05	10	N-formylkynurenine (Aryl-) formamidase
7.23444312585e-05	10	arsenic resistance protein
7.23444312585e-05	10	HlyC/CorC family transporter, partial
7.23444312585e-05	10	MULTISPECIES: DUF3717 domain-containing protein
7.23444312585e-05	10	MULTISPECIES: ChbG/HpnK family deacetylase
7.23444312585e-05	10	protein involved in biosynthesis of mitomycin antibiotics/polyketide fumonisin
7.23444312585e-05	10	type II Secretion System PilB
7.23444312585e-05	10	MULTISPECIES: DNA repair protein MmcB-related protein
7.23444312585e-05	10	membrane-flanked domain-containing protein
7.23444312585e-05	10	transferase, partial
7.23444312585e-05	10	biphenyl-2,3-diol 1,2-dioxygenase
7.23444312585e-05	10	MULTISPECIES: TIGR03364 family FAD-dependent oxidoreductase
7.23444312585e-05	10	DedA family protein, partial
7.23444312585e-05	10	nickase
7.23444312585e-05	10	lactate dehydrogenase, partial
7.23444312585e-05	10	YgiT-type zinc finger domain-containing protein
7.23444312585e-05	10	MULTISPECIES: YqaE/Pmp3 family membrane protein
7.23444312585e-05	10	MULTISPECIES: mechanosensitive channel MscK
7.23444312585e-05	10	MULTISPECIES: DUF917 domain-containing protein
7.23444312585e-05	10	MULTISPECIES: tRNA 4-thiouridine(8) synthase ThiI
7.23444312585e-05	10	secreted protein
7.23444312585e-05	10	IS3 family transposase ISBcen7
7.23444312585e-05	10	MULTISPECIES: anticodon nuclease
7.23444312585e-05	10	IS5 family transposase ISAba15
7.23444312585e-05	10	MULTISPECIES: anti-anti-sigma factor
7.23444312585e-05	10	allophycocyanin
7.23444312585e-05	10	MULTISPECIES: phage shock protein operon transcriptional activator
7.23444312585e-05	10	alpha-1,2-mannosidase precursor
7.23444312585e-05	10	sigma-54-dependent transcriptional regulator
7.23444312585e-05	10	putative aminopeptidase
7.23444312585e-05	10	phosphate transporter permease PstA
7.23444312585e-05	10	MULTISPECIES: DUF3619 domain-containing protein
7.23444312585e-05	10	PTS mannitol transporter subunit IIB
7.23444312585e-05	10	nitrate reductase, partial
7.23444312585e-05	10	Xaa-Pro aminopeptidase, partial
7.23444312585e-05	10	Cu+ exporting ATPase
7.23444312585e-05	10	helicase-exonuclease AddAB subunit AddB
7.23444312585e-05	10	bacteriophage Lambda NinG protein
7.23444312585e-05	10	pullulanase-like glycosidase
7.23444312585e-05	10	SPOR domain-containing protein, partial
7.23444312585e-05	10	pepO protein
7.23444312585e-05	10	Ni/Fe-hydrogenase B-type cytochrome subunit
7.23444312585e-05	10	X-prolyl-dipeptidyl aminopeptidase
7.23444312585e-05	10	pyoverdine biosynthesis protein PvcB
7.23444312585e-05	10	exoglucanase
7.23444312585e-05	10	phosphate butyryltransferase
7.23444312585e-05	10	NOL1/NOP2/sun family protein
7.23444312585e-05	10	outer membrane protein OmpA family
7.23444312585e-05	10	pyridoxamine 5-phosphate-dependent dehydrase
7.23444312585e-05	10	MULTISPECIES: 4-amino-4-deoxy-L-arabinose transferase
7.23444312585e-05	10	MULTISPECIES: DUF1501 domain-containing protein, partial
7.23444312585e-05	10	MULTISPECIES: DUF2400 domain-containing protein
7.23444312585e-05	10	prenyltransferase, UbiA family
7.23444312585e-05	10	MULTISPECIES: ApaG domain
7.23444312585e-05	10	MULTISPECIES: SRPBCC domain-containing protein
7.23444312585e-05	10	DNA polymerase III subunit gamma/tau, partial
7.23444312585e-05	10	MULTISPECIES: sulfide:quinone reductase
7.23444312585e-05	10	3-phosphoglycerate kinase
7.23444312585e-05	10	dGTP triphosphohydrolase
7.23444312585e-05	10	glycyl radical protein
7.23444312585e-05	10	bifunctional cbb3-type cytochrome c oxidase subunit I/II, partial
7.23444312585e-05	10	MULTISPECIES: RNA polymerase factor sigma-54
7.23444312585e-05	10	MULTISPECIES: chorismate lyase
7.23444312585e-05	10	DUF84 domain-containing protein
7.23444312585e-05	10	MULTISPECIES: flagellar export apparatus protein FliQ
7.23444312585e-05	10	transcription termination/antitermination protein NusA, partial
7.23444312585e-05	10	MULTISPECIES: oligopeptidase B
7.23444312585e-05	10	MULTISPECIES: poly-beta-hydroxybutyrate polymerase-like protein
7.23444312585e-05	10	molybdenum cofactor biosynthesis family protein
7.23444312585e-05	10	MULTISPECIES: DNA/RNA nuclease SfsA
7.23444312585e-05	10	sulfatase and glycosyl hydrolase family 43 domain protein
7.23444312585e-05	10	sulfurtransferase TusC
7.23444312585e-05	10	MULTISPECIES: glutamate/aspartate:proton symporter GltP
7.23444312585e-05	10	DUF2285 domain-containing protein
7.23444312585e-05	10	ImcF-like family protein
7.23444312585e-05	10	DUF4261 domain-containing protein
7.23444312585e-05	10	MULTISPECIES: NADP-dependent glyceraldehyde-3-phosphate dehydrogenase
7.23444312585e-05	10	MULTISPECIES: FtsH protease activity modulator HflK
7.23444312585e-05	10	tRNA adenylyltransferase
7.23444312585e-05	10	SIGNAL peptide protein
7.23444312585e-05	10	mandelate racemase/muconate lactonizing enzyme family protein
7.23444312585e-05	10	DUF4426 domain-containing protein
7.23444312585e-05	10	methionine repressor-like protein
7.23444312585e-05	10	MULTISPECIES: glucuronate isomerase
7.23444312585e-05	10	Tail Collar domain-containing protein
7.23444312585e-05	10	protein hupE
7.23444312585e-05	10	MULTISPECIES: cupin fold metalloprotein, WbuC family
7.23444312585e-05	10	MULTISPECIES: DUF2127 domain-containing protein
7.23444312585e-05	10	RNA polymerase sigma factor SigW
7.23444312585e-05	10	polar amino acid ABC transporter ATP-binding protein
7.23444312585e-05	10	cationic amino acid transporter
7.23444312585e-05	10	MULTISPECIES: cellulose synthase catalytic subunit (UDP-forming)
7.23444312585e-05	10	MULTISPECIES: polygalacturonase
7.23444312585e-05	10	PTS sugar transporter
7.23444312585e-05	10	DUF4118 domain-containing protein
7.23444312585e-05	10	IS1380 family transposase ISPosp7
7.23444312585e-05	10	RNA polymerase factor sigma-32, partial
7.23444312585e-05	10	MULTISPECIES: transmembrane cytochrome oxidase
7.23444312585e-05	10	lysine 6-aminotransferase
7.23444312585e-05	10	response regulator receiver modulated PAS/PAC sensor-containing diguanylate cyclase/phosphodiesterase
7.23444312585e-05	10	penicillin-binding protein E
7.23444312585e-05	10	NAD(+)--protein-arginine ADP-ribosyltransferase
7.23444312585e-05	10	penicillin-binding protein 4
7.23444312585e-05	10	protein of unknown function (DUF1814)
7.23444312585e-05	10	Branched-chain alpha-keto acid dehydrogenase, E1 component, alpha subunit
7.23444312585e-05	10	MULTISPECIES: phage protein
7.23444312585e-05	10	MULTISPECIES: RNA-directed DNA polymerase
7.23444312585e-05	10	NADH dehydrogenase subunit G, partial
7.23444312585e-05	10	type II secretion system protein GspD, partial
7.23444312585e-05	10	FMNH2-dependent monooxygenase
7.23444312585e-05	10	BlaB/IND/MUS family subclass B1 metallo-beta-lactamase
7.23444312585e-05	10	2-acylglycerophosphoethanolamine acyltransferase
7.23444312585e-05	10	MULTISPECIES: DUF466 domain-containing protein
7.23444312585e-05	10	superoxide dismutase, partial
7.23444312585e-05	10	DUF3464 domain-containing protein
7.23444312585e-05	10	glutaminyl-peptide cyclotransferase
7.23444312585e-05	10	MULTISPECIES: sugar ABC transporter ATPase
7.23444312585e-05	10	5-amino-6-(5-phosphoribosylamino)uracil reductase
7.23444312585e-05	10	flagellar M-ring protein FliF, partial
7.23444312585e-05	10	putative Serine/threonine-protein kinase pknB
7.23444312585e-05	10	DUF4304 domain-containing protein
7.23444312585e-05	10	2-oxoglutarate:acceptor oxidoreductase
7.23444312585e-05	10	MacB protein
7.23444312585e-05	10	iron transporter FeoB
7.23444312585e-05	10	MULTISPECIES: DUF2062 domain-containing protein
7.23444312585e-05	10	exopolysaccharide biosynthesis protein exod
7.23444312585e-05	10	zeaxanthin glucosyltransferase
7.23444312585e-05	10	acetylglucosamine-1-phosphate uridylyltransferase
7.23444312585e-05	10	3-(cis-5,6-dihydroxycyclohexa-1,3-dien-1-yl)propanoate dehydrogenase
7.23444312585e-05	10	IS4 family transposase ISDar2
7.23444312585e-05	10	putative membrane protein YeiH
7.23444312585e-05	10	MULTISPECIES: DUF4916 domain-containing protein
7.23444312585e-05	10	palmitoyl-CoA hydrolase
7.23444312585e-05	10	MULTISPECIES: autotransporter
7.23444312585e-05	10	alkylphosphonate uptake protein
7.23444312585e-05	10	dihydroorotase multifunctional complex type
7.23444312585e-05	10	TOMM system kinase/cyclase fusion protein
7.23444312585e-05	10	PsaD protein
7.23444312585e-05	10	MULTISPECIES: sensor domain-containing phosphodiesterase
7.23444312585e-05	10	addiction module antidote protein, HigA family, partial
7.23444312585e-05	10	phage tail assembly chaperone
7.23444312585e-05	10	cytochrome c6
7.23444312585e-05	10	glutathione S-transferase domain-containing protein
7.23444312585e-05	10	tyrosine--tRNA ligase, partial
7.23444312585e-05	10	HpcH/HpaI aldolase/citrate lyase-Cytidylyltransferase family protein
7.23444312585e-05	10	transcriptional regulator, TraR/DksA family
7.23444312585e-05	10	MULTISPECIES: K+/H+ antiporter
7.23444312585e-05	10	branched-chain amino acid ABC transporter permease/ATP-binding protein
7.23444312585e-05	10	T3/T7 RNA polymerase
7.23444312585e-05	10	histone-lysine N-methyltransferase
7.23444312585e-05	10	MULTISPECIES: DUF1127 domain-containing protein
7.23444312585e-05	10	MULTISPECIES: terminase small subunit
7.23444312585e-05	10	superfamily I DNA and RNA helicase and helicase subunits-like protein
7.23444312585e-05	10	DUF1553 domain-containing protein, partial
7.23444312585e-05	10	type I-D CRISPR-associated protein Cas5/Csc1
7.23444312585e-05	10	phage minor structural protein
7.23444312585e-05	10	trifunctional nicotinamide-nucleotide adenylyltransferase/ribosylnicotinamide kinase/transcriptional regulator NadR
7.23444312585e-05	10	MULTISPECIES: cephalosporin hydroxylase
7.23444312585e-05	10	MULTISPECIES: ADP-ribosylglycohydrolase
7.23444312585e-05	10	CRTAC1 family protein, partial
7.23444312585e-05	10	MULTISPECIES: amino acid ABC transporter ATPase
7.23444312585e-05	10	type III-B CRISPR module RAMP protein Cmr1
7.23444312585e-05	10	shikimate dehydrogenase (NADP+)
7.23444312585e-05	10	hydroperoxidase, partial
7.23444312585e-05	10	MULTISPECIES: dihydrokaempferol 4-reductase
7.23444312585e-05	10	PTS lactose transporter subunit IIB
7.23444312585e-05	10	surface layer protein
7.23444312585e-05	10	signal transduction histidine kinase with CheB and CheR activity
7.23444312585e-05	10	YibE/F family protein
7.23444312585e-05	10	cellulosome anchoring protein
7.23444312585e-05	10	MULTISPECIES: scaffolding protein D
7.23444312585e-05	10	MULTISPECIES: phospholipase C, phosphocholine-specific
7.23444312585e-05	10	2-polyprenyl-3-methyl-5-hydroxy-6-metoxy-1,4-benzoquinol methylase
7.23444312585e-05	10	ribonucleoside hydrolase
7.23444312585e-05	10	MULTISPECIES: DUF2333 domain-containing protein
7.23444312585e-05	10	MULTISPECIES: hemolysin
7.23444312585e-05	10	MULTISPECIES: salicylaldehyde dehydrogenase
7.23444312585e-05	10	MULTISPECIES: isocitrate lyase/phosphoenolpyruvate mutase family protein
7.23444312585e-05	10	transcription factor jumonji jmjC domain-containing protein
7.23444312585e-05	10	ribonuclease HII, partial
7.23444312585e-05	10	MULTISPECIES: primosome assembly protein PriA
7.23444312585e-05	10	MULTISPECIES: ATP synthase F0F1 subunit epsilon
7.23444312585e-05	10	DUF853 domain-containing protein, partial
7.23444312585e-05	10	polypeptide N-acetylgalactosaminyltransferase
7.23444312585e-05	10	pilus assembly protein TadG
7.23444312585e-05	10	7,8-didemethyl-8-hydroxy-5-deazariboflavin synthase subunit CofG, partial
7.23444312585e-05	10	pyruvate/2-oxoglutarate dehydrogenase complex, dehydrogenase component subunit alpha
7.23444312585e-05	10	long-chain-fatty-acid--CoA ligase (acyl-CoA synthetase)
7.23444312585e-05	10	rRNA adenine methyltransferase
7.23444312585e-05	10	MULTISPECIES: DUF2863 domain-containing protein
7.23444312585e-05	10	molybdopterin-converting factor chain 2
7.23444312585e-05	10	pyrimidine utilization protein C
7.23444312585e-05	10	exodeoxyribonuclease V subunit gamma, partial
7.23444312585e-05	10	MULTISPECIES: putative toxin-antitoxin system toxin component, PIN family
7.23444312585e-05	10	MULTISPECIES: oxidase
7.23444312585e-05	10	MULTISPECIES: cyanophycinase
7.23444312585e-05	10	glutamate dehydrogenase, partial
7.23444312585e-05	10	DUF3008 domain-containing protein
7.23444312585e-05	10	O-phosphoserine sulfhydrylase
7.23444312585e-05	10	MULTISPECIES: DUF1491 domain-containing protein
7.23444312585e-05	10	MULTISPECIES: 2-oxopent-4-enoate hydratase
7.23444312585e-05	10	terminase large subunit, partial
7.23444312585e-05	10	RND transporter NodT
7.23444312585e-05	10	MIP family channel protein, partial
7.23444312585e-05	10	cysteine desulfurase IscS
7.23444312585e-05	10	MULTISPECIES: acetylglucosamine transferase
7.23444312585e-05	10	MULTISPECIES: aa3-type cytochrome c oxidase subunit IV
7.23444312585e-05	10	IucA/IucC family protein
7.23444312585e-05	10	DUF2263 domain-containing protein
7.23444312585e-05	10	integrin-like protein
7.23444312585e-05	10	protease-associated PA domain-containing protein
7.23444312585e-05	10	IS5 family transposase ISAcp1
7.23444312585e-05	10	ferrichrome-iron receptor
7.23444312585e-05	10	histidinol-phosphate aminotransferase 1
7.23444312585e-05	10	flagellar motor switch protein FliY
7.23444312585e-05	10	5-aminoimidazole-4-carboxamide ribonucleotide transformylase
7.23444312585e-05	10	MULTISPECIES: hydantoin utilization protein B
7.23444312585e-05	10	arginine N-succinyltransferase, alpha or beta subunit
7.23444312585e-05	10	protein of unknown function DUF214
7.23444312585e-05	10	DUF1440 domain-containing protein
7.23444312585e-05	10	DUF1730 domain-containing protein
7.23444312585e-05	10	Fe-S protein assembly chaperone HscA, partial
7.23444312585e-05	10	MULTISPECIES: phosphoribulokinase
7.23444312585e-05	10	DUF3612 domain-containing protein
7.23444312585e-05	10	MULTISPECIES: sugar porter family MFS transporter
7.23444312585e-05	10	UDP-N-acetylmuramoylalanyl-D-glutamate--2,6-diaminopimelate ligase, partial
7.23444312585e-05	10	creatinase
7.23444312585e-05	10	MULTISPECIES: 12-oxophytodienoate reductase
7.23444312585e-05	10	MULTISPECIES: decaprenylphospho-beta-D-erythro-pentofuranosid-2-ulose 2-reductase
7.23444312585e-05	10	bifunctional 4'-phosphopantothenoylcysteine decarboxylase/phosphopantothenoylcysteine synthetase
7.23444312585e-05	10	MULTISPECIES: NADH-quinone oxidoreductase subunit N, partial
7.23444312585e-05	10	MULTISPECIES: phoH-like family protein
7.23444312585e-05	10	resolvase domain-containing protein
7.23444312585e-05	10	phosphoribosyl 1,2-cyclic phosphodiesterase
7.23444312585e-05	10	MULTISPECIES: 2-oxoglutarate ferredoxin oxidoreductase subunit beta
7.23444312585e-05	10	MULTISPECIES: DNA replication/repair protein RecF
7.23444312585e-05	10	indoleamine 2,3-dioxygenase
7.23444312585e-05	10	MULTISPECIES: methionine import ATP-binding protein MetN 2
7.23444312585e-05	10	Pyocin activator protein PrtN
7.23444312585e-05	10	LysM domain-containing protein
7.23444312585e-05	10	phosphoribosylaminoimidazole carboxylase
7.23444312585e-05	10	HrgA protein
7.23444312585e-05	10	DUF642 domain-containing protein
7.23444312585e-05	10	RTX toxin related protein
7.23444312585e-05	10	Para-aminobenzoate synthase aminase component
7.23444312585e-05	10	MULTISPECIES: conjugal transfer protein TraB
7.23444312585e-05	10	MULTISPECIES: extensin
7.23444312585e-05	10	MULTISPECIES: heme transporter HemC
7.23444312585e-05	10	peptide chain release factor H
7.23444312585e-05	10	2-keto-4-pentenoate hydratase/2-oxohepta-3-ene-1,7-dioic acid hydratase
7.23444312585e-05	10	GTPase subunit of restriction endonuclease
7.23444312585e-05	10	cytochrome C biogenesis protein region
7.23444312585e-05	10	DNA starvation/stationary phase protection protein Dps
7.23444312585e-05	10	2-hydroxy-6-oxo-6-phenylhexa-2,4-dienoate hydrolase
7.23444312585e-05	10	chloride channel protein EriC
7.23444312585e-05	10	16S rRNA (adenine(1518)-N(6)/adenine(1519)-N(6))-dimethyltransferase, partial
7.23444312585e-05	10	exopolysaccharide biosynthesis protein ExoD
7.23444312585e-05	10	rod shape-determining protein MreC, partial
7.23444312585e-05	10	tryptophan-rich domain-containing protein
7.23444312585e-05	10	Co2+/Mg2+ efflux protein ApaG, partial
7.23444312585e-05	10	MULTISPECIES: DUF979 domain-containing protein
7.23444312585e-05	10	DUF3638 domain-containing protein
7.23444312585e-05	10	asparaginase II
7.23444312585e-05	10	pre-peptidase
7.23444312585e-05	10	xanthine dehydrogenase molybdenum-binding subunit XdhA
7.23444312585e-05	10	MULTISPECIES: filamentous hemagglutinin
7.23444312585e-05	10	Inward rectifier potassium channel
7.23444312585e-05	10	uridylyltransferase
7.23444312585e-05	10	MULTISPECIES: molybdenum cofactor guanylyltransferase MobA
7.23444312585e-05	10	lysine--tRNA ligase, partial
7.23444312585e-05	10	phosphocarrier protein HPr
7.23444312585e-05	10	sporadically distributed protein, TIGR04141 family
7.23444312585e-05	10	sulfurtransferase TusA
7.23444312585e-05	10	MULTISPECIES: mannose-1-phosphate guanyltransferase
7.23444312585e-05	10	bifunctional glutamate--cysteine ligase/glutathione synthetase
7.23444312585e-05	10	DNA single-strand annealing protein ERF family
7.23444312585e-05	10	MULTISPECIES: DUF2905 domain-containing protein
7.23444312585e-05	10	MULTISPECIES: rhamnose ABC transporter substrate-binding protein
7.23444312585e-05	10	MULTISPECIES: hydroxyglutarate oxidase
7.23444312585e-05	10	SMC protein
7.23444312585e-05	10	antioxidant AhpC
7.23444312585e-05	10	partitioning protein
7.23444312585e-05	10	ribonucleoside reductase class II
7.23444312585e-05	10	adhesion lipoprotein
7.23444312585e-05	10	MULTISPECIES: sulfonate ABC transporter ATP-binding protein
7.23444312585e-05	10	adenine methylase
7.23444312585e-05	10	MULTISPECIES: 2-oxoacid:ferredoxin oxidoreductase subunit beta
7.23444312585e-05	10	fibronectin-like protein
7.23444312585e-05	10	RNA-directed DNA polymerase, partial
7.23444312585e-05	10	ATP F0F1 synthase subunit C
7.23444312585e-05	10	BEC protein
7.23444312585e-05	10	NADP-dependent malic enzyme 3
7.23444312585e-05	10	N-acetyltransferase GCN5
7.23444312585e-05	10	MULTISPECIES: DUF3567 domain-containing protein
7.23444312585e-05	10	MULTISPECIES: flagellar basal body rod modification protein FlgD
7.23444312585e-05	10	MULTISPECIES: photosystem II CP47 reaction center protein
7.23444312585e-05	10	acetyl-CoA carboxylase carboxyl transferase subunit
7.23444312585e-05	10	polysaccharide biosynthesis/export protein
7.23444312585e-05	10	baseplate protein J
7.23444312585e-05	10	surfeit locus 1
7.23444312585e-05	10	MULTISPECIES: sporulation protein
7.23444312585e-05	10	MULTISPECIES: secretin
7.23444312585e-05	10	curli assembly protein CsgF
7.23444312585e-05	10	protein of unknown function DUF1355
7.23444312585e-05	10	cyclically-permuted mutarotase family protein
7.23444312585e-05	10	MULTISPECIES: FeoB-associated Cys-rich membrane protein
7.23444312585e-05	10	MULTISPECIES: glutaredoxin family protein
7.23444312585e-05	10	MULTISPECIES: dTDP-4-amino-4,6-dideoxygalactose transaminase
7.23444312585e-05	10	MULTISPECIES: circadian clock protein KaiB
7.23444312585e-05	10	glutamate-5-semialdehyde dehydrogenase, partial
7.23444312585e-05	10	signal transduction histidine kinase, partial
7.23444312585e-05	10	MULTISPECIES: peptidase S9
7.23444312585e-05	10	TIGR03751 family conjugal transfer lipoprotein
7.23444312585e-05	10	MULTISPECIES: ATP synthase F1 subunit delta
6.51099881326e-05	9	BCR, YceG family protein
6.51099881326e-05	9	MULTISPECIES: glyoxylate carboligase
6.51099881326e-05	9	2-oxoglutarate synthase subunit alpha
6.51099881326e-05	9	phosphonate metabolism protein PhnG
6.51099881326e-05	9	Heme peroxidase
6.51099881326e-05	9	glycoside hydrolase family 77
6.51099881326e-05	9	DNA endonuclease
6.51099881326e-05	9	starvation protein A
6.51099881326e-05	9	MULTISPECIES: 3-oxoacid CoA-transferase subunit B
6.51099881326e-05	9	MULTISPECIES: methane monooxygenase
6.51099881326e-05	9	nicotinate-nucleotide diphosphorylase (carboxylating), partial
6.51099881326e-05	9	arabinosyltransferase
6.51099881326e-05	9	MULTISPECIES: photosystem II protein D1
6.51099881326e-05	9	MULTISPECIES: DUF2184 domain-containing protein
6.51099881326e-05	9	3-hydroxyacyl-ACP dehydratase
6.51099881326e-05	9	hemagglutinin-like protein
6.51099881326e-05	9	uptake hydrogenase small subunit
6.51099881326e-05	9	molecular chaperone TorD
6.51099881326e-05	9	MULTISPECIES: choline kinase
6.51099881326e-05	9	K+ channel, inward rectifier
6.51099881326e-05	9	MULTISPECIES: choline transporter
6.51099881326e-05	9	MULTISPECIES: GcrA cell cycle regulator
6.51099881326e-05	9	anchor polypeptide LCM
6.51099881326e-05	9	CRISPR-associated protein Cas2
6.51099881326e-05	9	selenophosphate synthetase
6.51099881326e-05	9	phage portal protein, HK97 family
6.51099881326e-05	9	bifunctional lipoprotein precursor: glycosyl hydrolase and putative adhesin
6.51099881326e-05	9	type VII secretion-associated serine protease mycosin
6.51099881326e-05	9	MULTISPECIES: DUF4399 domain-containing protein
6.51099881326e-05	9	MULTISPECIES: DUF4007 domain-containing protein
6.51099881326e-05	9	MULTISPECIES: zinc transporter ZntB
6.51099881326e-05	9	MULTISPECIES: pyridine nucleotide transhydrogenase subunit alpha
6.51099881326e-05	9	MULTISPECIES: DUF2269 domain-containing protein
6.51099881326e-05	9	P-type ATPase translocating
6.51099881326e-05	9	phosphotransferase enzyme domain protein
6.51099881326e-05	9	acetyl-CoA hydrolase/transferase
6.51099881326e-05	9	nitrogenase-associated protein
6.51099881326e-05	9	AccI family restriction endonuclease
6.51099881326e-05	9	MBL fold hydrolase, partial
6.51099881326e-05	9	MULTISPECIES: DUF1508 domain-containing protein
6.51099881326e-05	9	Mn2+/Fe2+ transporter
6.51099881326e-05	9	MULTISPECIES: NADPH-dependent FMN reductase
6.51099881326e-05	9	DNA invertase-like protein
6.51099881326e-05	9	MULTISPECIES: sodium:calcium exchanger
6.51099881326e-05	9	RNA ligase RtcB family protein
6.51099881326e-05	9	MULTISPECIES: peptidase dimerization domain protein
6.51099881326e-05	9	DUF3618 domain-containing protein
6.51099881326e-05	9	MULTISPECIES: 3-mercaptopyruvate sulfurtransferase
6.51099881326e-05	9	MULTISPECIES: pesticidal protein Cry7Aa
6.51099881326e-05	9	Error-prone repair protein UmuD
6.51099881326e-05	9	MULTISPECIES: RpiR family transcriptional regulator
6.51099881326e-05	9	tyrosine/serine protein phosphatase
6.51099881326e-05	9	adenosylcobinamide kinase
6.51099881326e-05	9	MULTISPECIES: flagellar basal body-associated protein FliL
6.51099881326e-05	9	5-oxoprolinase, partial
6.51099881326e-05	9	C4-dicarboxylate ABC transporter permease, partial
6.51099881326e-05	9	MULTISPECIES: MAPEG family protein
6.51099881326e-05	9	MULTISPECIES: glucan endo-1,3-beta-D-glucosidase
6.51099881326e-05	9	MULTISPECIES: DUF1489 domain-containing protein
6.51099881326e-05	9	peptidase M43B pregnancy-associated plasma-A
6.51099881326e-05	9	RNA ligase T4 RnlA
6.51099881326e-05	9	type IV fimbrial assembly protein PilB
6.51099881326e-05	9	MULTISPECIES: bifunctional peptide chain release factor N(5)-glutamine methyltransferase PrmC/tRNA (guanosine(46)-N7)-methyltransferase TrmB
6.51099881326e-05	9	AAA ATPase central domain protein
6.51099881326e-05	9	MULTISPECIES: nicotinate-nucleotide pyrophosphorylase
6.51099881326e-05	9	acyl esterase
6.51099881326e-05	9	Pathogenicity locus
6.51099881326e-05	9	2-oxoglutarate-dependent dioxygenase
6.51099881326e-05	9	MULTISPECIES: malonate decarboxylase subunit alpha
6.51099881326e-05	9	Kef-type potassium/proton antiporter, CPA2 family
6.51099881326e-05	9	MULTISPECIES: 3-methyl-2-oxobutanoate dehydrogenase (2-methylpropanoyl-transferring) subunit alpha
6.51099881326e-05	9	NADH:ubiquinone oxidoreductase NADH-binding (51 kD) subunit
6.51099881326e-05	9	binding-protein-dependent transporters inner membrane component
6.51099881326e-05	9	MULTISPECIES: vitamin K epoxide reductase
6.51099881326e-05	9	electron transfer oxidoreductase
6.51099881326e-05	9	peptidase S9B dipeptidylpeptidase IV domain-containing protein
6.51099881326e-05	9	glutathione amide-dependent peroxidase
6.51099881326e-05	9	Oxoglutarate decarboxylase
6.51099881326e-05	9	double-strand break repair helicase AddA, partial
6.51099881326e-05	9	immunoglobulin-like domain-containing protein
6.51099881326e-05	9	MULTISPECIES: carbon-phosphorus lyase
6.51099881326e-05	9	tocopherol cyclase
6.51099881326e-05	9	DUF3649 domain-containing protein
6.51099881326e-05	9	MULTISPECIES: formaldehyde dehydrogenase, glutathione-independent
6.51099881326e-05	9	MULTISPECIES: pyridoxal-5'-phosphate-dependent protein
6.51099881326e-05	9	prophage LambdaSa2
6.51099881326e-05	9	DUF2974 domain-containing protein
6.51099881326e-05	9	MULTISPECIES: flavodoxin reductase
6.51099881326e-05	9	trifunctional transcriptional regulator/proline dehydrogenase/L-glutamate gamma-semialdehyde dehydrogenase, partial
6.51099881326e-05	9	MULTISPECIES: DUF2029 domain-containing protein
6.51099881326e-05	9	succinate--CoA ligase subunit beta, partial
6.51099881326e-05	9	MULTISPECIES: acetylglucosamine-6-sulfatase
6.51099881326e-05	9	coproporphyrinogen dehydrogenase
6.51099881326e-05	9	MULTISPECIES: flavoprotein
6.51099881326e-05	9	pilus assembly protein PilQ
6.51099881326e-05	9	Homing endonuclease
6.51099881326e-05	9	tRNA(Ile)-lysidine synthetase, partial
6.51099881326e-05	9	MULTISPECIES: alpha-glycosidase
6.51099881326e-05	9	MULTISPECIES: trifunctional transcriptional regulator/proline dehydrogenase/L-glutamate gamma-semialdehyde dehydrogenase
6.51099881326e-05	9	ABC transporter efflux protein
6.51099881326e-05	9	AMP-dependent synthetase, partial
6.51099881326e-05	9	iron/Ascorbate oxidoreductase
6.51099881326e-05	9	MULTISPECIES: cytochrome c-type biogenesis protein CcmH
6.51099881326e-05	9	M23/M37 peptidase/aminotransferase, class III
6.51099881326e-05	9	EmrB/QacA subfamily drug resistance transporter
6.51099881326e-05	9	MULTISPECIES: DNA damage-inducible protein D
6.51099881326e-05	9	MULTISPECIES: NADP-dependent 3-hydroxy acid dehydrogenase
6.51099881326e-05	9	pseudouridine synthase, partial
6.51099881326e-05	9	adenylate/guanylate cyclase with integral membrane sensor
6.51099881326e-05	9	9-O-acetyl-N-acetylneuraminate esterase
6.51099881326e-05	9	acetoin dehydrogenase, partial
6.51099881326e-05	9	MULTISPECIES: urease accessory protein UreE
6.51099881326e-05	9	xanthosine phosphorylase
6.51099881326e-05	9	NosR regulatory protein
6.51099881326e-05	9	MULTISPECIES: DUF4357 domain-containing protein
6.51099881326e-05	9	MULTISPECIES: orotidine 5'-phosphate decarboxylase
6.51099881326e-05	9	glycoside hydrolase family 3 domain protein
6.51099881326e-05	9	topoisomerase II
6.51099881326e-05	9	type III restriction-modification protein
6.51099881326e-05	9	knotted carbamoyltransferase YgeW
6.51099881326e-05	9	MULTISPECIES: extradiol dioxygenase
6.51099881326e-05	9	ribonuclease II
6.51099881326e-05	9	glycoside hydrolase family 2, partial
6.51099881326e-05	9	phycobilisome protein
6.51099881326e-05	9	MULTISPECIES: protein phosphatase
6.51099881326e-05	9	MULTISPECIES: bifunctional biotin-
6.51099881326e-05	9	CPBP family intramembrane metalloprotease, partial
6.51099881326e-05	9	MULTISPECIES: sodium/glutamate symporter
6.51099881326e-05	9	RNA polymerase rpb6
6.51099881326e-05	9	phage tail fiber protein h
6.51099881326e-05	9	DNA lesion error-prone repair protein ImuA
6.51099881326e-05	9	MULTISPECIES: DUF2855 domain-containing protein
6.51099881326e-05	9	adenylate/guanylate cyclase with integral membrane and GAF sensors
6.51099881326e-05	9	L-seryl-tRNA(Ser) seleniumtransferase
6.51099881326e-05	9	MULTISPECIES: phospholipid ABC transporter ATP-binding protein MlaF
6.51099881326e-05	9	photosystem I assembly BtpA
6.51099881326e-05	9	MULTISPECIES: DUF2141 domain-containing protein
6.51099881326e-05	9	CHU large protein
6.51099881326e-05	9	sodium:solute symporter, partial
6.51099881326e-05	9	MULTISPECIES: DUF3383 domain-containing protein
6.51099881326e-05	9	MULTISPECIES: ribulose bisphosphate carboxylase large chain
6.51099881326e-05	9	Rieske (2Fe-2S) domain protein
6.51099881326e-05	9	GDP-fucose synthetase, partial
6.51099881326e-05	9	tRNA and rRNA cytosine-C5-methylase
6.51099881326e-05	9	DUF3087 domain-containing protein
6.51099881326e-05	9	MULTISPECIES: L-arabinose ABC transporter permease AraH
6.51099881326e-05	9	MULTISPECIES: S-adenosylmethionine--diacylglycerol 3-amino-3-carboxypropyl transferase
6.51099881326e-05	9	DUF2499 domain-containing protein
6.51099881326e-05	9	NAD(P)H-quinone oxidoreductase subunit K
6.51099881326e-05	9	NAD(P)H-quinone oxidoreductase subunit H
6.51099881326e-05	9	phenylacetate-CoA oxygenase subunit PaaK
6.51099881326e-05	9	lytic transglycosylase, catalytic
6.51099881326e-05	9	type I-MYXAN CRISPR-associated protein Cmx8
6.51099881326e-05	9	capsular polysaccharide biosynthesis protein CapK
6.51099881326e-05	9	carbohydrate ABC transporter ATP-binding protein, CUT1 family
6.51099881326e-05	9	carboxysome peptide A
6.51099881326e-05	9	glycine--tRNA ligase subunit alpha, partial
6.51099881326e-05	9	methyl-accepting chemotaxis protein II
6.51099881326e-05	9	uronate isomerase, partial
6.51099881326e-05	9	MULTISPECIES: nitrilase
6.51099881326e-05	9	protein containing DUF1592
6.51099881326e-05	9	N-6-adenine methyltransferase
6.51099881326e-05	9	MULTISPECIES: proline hydroxylase
6.51099881326e-05	9	DUF2852 domain-containing protein
6.51099881326e-05	9	KAP P-loop domain-containing protein
6.51099881326e-05	9	MULTISPECIES: peptidase A24
6.51099881326e-05	9	TPR repeat:Tetratricopeptide TPR_3:Tetratricopeptide TPR_4
6.51099881326e-05	9	tRNA 2-thiocytidine(32) synthetase TtcA, partial
6.51099881326e-05	9	lipase class 3
6.51099881326e-05	9	MULTISPECIES: cholesterol oxidase
6.51099881326e-05	9	DUF3761 domain-containing protein
6.51099881326e-05	9	ArgE/DapE/Acy1 family protein
6.51099881326e-05	9	Tfp pilus assembly protein, tip-associated adhesin PilY1
6.51099881326e-05	9	DUF1290 domain-containing protein
6.51099881326e-05	9	MULTISPECIES: capsular polysaccharide biosynthesis protein
6.51099881326e-05	9	RND superfamily exporter
6.51099881326e-05	9	protein ligF
6.51099881326e-05	9	glucose-6-P dehydrogenase subunit
6.51099881326e-05	9	MULTISPECIES: addiction module toxin, HicA family
6.51099881326e-05	9	peptidase S37
6.51099881326e-05	9	MULTISPECIES: TVP38/TMEM64 family protein
6.51099881326e-05	9	RHS repeat protein, partial
6.51099881326e-05	9	tRNA pseudouridine(55) synthase TruB, partial
6.51099881326e-05	9	DUF4302 domain-containing protein
6.51099881326e-05	9	nitrate ABC transporter, ATPase subunits C and D
6.51099881326e-05	9	vitamin B12/cobalamin outer membrane transporter
6.51099881326e-05	9	MULTISPECIES: uroporphyrinogen III synthase
6.51099881326e-05	9	MULTISPECIES: pyrophosphate--fructose-6-phosphate 1-phosphotransferase
6.51099881326e-05	9	Ion channel protein
6.51099881326e-05	9	ribosomal RNA large subunit methyltransferase K/L
6.51099881326e-05	9	outer membrane adhesin like protein
6.51099881326e-05	9	type III ribulose-bisphosphate carboxylase
6.51099881326e-05	9	x-prolyl-dipeptidyl aminopeptidase
6.51099881326e-05	9	UDP-glucose 4-epimerase CapD
6.51099881326e-05	9	bifunctional DNA primase/helicase, partial
6.51099881326e-05	9	NAD(P) transhydrogenase subunit alpha, partial
6.51099881326e-05	9	crystallin
6.51099881326e-05	9	MULTISPECIES: phosphoketolase
6.51099881326e-05	9	GDP-mannose pyrophosphatase nudK
6.51099881326e-05	9	MULTISPECIES: nitrile hydratase subunit beta
6.51099881326e-05	9	RDD domain-containing protein
6.51099881326e-05	9	sigma factor regulatory protein, FecR/PupR family
6.51099881326e-05	9	MULTISPECIES: ribosomal RNA small subunit methyltransferase H
6.51099881326e-05	9	MULTISPECIES: DUF1109 domain-containing protein
6.51099881326e-05	9	Por secretion system protein
6.51099881326e-05	9	S-isoprenylcysteine methyltransferase
6.51099881326e-05	9	anti-sigma-factor antagonist (STAS) and sugar transferase
6.51099881326e-05	9	recombinational DNA repair protein (RecE pathway)
6.51099881326e-05	9	MULTISPECIES: 4-hydroxyphenylacetate 3-hydroxylase
6.51099881326e-05	9	PTS mannitol transporter subunit IIBC
6.51099881326e-05	9	MULTISPECIES: glycoside hydrolase family 43 protein
6.51099881326e-05	9	phospholipid biosynthesis protein, partial
6.51099881326e-05	9	Soluble ligand-binding domain-containing protein
6.51099881326e-05	9	protein HipA
6.51099881326e-05	9	putative Tol-Pal system beta propeller repeat protein TolB
6.51099881326e-05	9	dimethyl sulfoxide reductase subunit A
6.51099881326e-05	9	heme ABC transporter ATP-binding protein, partial
6.51099881326e-05	9	MULTISPECIES: LL-diaminopimelate aminotransferase
6.51099881326e-05	9	CoA-acylating methylmalonate-semialdehyde dehydrogenase
6.51099881326e-05	9	flavoprotein reductase
6.51099881326e-05	9	cytochrome c554
6.51099881326e-05	9	MULTISPECIES: sulfate permease
6.51099881326e-05	9	cytochrome c551/c552
6.51099881326e-05	9	NADH-flavin oxidoreductase/NADH oxidase
6.51099881326e-05	9	MULTISPECIES: endodeoxyribonuclease
6.51099881326e-05	9	MULTISPECIES: Obg family GTPase CgtA
6.51099881326e-05	9	Ribonucleotide reductase of class II (coenzyme B12-dependent)
6.51099881326e-05	9	RNA pseudouridylate synthase
6.51099881326e-05	9	ABC transporter related protein, partial
6.51099881326e-05	9	sugar phosphatase
6.51099881326e-05	9	electron transfer flavoprotein beta-subunit
6.51099881326e-05	9	endoribonuclease
6.51099881326e-05	9	DUF4859 domain-containing protein
6.51099881326e-05	9	MULTISPECIES: DUF3093 domain-containing protein
6.51099881326e-05	9	MULTISPECIES: DUF4290 domain-containing protein
6.51099881326e-05	9	SCP-like extracellular
6.51099881326e-05	9	cysteine ABC transporter substrate-binding protein
6.51099881326e-05	9	molecular chaperone ClpB
6.51099881326e-05	9	3-hydroxybutyryl-CoA epimerase
6.51099881326e-05	9	DUF4013 domain-containing protein
6.51099881326e-05	9	DNA ligase-associated DEXH box helicase, partial
6.51099881326e-05	9	Holliday junction DNA helicase
6.51099881326e-05	9	sensory box histidine kinase/response regulator
6.51099881326e-05	9	arginine-tRNA-protein transferase
6.51099881326e-05	9	hydantoinase B, partial
6.51099881326e-05	9	BioY protein
6.51099881326e-05	9	MULTISPECIES: O-succinylbenzoic acid--CoA ligase
6.51099881326e-05	9	BspA family leucine-rich repeat surface protein, partial
6.51099881326e-05	9	imidazolonepropionase, partial
6.51099881326e-05	9	dystroglycan-type cadherin-like protein
6.51099881326e-05	9	glutamine synthetase type III N-terminal domain protein
6.51099881326e-05	9	family 57 glycosyl hydrolase
6.51099881326e-05	9	xanthine dehydrogenase iron-sulfur-binding subunit
6.51099881326e-05	9	Penicillin-binding Protein dimerisation domain family
6.51099881326e-05	9	sigma-54 interaction domain protein
6.51099881326e-05	9	FKBP-type peptidyl-prolyl cis-trans isomerase (PPIase)
6.51099881326e-05	9	dihydrodipicolinate synthase family protein, partial
6.51099881326e-05	9	dynamin
6.51099881326e-05	9	redoxin family protein
6.51099881326e-05	9	nickel ABC transporter substrate-binding protein
6.51099881326e-05	9	MULTISPECIES: 2,3-dihydroxy-2,3-dihydro-p-cumate dehydrogenase
6.51099881326e-05	9	protein serine phosphatase
6.51099881326e-05	9	nucleoside phosphorylase
6.51099881326e-05	9	sarcosine oxidase
6.51099881326e-05	9	MULTISPECIES: flagellar protein FlgN
6.51099881326e-05	9	2-enoate reductase
6.51099881326e-05	9	tyrosine-protein kinase
6.51099881326e-05	9	MULTISPECIES: electron transporter SenC
6.51099881326e-05	9	chromosome segregation protein ScpB
6.51099881326e-05	9	beta-(1-->2)glucan export ATP-binding/permease NdvA
6.51099881326e-05	9	fructofuranosidase/invertase, partial
6.51099881326e-05	9	MULTISPECIES: protein TolA
6.51099881326e-05	9	phage-type endonuclease
6.51099881326e-05	9	pitrilysin
6.51099881326e-05	9	MULTISPECIES: flagellar assembly protein FliH
6.51099881326e-05	9	ATP-dependent DNA helicase Rep, partial
6.51099881326e-05	9	type I-E CRISPR-associated endonuclease Cas1
6.51099881326e-05	9	SARP family transcriptional regulator
6.51099881326e-05	9	DUF3360 domain-containing protein
6.51099881326e-05	9	bifunctional phosphoglycerate kinase/triose-phosphate isomerase
6.51099881326e-05	9	MULTISPECIES: (Fe-S)-cluster assembly protein
6.51099881326e-05	9	Cytochrome c class I
6.51099881326e-05	9	flagellar biosynthesis protein FliO
6.51099881326e-05	9	DMT family permease
6.51099881326e-05	9	cobalamin B12-binding domain protein
6.51099881326e-05	9	putative type II DNA modification enzyme
6.51099881326e-05	9	MULTISPECIES: acyl-CoA carboxylase
6.51099881326e-05	9	DUF2605 domain-containing protein
6.51099881326e-05	9	methylamine dehydrogenase
6.51099881326e-05	9	MULTISPECIES: MotA/TolQ/ExbB proton channel family protein
6.51099881326e-05	9	MULTISPECIES: bifunctional 4-hydroxy-3-methylbut-2-enyl diphosphate reductase/30S ribosomal protein S1
6.51099881326e-05	9	MULTISPECIES: flagellar biosynthesis protein FlgD
6.51099881326e-05	9	MULTISPECIES: DUF72 domain-containing protein
6.51099881326e-05	9	outer membrane protein assembly factor, partial
6.51099881326e-05	9	glucan 1,3-beta-glucanase
6.51099881326e-05	9	MULTISPECIES: type III secretion protein
6.51099881326e-05	9	2-keto-3-deoxy-L-fuconate dehydrogenase
6.51099881326e-05	9	5 (3)-deoxyribonucleotidase
6.51099881326e-05	9	aerobic respiration two-component sensor histidine kinase ArcB
6.51099881326e-05	9	MULTISPECIES: cobalamin biosynthesis protein CobS
6.51099881326e-05	9	DUF507 domain-containing protein
6.51099881326e-05	9	DUF4277 domain-containing protein
6.51099881326e-05	9	MULTISPECIES: NINE protein
6.51099881326e-05	9	transglycosylase domain-containing protein
6.51099881326e-05	9	DNA methylase N-4, partial
6.51099881326e-05	9	DUF3683 domain-containing protein, partial
6.51099881326e-05	9	MULTISPECIES: autotransporter outer membrane beta-barrel domain-containing protein
6.51099881326e-05	9	arginine decarboxylase, pyruvoyl-dependent
6.51099881326e-05	9	carbamoylsarcosine amidase
6.51099881326e-05	9	N-acetyl neuramic acid synthetase NeuB
6.51099881326e-05	9	MULTISPECIES: DNA-binding transcriptional regulator
6.51099881326e-05	9	MULTISPECIES: erythritol/L-threitol dehydrogenase
6.51099881326e-05	9	MULTISPECIES: DUF4280 domain-containing protein
6.51099881326e-05	9	DUF3134 domain-containing protein
6.51099881326e-05	9	DUF4168 domain-containing protein
6.51099881326e-05	9	dethiobiotin synthase, partial
6.51099881326e-05	9	MULTISPECIES: PKHD-type hydroxylase
6.51099881326e-05	9	carotenoid-binding protein
6.51099881326e-05	9	gp44
6.51099881326e-05	9	MULTISPECIES: deoxyribonuclease HsdR
6.51099881326e-05	9	Thiamine pyrophosphate protein TPP binding domain protein
6.51099881326e-05	9	diguanylate cyclase/phosphodiesterase with PAS/PAC sensor(s)
6.51099881326e-05	9	sporulation regulator-like protein
6.51099881326e-05	9	MULTISPECIES: CHAT domain-containing protein
6.51099881326e-05	9	photosystem I protein PsaD
6.51099881326e-05	9	MULTISPECIES: pyridoxal-5'-phosphate-dependent protein subunit beta
6.51099881326e-05	9	bifunctional glutamate-1-semialdehyde 2 1-aminomutase/acylneuraminate cytidylyltransferase
6.51099881326e-05	9	siderophore-iron reductase FhuF
6.51099881326e-05	9	MULTISPECIES: endothelin-converting protein
6.51099881326e-05	9	MULTISPECIES: DNA topoisomerase
6.51099881326e-05	9	Sporulation initiation phosphotransferase F
6.51099881326e-05	9	MULTISPECIES: glutathionylspermidine synthase family protein
6.51099881326e-05	9	Na+-transporting NADH:ubiquinone oxidoreductase subunit D
6.51099881326e-05	9	putative cytochrome c biogenesis protein
6.51099881326e-05	9	peptidase C1A papain
6.51099881326e-05	9	restriction modification system DNA specificity domain
6.51099881326e-05	9	MULTISPECIES: peptidase C14
6.51099881326e-05	9	DUF946 domain-containing protein
6.51099881326e-05	9	ribonucleotide-diphosphate reductase subunit beta, partial
6.51099881326e-05	9	AMMECR1 domain-containing protein
6.51099881326e-05	9	OmpA family outer membrane protein
6.51099881326e-05	9	MULTISPECIES: amidohydrolase/deacetylase family metallohydrolase
6.51099881326e-05	9	MULTISPECIES: 3',5'-cyclic-nucleotide phosphodiesterase
6.51099881326e-05	9	auxin efflux carrier family protein
6.51099881326e-05	9	phage lysozyme
6.51099881326e-05	9	phage-associated protein
6.51099881326e-05	9	pseudoazurin
6.51099881326e-05	9	ABC transporter substrate binding protein (branched amino acid)
6.51099881326e-05	9	Endo-1,4-beta-xylanase A precursor
6.51099881326e-05	9	tir protein
6.51099881326e-05	9	RNA polymerase sigma-32 subunit RpoH
6.51099881326e-05	9	MULTISPECIES: DUF3419 domain-containing protein
6.51099881326e-05	9	pyridoxal 5'-phosphate synthase lyase subunit PdxS, partial
6.51099881326e-05	9	DL-methionine transporter permease subunit
6.51099881326e-05	9	MULTISPECIES: ABC transporter ATP-binding protein, partial
6.51099881326e-05	9	SSS sodium solute transporter superfamily protein
6.51099881326e-05	9	aerobic respiration control sensor protein ArcB
6.51099881326e-05	9	multicopper polyphenol oxidase
6.51099881326e-05	9	site-specific recombinase phage integrase family
6.51099881326e-05	9	putative hemolysin
6.51099881326e-05	9	putrescine transport system permease potI
6.51099881326e-05	9	MULTISPECIES: DNA-binding transcriptional regulator OxyR
6.51099881326e-05	9	antirepressor, partial
6.51099881326e-05	9	DUF4278 domain-containing protein
6.51099881326e-05	9	MULTISPECIES: DUF1009 domain-containing protein
6.51099881326e-05	9	elongation factor Ts, partial
6.51099881326e-05	9	UDP-4-amino-4-deoxy-L-arabinose--oxoglutarate aminotransferase
6.51099881326e-05	9	dNTP-hexose dehydratase/epimerase
6.51099881326e-05	9	5-methylthioadenosine deaminase
6.51099881326e-05	9	Heme A synthase, cytochrome oxidase biogenesis protein Cox15-CtaA
6.51099881326e-05	9	DNA-dependent ATPase I and helicase II
6.51099881326e-05	9	sulfurtransferase complex subunit TusB
6.51099881326e-05	9	cytochrome b6-f complex iron-sulfur subunit
6.51099881326e-05	9	MULTISPECIES: 30S ribosomal protein S14 type Z
6.51099881326e-05	9	fructose-2,6-bisphosphatase
6.51099881326e-05	9	fibrillin
6.51099881326e-05	9	MULTISPECIES: haloacid dehalogenase, type II
6.51099881326e-05	9	MULTISPECIES: quercetin 2,3-dioxygenase
6.51099881326e-05	9	methylenetetrahydrofolate dehydrogenase
6.51099881326e-05	9	MULTISPECIES: DUF2326 domain-containing protein
6.51099881326e-05	9	Protein involved in cell division
6.51099881326e-05	9	N-acetylglucosaminylphosphatidylinositol deacetylase
6.51099881326e-05	9	flagellar protein FhlB
6.51099881326e-05	9	spore coat protein U
6.51099881326e-05	9	PTS cellobiose transporter subunit IIC
6.51099881326e-05	9	6-phosphogluconate dehydrogenase NAD-binding
6.51099881326e-05	9	Peptidoglycan-binding domain 1 protein
6.51099881326e-05	9	YgdI/YgdR family lipoprotein
6.51099881326e-05	9	MULTISPECIES: 2'-deoxycytidine 5'-triphosphate deaminase
6.51099881326e-05	9	MULTISPECIES: DUF1599 domain-containing protein
6.51099881326e-05	9	vanomycin resistance protein VanB
6.51099881326e-05	9	flagellar protein FliL
6.51099881326e-05	9	DUF3502 domain-containing protein
6.51099881326e-05	9	site-specific recombinase, DNA invertase Pin
6.51099881326e-05	9	zeta-carotene desaturase
6.51099881326e-05	9	pesticidal protein Cry15Aa
6.51099881326e-05	9	MULTISPECIES: OmpA family lipoprotein
6.51099881326e-05	9	MULTISPECIES: G-D-S-L family lipolytic protein
6.51099881326e-05	9	MULTISPECIES: toluene tolerance protein
6.51099881326e-05	9	MULTISPECIES: chemotaxis protein MotB
6.51099881326e-05	9	putative terminase large subunit
6.51099881326e-05	9	flagellin/flagellar hook associated protein
6.51099881326e-05	9	Vitamin B12-binding protein precursor
6.51099881326e-05	9	MULTISPECIES: cyclase/dehydrase
6.51099881326e-05	9	InaA protein
6.51099881326e-05	9	type IV secretion protein IcmE
6.51099881326e-05	9	MULTISPECIES: DNA methylase N-4
6.51099881326e-05	9	DUF2839 domain-containing protein
6.51099881326e-05	9	MULTISPECIES: fructose-bisphosphate aldolase class I
6.51099881326e-05	9	stability protein StbE
6.51099881326e-05	9	thiol-disulfide interchange protein DsbD homolog
6.51099881326e-05	9	two-component system sensor kinase
6.51099881326e-05	9	DUF820 domain-containing protein
6.51099881326e-05	9	SufBD protein
6.51099881326e-05	9	5-methylthioadenosine/S-adenosylhomocysteine deaminase (fragment)
6.51099881326e-05	9	MULTISPECIES: photosystem I reaction center protein PsaF,subunit III
6.51099881326e-05	9	MULTISPECIES: polyprenyl glycosylphosphotransferase
6.51099881326e-05	9	cache type 2 domain-containing protein
6.51099881326e-05	9	RNA polymerase sigma factor SigC
6.51099881326e-05	9	restriction endonuclease AvaI
6.51099881326e-05	9	KaiA family protein
6.51099881326e-05	9	photosystem I reaction center subunit XI
6.51099881326e-05	9	multidrug transporter subunit MdtA, partial
6.51099881326e-05	9	nitric-oxide reductase
6.51099881326e-05	9	MULTISPECIES: cysteine desulfuration protein SufE
6.51099881326e-05	9	glycosyl hydrolase family 98 carbohydrate-binding module
6.51099881326e-05	9	MULTISPECIES: bacillithiol biosynthesis deacetylase BshB1
6.51099881326e-05	9	putative NADH oxidase
6.51099881326e-05	9	retinal pigment epithelial membrane protein
6.51099881326e-05	9	MULTISPECIES: entericidin, EcnA/B family
6.51099881326e-05	9	spermidine/putrescine ABC transporter ATP-binding protein, partial
6.51099881326e-05	9	ADP-heptose--LPS heptosyltransferase II
6.51099881326e-05	9	SPFH domain/Band 7 family protein 2
6.51099881326e-05	9	type I restriction modification DNA specificity domain protein
6.51099881326e-05	9	uridine monophosphate kinase, partial
6.51099881326e-05	9	fructosamine kinase
6.51099881326e-05	9	oxoglutarate dehydrogenase (succinyl-transferring), E1 component, partial
6.51099881326e-05	9	DUF3471 domain-containing protein
6.51099881326e-05	9	alkyl/aryl-sulfatase, partial
6.51099881326e-05	9	MULTISPECIES: MipA/OmpV family protein
6.51099881326e-05	9	type II restriction enzyme methyltransferase subunit
6.51099881326e-05	9	NAD-dependent phenylacetaldehyde dehydrogenase
6.51099881326e-05	9	Zn-ribbon-like protein
6.51099881326e-05	9	MULTISPECIES: cys-tRNA(pro)/cys-tRNA(cys) deacylase
6.51099881326e-05	9	aldolase/adducin
6.51099881326e-05	9	fatty-acid synthase
6.51099881326e-05	9	DUF885 domain-containing protein, partial
6.51099881326e-05	9	DUF2267 domain-containing protein
6.51099881326e-05	9	MULTISPECIES: TIGR02281 family clan AA aspartic protease
6.51099881326e-05	9	MULTISPECIES: replication protein
6.51099881326e-05	9	3-isopropylmalate dehydratase small subunit, partial
6.51099881326e-05	9	MULTISPECIES: pyrrolo-quinoline quinone
6.51099881326e-05	9	MULTISPECIES: tRNA pseudouridine(55) synthase
6.51099881326e-05	9	bile acid:Na+ symporter, BASS family
6.51099881326e-05	9	MULTISPECIES: type VI secretion system ImpG/VasA family protein
6.51099881326e-05	9	MULTISPECIES: DUF3772 domain-containing protein
6.51099881326e-05	9	pabB protein
6.51099881326e-05	9	bifunctional cobalt-precorrin-7 (C(5))-methyltransferase CbiE/decarboxylating cobalt-precorrin-6B (C(15))-methyltransferase CbiT
6.51099881326e-05	9	beta-glucosidase, partial
6.51099881326e-05	9	MULTISPECIES: acriflavin resistance protein
6.51099881326e-05	9	16S rRNA (guanine(966)-N(2))-methyltransferase RsmD, partial
6.51099881326e-05	9	polysaccharide biosynthesis family protein
6.51099881326e-05	9	MULTISPECIES: gliding motility protein GldM
6.51099881326e-05	9	MULTISPECIES: arsenic transporter
6.51099881326e-05	9	MULTISPECIES: 7,8-didemethyl-8-hydroxy-5-deazariboflavin synthase
6.51099881326e-05	9	peptidoglycan glycosyltransferase FtsI precursor
6.51099881326e-05	9	pyruvate dehydrogenase E1 subunit beta
6.51099881326e-05	9	RiPP maturation radical SAM protein 1
6.51099881326e-05	9	internal scaffolding protein
6.51099881326e-05	9	Na(+)/H(+) antiporter NhaB
6.51099881326e-05	9	MULTISPECIES: septation inhibitor protein
6.51099881326e-05	9	sigma e regulatory protein, mucb/rseb
6.51099881326e-05	9	LIV-I protein H
6.51099881326e-05	9	DUF4905 domain-containing protein
6.51099881326e-05	9	low specificity L-threonine aldolase, partial
6.51099881326e-05	9	MULTISPECIES: bicyclomycin resistance protein
6.51099881326e-05	9	helicase/DNA methylase hybrid protein
6.51099881326e-05	9	MULTISPECIES: beta-(1-3)-glucosyl transferase
6.51099881326e-05	9	MULTISPECIES: endolysin
6.51099881326e-05	9	glutamyl-tRNA(Gln) amidotransferase subunit A
6.51099881326e-05	9	DUF1795 domain-containing protein
6.51099881326e-05	9	glycine/betaine aldehyde dehydrogenase
6.51099881326e-05	9	autotransporter domain-containing esterase
6.51099881326e-05	9	sodium/myo-inositol cotransporter
6.51099881326e-05	9	DUF3158 domain-containing protein
6.51099881326e-05	9	ParB-like nuclease, partial
6.51099881326e-05	9	organic acid-CoA ligase feruloyl-CoA synthetase
6.51099881326e-05	9	MULTISPECIES: NAD(P)H nitroreductase
6.51099881326e-05	9	MULTISPECIES: laccase
6.51099881326e-05	9	MULTISPECIES: ring-hydroxylating oxygenase subunit alpha
6.51099881326e-05	9	cysteine/glutathione ABC transporter ATP-binding protein/permease CydC
6.51099881326e-05	9	anti-sigma F factor
6.51099881326e-05	9	phosphate acyltransferase, partial
6.51099881326e-05	9	type II deoxyribonuclease
6.51099881326e-05	9	4-hydroxybenzoate transporter
6.51099881326e-05	9	MULTISPECIES: alkyl sulfatase
6.51099881326e-05	9	membrane-bound lytic murein transglycosylase A
6.51099881326e-05	9	MULTISPECIES: DUF3043 domain-containing protein
6.51099881326e-05	9	MULTISPECIES: flagellar assembly peptidoglycan hydrolase FlgJ
6.51099881326e-05	9	MULTISPECIES: glycine cleavage system protein R
6.51099881326e-05	9	dialkylrecorsinol condensing enzyme DarA
6.51099881326e-05	9	transporter MotA/TolQ/ExbB proton channel family protein
6.51099881326e-05	9	xylulokinase, partial
6.51099881326e-05	9	MIP family protein
6.51099881326e-05	9	peptidase S9, partial
6.51099881326e-05	9	tRNA (uracil(54)-C(5))-methyltransferase
6.51099881326e-05	9	cystathionine gamma-synthase, partial
6.51099881326e-05	9	MULTISPECIES: ester cyclase
6.51099881326e-05	9	MULTISPECIES: BRO family protein
6.51099881326e-05	9	phosphonate ABC transporter ATP-binding protein, partial
6.51099881326e-05	9	pectate lyase precursor
6.51099881326e-05	9	folate-binding protein, partial
6.51099881326e-05	9	TIGR04338 family metallohydrolase
6.51099881326e-05	9	phage regulatory protein/antirepressor Ant
6.51099881326e-05	9	heat shock protein HtpX
6.51099881326e-05	9	Stress responsive alpha-beta barrel
6.51099881326e-05	9	50S ribosomal protein L27, partial
6.51099881326e-05	9	MULTISPECIES: 3-phenylpropionate dioxygenase
6.51099881326e-05	9	MULTISPECIES: polyamine ABC transporter permease
6.51099881326e-05	9	MULTISPECIES: TIGR02594 family protein
6.51099881326e-05	9	DUF1152 domain-containing protein
6.51099881326e-05	9	UDP kinase
6.51099881326e-05	9	MULTISPECIES: EstA family serine hydrolase
6.51099881326e-05	9	methylenetetrahydrofolate reductase, partial
6.51099881326e-05	9	sgc region protein SgcX
6.51099881326e-05	9	TIGR02647 family protein
6.51099881326e-05	9	aspartic protease
6.51099881326e-05	9	MULTISPECIES: DUF2157 domain-containing protein
6.51099881326e-05	9	restriction modification system DNA specificity subunit
6.51099881326e-05	9	aspartate aminotransferase AspC
6.51099881326e-05	9	MATE family efflux transporter, partial
6.51099881326e-05	9	motility protein A
6.51099881326e-05	9	type I-U CRISPR-associated helicase/endonuclease Cas3
6.51099881326e-05	9	protein-L-isoaspartate(D-aspartate) O-methyltransferase
6.51099881326e-05	9	nicotinate-nucleotide diphosphorylase
6.51099881326e-05	9	barstar family protein 2
6.51099881326e-05	9	MULTISPECIES: 2'-5' RNA ligase
6.51099881326e-05	9	alkylhydroperoxidase AhpD family core domain protein
6.51099881326e-05	9	tyrosine protein phosphatase
6.51099881326e-05	9	PMT family glycosyltransferase 4-amino-4-deoxy-L-arabinose transferase
6.51099881326e-05	9	MULTISPECIES: cob(I)yrinic acid a c-diamide adenosyltransferase
6.51099881326e-05	9	Usg family protein
6.51099881326e-05	9	MULTISPECIES: SfnB family sulfur acquisition oxidoreductase
6.51099881326e-05	9	photosystem II manganese-stabilizing polypeptide
6.51099881326e-05	9	precorrin-6B methylase
6.51099881326e-05	9	S-layer-like protein
6.51099881326e-05	9	type I-E CRISPR-associated endoribonuclease Cas2
6.51099881326e-05	9	RNA polymerase sigma-e factor sigma-24
6.51099881326e-05	9	gentisate 1,2-dioxygenase oxidoreductase protein NagI
6.51099881326e-05	9	quinoprotein amine dehydrogenase
6.51099881326e-05	9	MULTISPECIES: glucosylceramidase
6.51099881326e-05	9	glycerol-3-phosphate ABC transporter permease
6.51099881326e-05	9	DNA ligase (ATP)
6.51099881326e-05	9	restriction endonuclease DpnI
6.51099881326e-05	9	bifunctional nicotinamide mononucleotide adenylyltransferase/ADP-ribose pyrophosphatase
6.51099881326e-05	9	MULTISPECIES: DUF2069 domain-containing protein
6.51099881326e-05	9	sodium:glutamate symporter
6.51099881326e-05	9	MULTISPECIES: thiol oxidoreductase
6.51099881326e-05	9	4-carboxy muconolactone decarboxylase
6.51099881326e-05	9	general secretion pathway protein L
6.51099881326e-05	9	MULTISPECIES: replication initiation protein
6.51099881326e-05	9	HtrA2 peptidase
6.51099881326e-05	9	MULTISPECIES: pyrroloquinoline quinone biosynthesis protein PqqC
6.51099881326e-05	9	16S rRNA pseudouridylate synthase
6.51099881326e-05	9	deaminase reductase
6.51099881326e-05	9	protease/lipase ABC transporter ATP-binding protein
6.51099881326e-05	9	RNA polymerase sporulation sigma factor SigH
6.51099881326e-05	9	polymer-forming cytoskeletal family protein
6.51099881326e-05	9	MULTISPECIES: NGG1p interacting factor NIF3
6.51099881326e-05	9	colicin V production protein CvpA
6.51099881326e-05	9	manganese catalase
6.51099881326e-05	9	MULTISPECIES: glutamate formimidoyltransferase
6.51099881326e-05	9	MULTISPECIES: HipA-like domain
6.51099881326e-05	9	DUF2887 domain-containing protein
6.51099881326e-05	9	MULTISPECIES: HrcA family transcriptional regulator
6.51099881326e-05	9	HAD superfamily hydrolase
6.51099881326e-05	9	proline dipeptidase
6.51099881326e-05	9	DUF3859 domain-containing protein
6.51099881326e-05	9	FAD-dependent 2-octaprenylphenol hydroxylase
6.51099881326e-05	9	alpha-dehydro-beta-deoxy-D-glucarate aldolase, partial
6.51099881326e-05	9	TIGR01548 family HAD-type hydrolase
6.51099881326e-05	9	excinuclease ABC c subunit domain protein
6.51099881326e-05	9	MULTISPECIES: plasmid pRiA4b ORF-3 family protein
6.51099881326e-05	9	MULTISPECIES: bifunctional cbb3-type cytochrome C oxidase subunit I/II
6.51099881326e-05	9	pectin acetylesterase
6.51099881326e-05	9	DUF2189 domain-containing protein, partial
6.51099881326e-05	9	mismatch repair ATPase
6.51099881326e-05	9	MULTISPECIES: carbamoyl-phosphate synthase large subunit
6.51099881326e-05	9	ABC transporter related
6.51099881326e-05	9	ChpB-ChpS toxin-antitoxin system antitoxin
6.51099881326e-05	9	isomerase/hydrolase
6.51099881326e-05	9	MULTISPECIES: DUF4845 domain-containing protein
6.51099881326e-05	9	UvsW helicase, partial
6.51099881326e-05	9	DUF3311 domain-containing protein
6.51099881326e-05	9	Platelet-activating factor acetylhydrolase plasma/intracellular isoform II
6.51099881326e-05	9	taxon MazF
6.51099881326e-05	9	2-aminoethylphosphonate--pyruvate aminotransferase
6.51099881326e-05	9	lantibiotic ABC transporter ATP-binding protein
6.51099881326e-05	9	MULTISPECIES: phosphatidylglycerophosphate synthase
6.51099881326e-05	9	ribosomal small subunit Rsm22
6.51099881326e-05	9	phage protein, large terminase
6.51099881326e-05	9	GAF sensor protein
6.51099881326e-05	9	MULTISPECIES: flagellar basal body L-ring protein
6.51099881326e-05	9	alternate F1F0 ATPase, F1 subunit alpha
6.51099881326e-05	9	phage baseplate assembly protein W
6.51099881326e-05	9	MULTISPECIES: D-beta-D-heptose 1-phosphate adenosyltransferase
6.51099881326e-05	9	acyl-CoA dehydrogenase type 2 domain protein
6.51099881326e-05	9	murein hydrolase transporter LrgA
6.51099881326e-05	9	peptidase M4, partial
6.51099881326e-05	9	putative nitrogen fixation protein NifT
6.51099881326e-05	9	bifunctional succinylornithine transaminase/acetylornithine transaminase
6.51099881326e-05	9	amylosucrase Ams
6.51099881326e-05	9	Vgr family protein
6.51099881326e-05	9	outer membrane metallopeptidase lipoprotein nlpD
6.51099881326e-05	9	outer membrane assembly lipoprotein YfiO
6.51099881326e-05	9	nitrogen fixation protein FixL
6.51099881326e-05	9	ISKra4 family transposase ISMfu2
6.51099881326e-05	9	exopolysaccharide synthesis protein ExoD
6.51099881326e-05	9	Di-heme cytochrome c peroxidase
6.51099881326e-05	9	shikimate dehydrogenase, partial
6.51099881326e-05	9	NAD-dependent nucleotide sugar epimerase/dehydratase
6.51099881326e-05	9	export protein
6.51099881326e-05	9	type IV pilin structural subunit
6.51099881326e-05	9	MULTISPECIES: D-amino acid aminotransferase
6.51099881326e-05	9	rhamnulokinase, partial
6.51099881326e-05	9	multidrug transporter NorM
6.51099881326e-05	9	MULTISPECIES: bifunctional imidazole glycerol-phosphate dehydratase/histidinol phosphatase
6.51099881326e-05	9	putative 2OG-Fe(II) oxygenase
6.51099881326e-05	9	type II restriction enzyme methylase subunit
6.51099881326e-05	9	tellurium resistance protein TerZ
6.51099881326e-05	9	WxcM-like protein
6.51099881326e-05	9	PA-phosphatase-like phosphoesterase
6.51099881326e-05	9	MULTISPECIES: poly-beta-hydroxybutyrate polymerase
6.51099881326e-05	9	CDP-paratose 2-epimerase (CDP-tyvelose 2-epimerase)
6.51099881326e-05	9	phage DNA methyltransferase
6.51099881326e-05	9	aminoglycoside 3'-phosphotransferase
6.51099881326e-05	9	mannuronate-specific alginate lyase
6.51099881326e-05	9	3-dehydroshikimate dehydratase
6.51099881326e-05	9	MULTISPECIES: polysaccharide lyase
6.51099881326e-05	9	MULTISPECIES: DUF1737 domain-containing protein
6.51099881326e-05	9	MULTISPECIES: putative O-glycosylation ligase, exosortase A system-associated
6.51099881326e-05	9	antibiotic synthesis protein MbtH
6.51099881326e-05	9	MULTISPECIES: Alpha-tubulin suppressor and related RCC1 domain-containing protein-like protein
6.51099881326e-05	9	integrase site-specific recombinase
6.51099881326e-05	9	capsule polysaccharide biosynthesis protein
6.51099881326e-05	9	MULTISPECIES: DUF2911 domain-containing protein
6.51099881326e-05	9	DUF4946 domain-containing protein
6.51099881326e-05	9	NADH peroxidase
6.51099881326e-05	9	MULTISPECIES: type II toxin-antitoxin system MqsA family antitoxin
6.51099881326e-05	9	alkyl hydroperoxide reductase subunit F, partial
6.51099881326e-05	9	DUF269 domain-containing protein
6.51099881326e-05	9	MULTISPECIES: sodium/proline symporter
6.51099881326e-05	9	energry transducer TonB
6.51099881326e-05	9	MULTISPECIES: ATP-dependent DNA helicase PcrA
6.51099881326e-05	9	microcystin degradation protein MlrC, partial
6.51099881326e-05	9	ROK family protein, partial
6.51099881326e-05	9	putative adhesin
6.51099881326e-05	9	heme utilization protein HuvX
5.78755450068e-05	8	DUF1778 domain-containing protein, partial
5.78755450068e-05	8	MULTISPECIES: 3-methylcrotonyl-CoA carboxylase subunit alpha
5.78755450068e-05	8	Prokaryotic ATPase
5.78755450068e-05	8	putative type II secretion system protein F
5.78755450068e-05	8	sensor protein RstB
5.78755450068e-05	8	glycogen/starch/alpha-glucan family phosphorylase, partial
5.78755450068e-05	8	MULTISPECIES: DUF2857 domain-containing protein
5.78755450068e-05	8	MULTISPECIES: phage shock protein PspA
5.78755450068e-05	8	IS3 family transposase ISAfe7
5.78755450068e-05	8	translocation and assembly module TamB
5.78755450068e-05	8	carotenoid synthesis regulator CarF
5.78755450068e-05	8	MULTISPECIES: deaminase
5.78755450068e-05	8	hexokinase
5.78755450068e-05	8	MULTISPECIES: cytochrome oxidase I
5.78755450068e-05	8	MULTISPECIES: twin-arginine protein translocation system subunit TatC
5.78755450068e-05	8	3-oxo-5-alpha-steroid 4-dehydrogenase
5.78755450068e-05	8	smp-30/gluconolaconase/lre-like region-containing protein
5.78755450068e-05	8	rubredoxin reductase
5.78755450068e-05	8	taurine ABC transporter
5.78755450068e-05	8	gas vesicle protein K
5.78755450068e-05	8	MULTISPECIES: 2-dehydro-3-deoxy-phosphogluconate aldolase
5.78755450068e-05	8	GCN5-related N-acetyltransferase
5.78755450068e-05	8	Putative peptidoglycan binding domain protein
5.78755450068e-05	8	MULTISPECIES: transposase, partial
5.78755450068e-05	8	preprotein translocase SecA
5.78755450068e-05	8	MULTISPECIES: IS200/IS605 family transposase
5.78755450068e-05	8	TIGR03761 family integrating conjugative element protein
5.78755450068e-05	8	MULTISPECIES: Na+/galactose cotransporter
5.78755450068e-05	8	phage infection protein
5.78755450068e-05	8	transcriptional regulator Cbl
5.78755450068e-05	8	MULTISPECIES: ligand-gated channel
5.78755450068e-05	8	MULTISPECIES: Appr-1-p processing protein
5.78755450068e-05	8	MULTISPECIES: DUF748 domain-containing protein
5.78755450068e-05	8	DUF4089 domain-containing protein
5.78755450068e-05	8	MULTISPECIES: outer membrane lipoprotein LolB
5.78755450068e-05	8	SNA family membrane protein
5.78755450068e-05	8	MULTISPECIES: minor capsid protein E
5.78755450068e-05	8	benzoyl-CoA reductase
5.78755450068e-05	8	two-component hybrid sensor and regulator, partial
5.78755450068e-05	8	MULTISPECIES: hemin-degrading factor
5.78755450068e-05	8	MULTISPECIES: methionine sulfoxide reductase A
5.78755450068e-05	8	ATP-dependent DNA helicase UvrD1
5.78755450068e-05	8	DUF2709 domain-containing protein
5.78755450068e-05	8	phage endoprotease
5.78755450068e-05	8	ferredoxin-type protein NapG
5.78755450068e-05	8	MULTISPECIES: nitrogenase cofactor biosynthesis protein NifB
5.78755450068e-05	8	MULTISPECIES: secretion system protein Por
5.78755450068e-05	8	mobile mystery protein B
5.78755450068e-05	8	TolQ protein
5.78755450068e-05	8	IS21 family transposase ISGau7
5.78755450068e-05	8	IS1 transposase
5.78755450068e-05	8	MULTISPECIES: DUF898 domain-containing protein
5.78755450068e-05	8	MULTISPECIES: extradiol ring-cleavage dioxygenase
5.78755450068e-05	8	Cytochrome c oxidase, subunit I (fragment, part 2)
5.78755450068e-05	8	MULTISPECIES: cytochrome c, class I
5.78755450068e-05	8	MULTISPECIES: photosystem reaction center subunit H
5.78755450068e-05	8	M14 family peptidase precursor
5.78755450068e-05	8	dolichol kinase
5.78755450068e-05	8	DUF752 domain-containing protein
5.78755450068e-05	8	MULTISPECIES: sugar MFS transporter
5.78755450068e-05	8	MULTISPECIES: fructokinase
5.78755450068e-05	8	thiamine phosphate synthase, partial
5.78755450068e-05	8	MULTISPECIES: DUF1788 domain-containing protein
5.78755450068e-05	8	multidrug transporter EmrA
5.78755450068e-05	8	lantibiotic dehydratase
5.78755450068e-05	8	peptidase domain protein
5.78755450068e-05	8	MULTISPECIES: type-F conjugative transfer system protein TraW
5.78755450068e-05	8	voltage-gated chloride channel protein, partial
5.78755450068e-05	8	MULTISPECIES: pilin
5.78755450068e-05	8	MULTISPECIES: 2-hydroxycyclohexanecarboxyl-CoA dehydrogenase
5.78755450068e-05	8	protein ScoB
5.78755450068e-05	8	teichoic-acid-transporting ATPase
5.78755450068e-05	8	periplasmic ligand-binding sensor domain-containing protein
5.78755450068e-05	8	IS5 family transposase ISDde1
5.78755450068e-05	8	endothelin-converting protein 1
5.78755450068e-05	8	IS3 family transposase ISPam3
5.78755450068e-05	8	MULTISPECIES: six-hairpin glycosidase
5.78755450068e-05	8	acyl-protein synthase
5.78755450068e-05	8	flagellar hook-associated protein
5.78755450068e-05	8	tRNA (adenine57/58-N1)-methyltransferase
5.78755450068e-05	8	MULTISPECIES: chemotaxis protein CheB
5.78755450068e-05	8	short-chain acyl-CoA dehydrogenase
5.78755450068e-05	8	ZipA FtsZ-binding protein
5.78755450068e-05	8	carbohydrate ABC transporter, N-acetylglucosamine/diacetylchitobiose-binding protein
5.78755450068e-05	8	SpeB arginase/agmatinase/formimionoglutamate hydrolase SpeB
5.78755450068e-05	8	MvdD family ATP-grasp ribosomal peptide maturase
5.78755450068e-05	8	MULTISPECIES: polyphenol oxidase
5.78755450068e-05	8	hypothetical methylamine utilization protein
5.78755450068e-05	8	flagellar hook associated protein
5.78755450068e-05	8	MULTISPECIES: bacteriocin/lantibiotic ABC transporter ATP-binding protein
5.78755450068e-05	8	alkaline phosphatase D (APaseD)
5.78755450068e-05	8	tRNA (N(6)-L-threonylcarbamoyladenosine(37)-C(2))-methylthiotransferase MtaB, partial
5.78755450068e-05	8	MULTISPECIES: GMP synthase (glutamine-hydrolyzing), partial
5.78755450068e-05	8	MULTISPECIES: antirestriction protein ArdA
5.78755450068e-05	8	DUF4893 domain-containing protein
5.78755450068e-05	8	bifunctional xylanase/esterase
5.78755450068e-05	8	crtY protein
5.78755450068e-05	8	DNA polymerase III gamma/tau subunits-like protein
5.78755450068e-05	8	MULTISPECIES: DUF3037 domain-containing protein
5.78755450068e-05	8	MULTISPECIES: alpha-glucuronidase
5.78755450068e-05	8	hydroxymethylglutaryl-CoA lyase, partial
5.78755450068e-05	8	MULTISPECIES: DUF1697 domain-containing protein
5.78755450068e-05	8	cytochrome c oxidase cbb3-type subunit I/cytochrome c oxidase cbb3-type subunit II multi-domain protein
5.78755450068e-05	8	lipoprotein localization factor LolB
5.78755450068e-05	8	sodium dependent nucleoside transporter
5.78755450068e-05	8	ATP-dependent RNA helicase SrmB
5.78755450068e-05	8	MULTISPECIES: YbjQ family protein
5.78755450068e-05	8	methyltransferase, TIGR04325 family, partial
5.78755450068e-05	8	nitrite reductase, partial
5.78755450068e-05	8	MULTISPECIES: diaminobutyrate--2-oxoglutarate transaminase
5.78755450068e-05	8	IS3 family transposase ISAfe17
5.78755450068e-05	8	Fe-S cluster assembly scaffold protein NifU
5.78755450068e-05	8	MULTISPECIES: photosystem I assembly protein Ycf3
5.78755450068e-05	8	MULTISPECIES: DUF4258 domain-containing protein
5.78755450068e-05	8	oligopeptidase B, partial
5.78755450068e-05	8	MULTISPECIES: phenylacetate-CoA oxygenase subunit PaaI
5.78755450068e-05	8	spermidine/putrescine-binding periplasmic protein
5.78755450068e-05	8	glycosyltransferase family 9 (heptosyltransferase)
5.78755450068e-05	8	putative heme-binding domain protein
5.78755450068e-05	8	Ig-like group 1 domain-containing protein
5.78755450068e-05	8	MULTISPECIES: 2,4'-dihydroxyacetophenone dioxygenase
5.78755450068e-05	8	phage Mu F like family protein
5.78755450068e-05	8	MULTISPECIES: mycofactocin biosynthesis chaperone MftB
5.78755450068e-05	8	beta tubulin, autoregulation-binding site
5.78755450068e-05	8	cyclomaltodextrin glucanotransferase
5.78755450068e-05	8	2OG-F
5.78755450068e-05	8	MULTISPECIES: arabinan endo-1,5-alpha-L-arabinosidase
5.78755450068e-05	8	choline dehydrogenase BetA
5.78755450068e-05	8	MULTISPECIES: phosphonate C-P lyase system protein PhnG
5.78755450068e-05	8	2-oxo acid dehydrogenase
5.78755450068e-05	8	D-amino acid dehydrogenase DadA
5.78755450068e-05	8	NADH dehydrogenase (quinone) subunit G, partial
5.78755450068e-05	8	NB-ARC domain-containing protein
5.78755450068e-05	8	TetM/TetW/TetO/TetS family tetracycline resistance ribosomal protection protein
5.78755450068e-05	8	MULTISPECIES: Patatin
5.78755450068e-05	8	MULTISPECIES: CPBP family intramembrane metalloprotease domain-containing protein
5.78755450068e-05	8	coenzyme PQQ biosynthesis protein PqqF
5.78755450068e-05	8	convertase
5.78755450068e-05	8	ribonuclease III, partial
5.78755450068e-05	8	3-deoxy-D-manno-octulosonate 8-phosphate phosphatase (KDO 8-P phosphatase)
5.78755450068e-05	8	MULTISPECIES: glucan biosynthesis protein G
5.78755450068e-05	8	DUF3181 domain-containing protein
5.78755450068e-05	8	MULTISPECIES: TIR domain-containing protein
5.78755450068e-05	8	steroid Delta-isomerase
5.78755450068e-05	8	MULTISPECIES: multidrug transporter AcrB
5.78755450068e-05	8	glutamate synthetase
5.78755450068e-05	8	ABC exporter ATP-binding subunit, DevA family
5.78755450068e-05	8	polyketide synthase family protein
5.78755450068e-05	8	bifunctional protein Monooxygenase/ dehydrogenase
5.78755450068e-05	8	MULTISPECIES: photosystem I P700 chlorophyll a apoprotein A1
5.78755450068e-05	8	MULTISPECIES: protein-N(pi)-phosphohistidine--sugar phosphotransferase
5.78755450068e-05	8	DUF2094 domain-containing protein
5.78755450068e-05	8	pyruvate oxidoreductase
5.78755450068e-05	8	CTP--molybdopterin cytidylyltransferase
5.78755450068e-05	8	dimethylsulfoxide reductase
5.78755450068e-05	8	propionyl-CoA carboxylase subunit beta 5
5.78755450068e-05	8	DUF2790 domain-containing protein
5.78755450068e-05	8	kynurenine 3-monooxygenase, partial
5.78755450068e-05	8	ABC-F type ribosomal protection protein
5.78755450068e-05	8	MULTISPECIES: peptidase M24
5.78755450068e-05	8	bifunctional N-acetylglucosamine-1-phosphate uridyltransferase/glucosamine-1-phosphate acetyltransferase, partial
5.78755450068e-05	8	endo-beta-N-acetylglucosaminidase
5.78755450068e-05	8	WbqC-like family protein
5.78755450068e-05	8	NAD(P)H-quinone oxidoreductase subunit J
5.78755450068e-05	8	NADH-dependent flavin oxidoreductase
5.78755450068e-05	8	pilus assembly protein TapC
5.78755450068e-05	8	P-type HAD superfamily ATPase
5.78755450068e-05	8	MULTISPECIES: serine dehydratase
5.78755450068e-05	8	MULTISPECIES: type 1 fimbrial protein
5.78755450068e-05	8	MULTISPECIES: cation diffusion facilitator transporter
5.78755450068e-05	8	Ktr system potassium transporter B
5.78755450068e-05	8	SagB-type dehydrogenase
5.78755450068e-05	8	MULTISPECIES: NADPH-dependent F420 reductase
5.78755450068e-05	8	family 31 glycosyl hydrolase alpha-glucosidase
5.78755450068e-05	8	DUF4908 domain-containing protein
5.78755450068e-05	8	MULTISPECIES: AmpG family muropeptide MFS transporter
5.78755450068e-05	8	glutamine--fructose-6-phosphate aminotransferase, partial
5.78755450068e-05	8	MRP family ATP-binding protein, partial
5.78755450068e-05	8	MULTISPECIES: tungsten formylmethanofuran dehydrogenase
5.78755450068e-05	8	glutamyl- and glutaminyl-tRNA synthetase
5.78755450068e-05	8	MULTISPECIES: 30S ribosomal protein S30
5.78755450068e-05	8	ADP-dependent (S)-NAD(P)H-hydrate dehydratase
5.78755450068e-05	8	pyruvate/2-oxoglutarate dehydrogenase complex, dihydrolipoamide acyltransferase component
5.78755450068e-05	8	DeoR family transcriptional regulator, partial
5.78755450068e-05	8	H(+)-transporting ATPase
5.78755450068e-05	8	PhnA domain protein
5.78755450068e-05	8	FprA family A-type flavoprotein
5.78755450068e-05	8	cysteinyl-tRNA synthetase
5.78755450068e-05	8	4-hydroxybenzoate polyprenyltransferase-like prenyltransferase
5.78755450068e-05	8	MULTISPECIES: ECF transporter S component
5.78755450068e-05	8	kinase galactokinase/mevalonate kinase
5.78755450068e-05	8	NIF3 1
5.78755450068e-05	8	glycerol-3-phosphate cytidiltransferase
5.78755450068e-05	8	PAS fold family protein
5.78755450068e-05	8	MULTISPECIES: AGE family epimerase/isomerase
5.78755450068e-05	8	UDP-galactose phosphate transferase
5.78755450068e-05	8	MULTISPECIES: gluconate transporter
5.78755450068e-05	8	transport of long-chain fatty acid
5.78755450068e-05	8	theronine dehydrogenase-like Zn-dependent dehydrogenase
5.78755450068e-05	8	IS1595 family transposase ISLba1
5.78755450068e-05	8	NoeA host specific nodulation protein
5.78755450068e-05	8	putative two-component hybrid sensor and regulator
5.78755450068e-05	8	lysis protein, partial
5.78755450068e-05	8	5'-hydroxy kinase
5.78755450068e-05	8	acetate CoA-transferase YdiF
5.78755450068e-05	8	MULTISPECIES: molecular chaperone Tir
5.78755450068e-05	8	spermidine/putrescine ABC transporter substrate-binding protein PotD
5.78755450068e-05	8	cell wall-associated protein wapA
5.78755450068e-05	8	coenzyme F390 synthetase-like protein
5.78755450068e-05	8	Cna B domain-containing protein
5.78755450068e-05	8	DUF2513 domain-containing protein
5.78755450068e-05	8	MerP protein
5.78755450068e-05	8	NDP-sugar dehydratase or epimerase
5.78755450068e-05	8	MULTISPECIES: NTP-binding protein
5.78755450068e-05	8	translation initiation factor 1
5.78755450068e-05	8	SagB-type dehydrogenase domain-containing protein
5.78755450068e-05	8	outer envelope membrane protein
5.78755450068e-05	8	DUF3486 domain-containing protein
5.78755450068e-05	8	l-rhamnose-proton symporter
5.78755450068e-05	8	MULTISPECIES: gamma-glutamyl-gamma-aminobutyraldehyde dehydrogenase
5.78755450068e-05	8	MULTISPECIES: colicin V production protein
5.78755450068e-05	8	IS3 family transposase ISMsi4
5.78755450068e-05	8	GcrY protein
5.78755450068e-05	8	NHL repeat protein
5.78755450068e-05	8	GTPase ObgE, partial
5.78755450068e-05	8	Localization factor PodJS
5.78755450068e-05	8	neprilysin
5.78755450068e-05	8	DUF1427 domain-containing protein
5.78755450068e-05	8	MULTISPECIES: 4-oxalomesaconate tautomerase
5.78755450068e-05	8	poly(3-hydroxyalkanoate) granule-associated protein PhaI
5.78755450068e-05	8	DUF1729 domain-containing protein
5.78755450068e-05	8	MULTISPECIES: M3 family oligoendopeptidase
5.78755450068e-05	8	MULTISPECIES: acyl-CoA dehydrogenase, partial
5.78755450068e-05	8	HMGL-like family protein
5.78755450068e-05	8	septation protein IspZ
5.78755450068e-05	8	MULTISPECIES: hydroxyquinol 1,2-dioxygenase
5.78755450068e-05	8	prohead protease, partial
5.78755450068e-05	8	family 2 glycosyl transferase, partial
5.78755450068e-05	8	NADH dehydrogenase subunit
5.78755450068e-05	8	MULTISPECIES: competence protein ComEA
5.78755450068e-05	8	GAF and PAS/PAC sensor-containing adenylate/guanylate cyclase
5.78755450068e-05	8	magnesium chelatase subunit D
5.78755450068e-05	8	SusD family outer membrane lipoprotein NanU
5.78755450068e-05	8	MULTISPECIES: PAAR domain-containing protein
5.78755450068e-05	8	MULTISPECIES: LPS ABC transporter substrate-binding protein LptA
5.78755450068e-05	8	acido-empty-quinoprotein group A
5.78755450068e-05	8	HNH nuclease
5.78755450068e-05	8	MULTISPECIES: PH domain-containing protein
5.78755450068e-05	8	protein with WD40 repeat domain
5.78755450068e-05	8	MULTISPECIES: DUF2924 domain-containing protein
5.78755450068e-05	8	type II secretion protein ATPase
5.78755450068e-05	8	MULTISPECIES: antirepressor
5.78755450068e-05	8	DUF4867 domain-containing protein
5.78755450068e-05	8	A-macroglobulin complement component
5.78755450068e-05	8	formate dehydrogenase, partial
5.78755450068e-05	8	short-chain alcohol dehydrogenase
5.78755450068e-05	8	beta-ketothiolase BktB
5.78755450068e-05	8	phosphorylase kinase subunit alpha/beta
5.78755450068e-05	8	Na+/Pi-cotransporter
5.78755450068e-05	8	MULTISPECIES: amidotransferase 1, exosortase A system-associated
5.78755450068e-05	8	DUF2383 domain-containing protein
5.78755450068e-05	8	galactonate oxidoreductase
5.78755450068e-05	8	IS3 family transposase ISAau1
5.78755450068e-05	8	methanol utilization protein MoxY
5.78755450068e-05	8	cytochrome C-containing protein
5.78755450068e-05	8	MULTISPECIES: ribonucleotide reductase
5.78755450068e-05	8	MULTISPECIES: IS3 family transposase ISShsp3
5.78755450068e-05	8	colicin uptake protein
5.78755450068e-05	8	DUF1461 domain-containing protein
5.78755450068e-05	8	polysaccharide export periplasmic protein
5.78755450068e-05	8	GHKL domain-containing protein
5.78755450068e-05	8	methylase involved in ubiquinone/menaquinone biosynthesis
5.78755450068e-05	8	PMT family glycosyltransferase, 4-amino-4-deoxy-L-arabinose transferase
5.78755450068e-05	8	galactosyl-1-phosphate transferase
5.78755450068e-05	8	trans-splicing intein-formed DNA polymerase III subunit alpha C-terminal partner DnaE-C
5.78755450068e-05	8	bifunctional pyrimidine operon transcriptional regulator/uracil phosphoribosyltransferase
5.78755450068e-05	8	cyanobacterial porin
5.78755450068e-05	8	phosphoglucosamine mutase, partial
5.78755450068e-05	8	ferrichrome ABC transporter ATP-binding protein
5.78755450068e-05	8	bifunctional enzyme IspD/IspF
5.78755450068e-05	8	precorrin-6Y C5,15-methyltransferase (decarboxylating) subunit CbiT
5.78755450068e-05	8	MULTISPECIES: DUF2017 domain-containing protein
5.78755450068e-05	8	putative Phosphate ABC transporter, inner membrane subunit PstC
5.78755450068e-05	8	nucleotide cyclase
5.78755450068e-05	8	outer membrane protein, peptidoglycan-associated lipoprotein
5.78755450068e-05	8	poly(hydroxyalcanoate) granule associated protein
5.78755450068e-05	8	phage small subunit terminase
5.78755450068e-05	8	50S ribosomal protein L11, partial
5.78755450068e-05	8	divalent ion tolerance protein CutA
5.78755450068e-05	8	MULTISPECIES: urease accessory protein ureD
5.78755450068e-05	8	GIY-YIG catalytic domain protein
5.78755450068e-05	8	phosphate ABC transporter periplasmic protein
5.78755450068e-05	8	acetolactate synthase, partial
5.78755450068e-05	8	PDZ domain protein
5.78755450068e-05	8	4-hydroxyphenylacetate 3-monooxygenase, oxygenase component
5.78755450068e-05	8	carboxyl transferase domain protein
5.78755450068e-05	8	MULTISPECIES: MSHA biogenesis protein MshE
5.78755450068e-05	8	tRNA (adenosine(37)-N6)-threonylcarbamoyltransferase complex dimerization subunit type 1 TsaB, partial
5.78755450068e-05	8	NorD protein
5.78755450068e-05	8	MULTISPECIES: DUF4440 domain-containing protein
5.78755450068e-05	8	CfrBI family restriction endonuclease
5.78755450068e-05	8	secreted protein containing DUF1080
5.78755450068e-05	8	K+ transporter
5.78755450068e-05	8	MULTISPECIES: DNA-3-methyladenine glycosylase
5.78755450068e-05	8	DUF2280 domain-containing protein
5.78755450068e-05	8	lipoprotein precursor
5.78755450068e-05	8	sodium ABC transporter permease
5.78755450068e-05	8	DUF366 domain-containing protein
5.78755450068e-05	8	FtsW/RodA/SpoVE family cell cycle protein
5.78755450068e-05	8	hydrolase carbon-nitrogen family
5.78755450068e-05	8	lipoate--protein ligase A
5.78755450068e-05	8	MULTISPECIES: DNA invertase
5.78755450068e-05	8	MULTISPECIES: regulatory protein NosR
5.78755450068e-05	8	poly-beta-1,6-N-acetyl-D-glucosamine biosynthesis protein PgaD
5.78755450068e-05	8	ATP-binding domain protein
5.78755450068e-05	8	MULTISPECIES: xylulose kinase
5.78755450068e-05	8	MULTISPECIES: methylthioribulose 1-phosphate dehydratase
5.78755450068e-05	8	NADPH-protochlorophyllide oxidoreductase
5.78755450068e-05	8	uroporphyrinogen decarboxylase, partial
5.78755450068e-05	8	MULTISPECIES: damage-inducible protein DinB
5.78755450068e-05	8	coenzyme B12-binding protein
5.78755450068e-05	8	DUF2785 domain-containing protein
5.78755450068e-05	8	MULTISPECIES: acetoacetyl-CoA reductase
5.78755450068e-05	8	putative AAA family ATPase
5.78755450068e-05	8	MULTISPECIES: DUF2788 domain-containing protein
5.78755450068e-05	8	protein involved in tolerance to divalent cation
5.78755450068e-05	8	MULTISPECIES: putative 3-hydroxybutyryl-CoA dehydrogenase
5.78755450068e-05	8	MULTISPECIES: KH domain-containing protein
5.78755450068e-05	8	aromatic hydrocarbon degradation membrane protein
5.78755450068e-05	8	RND efflux transporter
5.78755450068e-05	8	LPS ABC transporter substrate-binding protein LptA
5.78755450068e-05	8	MULTISPECIES: o-succinylbenzoate--CoA ligase
5.78755450068e-05	8	MULTISPECIES: exporter
5.78755450068e-05	8	MULTISPECIES: curlin
5.78755450068e-05	8	cell wall surface anchor protein
5.78755450068e-05	8	N-acetylmuramic acid 6-phosphate phosphatase MupP
5.78755450068e-05	8	tRNA1(Val) (adenine(37)-N6)-methyltransferase
5.78755450068e-05	8	MULTISPECIES: divalent-cation tolerance protein CutA
5.78755450068e-05	8	tRNA dimethylallyltransferase, partial
5.78755450068e-05	8	MULTISPECIES: MacA family efflux pump subunit
5.78755450068e-05	8	Haloacid dehalogenase domain protein hydrolase
5.78755450068e-05	8	ABC transporter membrane fusion efflux protein
5.78755450068e-05	8	MULTISPECIES: sulfur oxidation protein SoxY
5.78755450068e-05	8	swarming motility protein
5.78755450068e-05	8	family 2 fatty acid desaturase
5.78755450068e-05	8	trehalose operon repressor
5.78755450068e-05	8	putative cell-adhesion protein (cadherin-like)
5.78755450068e-05	8	laminin G domain-containing protein
5.78755450068e-05	8	Rne/Rng family ribonuclease
5.78755450068e-05	8	citrate:proton symporter
5.78755450068e-05	8	glucose-1-phosphate adenylyltransferase subunit GlgD
5.78755450068e-05	8	MULTISPECIES: DNA recombination protein RecT
5.78755450068e-05	8	1,4-dihydroxy-2-naphthoate prenyltransferase
5.78755450068e-05	8	DUF4180 domain-containing protein
5.78755450068e-05	8	acetaldehyde dehydrogenase, partial
5.78755450068e-05	8	polyketide cyclase/dehydrase
5.78755450068e-05	8	MULTISPECIES: phospho-2-dehydro-3-deoxyheptonate aldolase
5.78755450068e-05	8	methionine-S-sulfoxide reductase
5.78755450068e-05	8	MULTISPECIES: catechol 2,3-dioxygenase
5.78755450068e-05	8	MULTISPECIES: class II poly(R)-hydroxyalkanoic acid synthase
5.78755450068e-05	8	MULTISPECIES: YgjV family protein
5.78755450068e-05	8	MULTISPECIES: baseplate assembly protein W
5.78755450068e-05	8	MULTISPECIES: PucR family transcriptional regulator
5.78755450068e-05	8	alpha-2-macroglobulin, partial
5.78755450068e-05	8	auxin-responsive protein
5.78755450068e-05	8	MULTISPECIES: copper transporter
5.78755450068e-05	8	bifunctional acetyl-CoA decarbonylase/synthase complex subunit alpha/beta
5.78755450068e-05	8	pyrroloquinoline quinone biosynthesis protein PqqD
5.78755450068e-05	8	ferredoxin III, nif-specific
5.78755450068e-05	8	IS630 family transposase ISRj1
5.78755450068e-05	8	positive regulator of sigma E, RseC/MucC
5.78755450068e-05	8	putrescine ABC transporter membrane protein
5.78755450068e-05	8	IS21 family transposase ISPa64
5.78755450068e-05	8	membrane protease regulator
5.78755450068e-05	8	molybdenum-dependent oxidoreductase molybdenum-binding subunit
5.78755450068e-05	8	two-component system response regulator protein-glutamate methylesterase
5.78755450068e-05	8	photosystem reaction center protein H
5.78755450068e-05	8	nucleoside-specific channel-forming protein Tsx
5.78755450068e-05	8	nitrogen fixation regulation protein fixK
5.78755450068e-05	8	cysteine desulfurase, NifS family
5.78755450068e-05	8	IS630 family transposase ISTer1
5.78755450068e-05	8	phosphonopyruvate hydrolase
5.78755450068e-05	8	sulfurtransferase complex subunit TusD
5.78755450068e-05	8	MULTISPECIES: peptidase S58 family protein
5.78755450068e-05	8	MULTISPECIES: MlrC family protein 3
5.78755450068e-05	8	GDP-L-fucose synthetase
5.78755450068e-05	8	MULTISPECIES: phasin
5.78755450068e-05	8	sarcosine oxidase subunit beta
5.78755450068e-05	8	MULTISPECIES: sulfotransferase family protein
5.78755450068e-05	8	MULTISPECIES: DNA topoisomerase I subunit omega
5.78755450068e-05	8	thioredoxin peroxidase
5.78755450068e-05	8	MULTISPECIES: dihydropyrimidine dehydrogenase subunit B
5.78755450068e-05	8	DUF2933 domain-containing protein
5.78755450068e-05	8	MULTISPECIES: low affinity iron permease family protein
5.78755450068e-05	8	sn-glycerol-3-phosphate transporter
5.78755450068e-05	8	potassium-transporting ATPase subunit F
5.78755450068e-05	8	cyclohex-1-ene-1-carboxylate:CoA ligase
5.78755450068e-05	8	protein kinase-like protein
5.78755450068e-05	8	IS3 family transposase ISPpr7
5.78755450068e-05	8	DUF4090 domain-containing protein
5.78755450068e-05	8	MULTISPECIES: alpha-1,2-mannosidase
5.78755450068e-05	8	N-acetylglucosamine-6-sulfatase
5.78755450068e-05	8	MULTISPECIES: DUF4407 domain-containing protein
5.78755450068e-05	8	amidophosphoribosyltransferase-like protein
5.78755450068e-05	8	adenylyl-sulfate reductase
5.78755450068e-05	8	chitosanase
5.78755450068e-05	8	MULTISPECIES: glucose-1-dehydrogenase
5.78755450068e-05	8	cytochrome B558 subunit A
5.78755450068e-05	8	MULTISPECIES: apocarotenoid-15,15'-oxygenase
5.78755450068e-05	8	amidinotransferase, partial
5.78755450068e-05	8	DUF4259 domain-containing protein
5.78755450068e-05	8	putative signal-transduction protein containing cAMP-binding and CBS domain protein
5.78755450068e-05	8	bifunctional deaminase-reductase domain protein
5.78755450068e-05	8	sodium:hydrogen antiporter
5.78755450068e-05	8	pyrrolo-quinoline quinone repeat-containing protein
5.78755450068e-05	8	segregation/condensation protein A, partial
5.78755450068e-05	8	cell wall assembly protein
5.78755450068e-05	8	uracil phosphoribosyltransferase/pyrimidine operon attenuation protein
5.78755450068e-05	8	MULTISPECIES: 3,4-dihydroxy-2-butanone 4-phosphate synthase
5.78755450068e-05	8	MULTISPECIES: TonB-dependent hemoglobin/transferrin/lactoferrin family receptor
5.78755450068e-05	8	MULTISPECIES: aspartate racemase
5.78755450068e-05	8	MULTISPECIES: Na+/glucose cotransporter
5.78755450068e-05	8	DUF3565 domain-containing protein
5.78755450068e-05	8	enzyme with aminotransferase class-III domain protein
5.78755450068e-05	8	oxidative stress regulatory protein OxyR
5.78755450068e-05	8	conjugal transfer protein TrbA
5.78755450068e-05	8	MULTISPECIES: DUF3482 domain-containing protein
5.78755450068e-05	8	MULTISPECIES: DUF3576 domain-containing protein
5.78755450068e-05	8	major outer membrane protein
5.78755450068e-05	8	transcriptional regulator PdhR
5.78755450068e-05	8	ABC transporter ATP-binding protein/permease, partial
5.78755450068e-05	8	glutamine synthetase, partial
5.78755450068e-05	8	Resuscitation-promoting factor Rpf2
5.78755450068e-05	8	dicarboxylate/amino acid:cation symporter, partial
5.78755450068e-05	8	MULTISPECIES: DUF2188 domain-containing protein
5.78755450068e-05	8	L-fuconolactone hydrolase
5.78755450068e-05	8	gliding motility protein GldA
5.78755450068e-05	8	sigmaB regulation protein RsbU
5.78755450068e-05	8	maltose/maltodextrin transport permease-like protein
5.78755450068e-05	8	tas protein
5.78755450068e-05	8	TIGR04028 family ABC transporter substrate-binding protein
5.78755450068e-05	8	DUF2781 domain-containing protein
5.78755450068e-05	8	membrane protein insertase
5.78755450068e-05	8	NADH/ubiquinone/plastoquinone
5.78755450068e-05	8	MULTISPECIES: tape measure domain-containing protein
5.78755450068e-05	8	MULTISPECIES: S-adenosylmethionine synthase
5.78755450068e-05	8	MULTISPECIES: glucosidase
5.78755450068e-05	8	MULTISPECIES: DUF1244 domain-containing protein
5.78755450068e-05	8	signal peptide peptidase A
5.78755450068e-05	8	50S ribosomal protein L31 type B
5.78755450068e-05	8	metallohydrolase
5.78755450068e-05	8	RNA polymerase sigma factor SigF
5.78755450068e-05	8	DUF1817 domain-containing protein
5.78755450068e-05	8	MULTISPECIES: sulfate adenylyltransferase subunit CysN
5.78755450068e-05	8	immunogenic protein precursor
5.78755450068e-05	8	B12-binding domain-containing radical SAM protein, partial
5.78755450068e-05	8	glutathione synthase, partial
5.78755450068e-05	8	TIGR03749 family integrating conjugative element protein
5.78755450068e-05	8	mandelate racemase, partial
5.78755450068e-05	8	DUF4918 domain-containing protein
5.78755450068e-05	8	riboflavin biosynthesis protein RibF, partial
5.78755450068e-05	8	MULTISPECIES: protein disulfide-isomerase
5.78755450068e-05	8	UDP-hexose transferase
5.78755450068e-05	8	DUF2945 domain-containing protein
5.78755450068e-05	8	MULTISPECIES: allophanate hydrolase subunit 1
5.78755450068e-05	8	MULTISPECIES: pyridoxal kinase
5.78755450068e-05	8	MULTISPECIES: filamentous hemagglutinin outer membrane protein
5.78755450068e-05	8	YbhB and YbcL
5.78755450068e-05	8	DUF1911 domain-containing protein
5.78755450068e-05	8	forkhead-associated protein
5.78755450068e-05	8	Di-glucose binding within endoplasmic reticulum
5.78755450068e-05	8	6-pyruvoyl tetrahydropterin synthase and hypothetical protein
5.78755450068e-05	8	pentapeptide repeat protein
5.78755450068e-05	8	taurine dioxygenase, partial
5.78755450068e-05	8	secreted protein containing Sulfatase
5.78755450068e-05	8	MULTISPECIES: RnfH family protein
5.78755450068e-05	8	ApaLI family restriction endonuclease
5.78755450068e-05	8	MULTISPECIES: recombinase XerD
5.78755450068e-05	8	tyrosine/tryptophan transporter
5.78755450068e-05	8	O-succinylbenzoic acid--CoA ligase, partial
5.78755450068e-05	8	PE-PGRS family protein
5.78755450068e-05	8	acetyl-CoA synthase subunit gamma
5.78755450068e-05	8	P4 family phage/plasmid primase
5.78755450068e-05	8	alkaline phosphatase synthesis sensor protein
5.78755450068e-05	8	secreted/surface protein with fasciclin-like repeat containing protein
5.78755450068e-05	8	MULTISPECIES: bifunctional adenosylcobinamide kinase/adenosylcobinamide-phosphate guanylyltransferase
5.78755450068e-05	8	MULTISPECIES: phytanoyl-CoA dioxygenase family protein
5.78755450068e-05	8	Outer membrane lipoprotein omp16 precursor
5.78755450068e-05	8	MULTISPECIES: LPS biosynthesis protein WbpP
5.78755450068e-05	8	Na+-transporting NADH:ubiquinone oxidoreductase, subunit NqrB
5.78755450068e-05	8	peptidase M1 membrane alanine aminopeptidase
5.78755450068e-05	8	phosphate starvation-inducible protein PsiH
5.78755450068e-05	8	MULTISPECIES: WD40 repeat domain-containing protein
5.78755450068e-05	8	nitrate/nitrite ABC transporter substrate-binding protein
5.78755450068e-05	8	uracil-DNA glycosylase, partial
5.78755450068e-05	8	tRNA/rRNA methyltransferase
5.78755450068e-05	8	MULTISPECIES: tRNA 2-methylthio-N6-isopentenyl adenosine(37) hydroxylase MiaE
5.78755450068e-05	8	guanylate kinase, partial
5.78755450068e-05	8	MULTISPECIES: flagellar hook-length control protein FliK
5.78755450068e-05	8	MULTISPECIES: carotenoid biosynthesis protein
5.78755450068e-05	8	plasmid partitioning protein
5.78755450068e-05	8	MULTISPECIES: isoprenylcysteine carboxylmethyltransferase family protein
5.78755450068e-05	8	type II secretion system protein GspL
5.78755450068e-05	8	lipid kinase YegS/Rv2252/BmrU family
5.78755450068e-05	8	beta-1,3-glucanase
5.78755450068e-05	8	enhanced entry protein EnhA
5.78755450068e-05	8	polysaccharide ABC transporter ATP-binding protein
5.78755450068e-05	8	pyrophosphatase PpaX
5.78755450068e-05	8	transcriptional activator adenine-specific DNA methyltransferase-like protein
5.78755450068e-05	8	conjugal transfer protein TraX
5.78755450068e-05	8	conjugal transfer protein TraL
5.78755450068e-05	8	conjugal transfer protein TraK
5.78755450068e-05	8	2,5-didehydrogluconate reductase A
5.78755450068e-05	8	SOS response UmuD protein
5.78755450068e-05	8	MULTISPECIES: guanosine-5'-triphosphate,3'-diphosphate pyrophosphatase
5.78755450068e-05	8	MULTISPECIES: hydratase
5.78755450068e-05	8	MULTISPECIES: EscJ/YscJ/HrcJ family type III secretion inner membrane ring protein
5.78755450068e-05	8	fatty acid desaturase, partial
5.78755450068e-05	8	exodeoxyribonuclease 7 small subunit
5.78755450068e-05	8	DUF928 domain-containing protein
5.78755450068e-05	8	M28 family aminopeptidase precursor
5.78755450068e-05	8	guanosine-5'-triphosphate,3'-diphosphate pyrophosphatase
5.78755450068e-05	8	MULTISPECIES: EscT/YscT/HrcT family type III secretion system export apparatus protein
5.78755450068e-05	8	copper-transporting ATPase
5.78755450068e-05	8	MULTISPECIES: DUF1566 domain-containing protein
5.78755450068e-05	8	TonB-dependent siderophore receptor, partial
5.78755450068e-05	8	TRAG family protein
5.78755450068e-05	8	putative aldose 1-epimerase
5.78755450068e-05	8	MULTISPECIES: pyruvate carboxylase subunit A
5.78755450068e-05	8	rhomboid family protein
5.78755450068e-05	8	cellulosome anchoring protein cohesin subunit
5.78755450068e-05	8	50S ribosomal protein L6, partial
5.78755450068e-05	8	DUF4781 domain-containing protein
5.78755450068e-05	8	lignostilbene-alpha,beta-dioxygenase
5.78755450068e-05	8	IS5 family transposase ISPna3
5.78755450068e-05	8	MULTISPECIES: Arc family DNA-binding protein
5.78755450068e-05	8	IS5 family transposase ISStma16
5.78755450068e-05	8	MULTISPECIES: hemoglobin
5.78755450068e-05	8	TRAP transporter, 4TM/12TM fusion protein, unknown substrate 1
5.78755450068e-05	8	iron transporter permease
5.78755450068e-05	8	MULTISPECIES: cytochrome c class I
5.78755450068e-05	8	MULTISPECIES: ribonucleoside triphosphate reductase
5.78755450068e-05	8	Cys/Met metabolism pyridoxal-phosphate-dependent enzyme
5.78755450068e-05	8	DNA repair nucleotidyltransferase/DNA polymerase-like protein
5.78755450068e-05	8	zinc-binding dehydrogenase, partial
5.78755450068e-05	8	acetolactate synthase catalytic subunit, partial
5.78755450068e-05	8	MULTISPECIES: thiamine diphosphokinase
5.78755450068e-05	8	polyamine ABC transporter inner membrane subunit
5.78755450068e-05	8	MULTISPECIES: alpha-ketoglutarate permease
5.78755450068e-05	8	dehydrogenase of unknown specificity, short-chain alcohol dehydrogenase
5.78755450068e-05	8	Mobile element protein
5.78755450068e-05	8	MULTISPECIES: peptidase M14 carboxypeptidase A
5.78755450068e-05	8	amine oxidase flavin-containing superfamily
5.78755450068e-05	8	DUF1919 domain-containing protein
5.78755450068e-05	8	2,5-didehydrogluconate reductase
5.78755450068e-05	8	branched-chain alpha-keto acid dehydrogenase
5.78755450068e-05	8	HAD-superfamily phosphatase, subfamily IIIC domain protein
5.78755450068e-05	8	DNA-binding transcriptional regulator FruR
5.78755450068e-05	8	FixH
5.78755450068e-05	8	putative endonuclease
5.78755450068e-05	8	phage related tail fiber protein
5.78755450068e-05	8	transcription antitermination regulator
5.78755450068e-05	8	plasmid stabilization system
5.78755450068e-05	8	glutamate formimidoyltransferase, partial
5.78755450068e-05	8	IS1182 family transposase ISVei6
5.78755450068e-05	8	chromosome replication initiator DnaA, partial
5.78755450068e-05	8	MULTISPECIES: 3-carboxy-cis,cis-muconate cycloisomerase
5.78755450068e-05	8	Tyrosine-protein kinase Wzc
5.78755450068e-05	8	MULTISPECIES: DUF3293 domain-containing protein
5.78755450068e-05	8	DUF4417 domain-containing protein
5.78755450068e-05	8	inosine monophosphate cyclohydrolase
5.78755450068e-05	8	UDP phosphate-alpha-4-amino-4-deoxy-L-arabinose arabinosyl transferase
5.78755450068e-05	8	MULTISPECIES: inhibition of morphological differentiation protein
5.78755450068e-05	8	non-ribosomal peptide synthase, partial
5.78755450068e-05	8	MULTISPECIES: amino acid dehydrogenase
5.78755450068e-05	8	dissimilatory-type sulfite reductase subunit alpha
5.78755450068e-05	8	pyruvate-flavodoxin oxidoreductase
5.78755450068e-05	8	MULTISPECIES: iron-sulfur cluster assembly scaffold protein NifU
5.78755450068e-05	8	IS3 family transposase ISHar1
5.78755450068e-05	8	arginine/ornithine succinyltransferase subunit alpha
5.78755450068e-05	8	MULTISPECIES: nucleoside transporter
5.78755450068e-05	8	Rieske (2Fe-2S) protein, partial
5.78755450068e-05	8	MULTISPECIES: addiction module antitoxin RelB
5.78755450068e-05	8	Glycosyltransferase 28 domain protein
5.78755450068e-05	8	double-strand break repair protein AddB, partial
5.78755450068e-05	8	glycerol-3-phosphate O-acyltransferase
5.78755450068e-05	8	MULTISPECIES: nitrate ABC transporter permease
5.78755450068e-05	8	polysaccharide/polyol phosphate ABC transporter ATPase
5.78755450068e-05	8	chaperone protein HscA
5.78755450068e-05	8	SNF2-like protein
5.78755450068e-05	8	carbohydrate biosynthesis protein
5.78755450068e-05	8	MULTISPECIES: DUF2306 domain-containing protein
5.78755450068e-05	8	indolepyruvate ferredoxin oxidoreductase, partial
5.78755450068e-05	8	DUF4225 domain-containing protein
5.78755450068e-05	8	arginine ABC transporter substrate-binding protein
5.78755450068e-05	8	sugar transferase, partial
5.78755450068e-05	8	sensory transduction histidine kinase
5.78755450068e-05	8	L-glutamine:2-deoxy-scyllo-inosose aminotransferase
5.78755450068e-05	8	type-F conjugative transfer system pilin assembly protein TrbC
5.78755450068e-05	8	NinG recombination protein
5.78755450068e-05	8	MULTISPECIES: threonine ammonia-lyase, biosynthetic
5.78755450068e-05	8	tyrosine-protein kinase in cps region
5.78755450068e-05	8	MULTISPECIES: RNA polymerase factor sigma-70
5.78755450068e-05	8	histidine/lysine/arginine/ornithine ABC transporter permease HisQ
5.78755450068e-05	8	type I secretion system permease/ATPase, partial
5.78755450068e-05	8	LPS assembly protein LptD
5.78755450068e-05	8	DUF1793 domain-containing protein
5.78755450068e-05	8	serine ammonia-lyase
5.78755450068e-05	8	aminopeptidase PepB
5.78755450068e-05	8	MULTISPECIES: DUF4406 domain-containing protein
5.78755450068e-05	8	RTX family exoprotein
5.78755450068e-05	8	D-mannose-1-phosphate guanyltransferase
5.78755450068e-05	8	HxcX atypical pseudopilin
5.78755450068e-05	8	RelE-like cytotoxic translational repressor of toxin-antitoxin stability system
5.78755450068e-05	8	MULTISPECIES: tRNA threonylcarbamoyladenosine biosynthesis protein RimN
5.78755450068e-05	8	MULTISPECIES: NfeD family protein
5.78755450068e-05	8	MULTISPECIES: acetoin dehydrogenase
5.78755450068e-05	8	benzoyl-CoA reductase subunit C
5.78755450068e-05	8	UV DNA damage repair endonuclease UvsE
5.78755450068e-05	8	acetamidase/formamidase
5.78755450068e-05	8	phage related lysozyme
5.78755450068e-05	8	WD-repeat family protein
5.78755450068e-05	8	MULTISPECIES: DUF3417 domain-containing protein
5.78755450068e-05	8	MULTISPECIES: cytochrome b559 subunit alpha
5.78755450068e-05	8	sugar O-acyltransferase sialic acid O-acetyltransferase NeuD family
5.78755450068e-05	8	biofilm formation protein PelB
5.78755450068e-05	8	porin, partial
5.78755450068e-05	8	MULTISPECIES: GSCFA domain protein
5.78755450068e-05	8	xyla
5.78755450068e-05	8	MULTISPECIES: glycine oxidase ThiO
5.78755450068e-05	8	Bcr/CflA family multidrug efflux transporter
5.78755450068e-05	8	chaperone
5.78755450068e-05	8	MULTISPECIES: DUF1656 domain-containing protein
5.78755450068e-05	8	peptidase m1 membrane alanine aminopeptidase
5.78755450068e-05	8	MULTISPECIES: allantoinase
5.78755450068e-05	8	Inactive glycosyl hydrolase family 18
5.78755450068e-05	8	MULTISPECIES: conjugal transfer protein TraR
5.78755450068e-05	8	MULTISPECIES: cold shock domain protein CspD
5.78755450068e-05	8	batC protein
5.78755450068e-05	8	MULTISPECIES: amino acid-binding protein
5.78755450068e-05	8	BNR repeat domain protein
5.78755450068e-05	8	NAD(P)H dehydrogenase (quinone)
5.78755450068e-05	8	6-hydroxycyclohex-1-ene-1-carbonyl-CoA dehydrogenase
5.78755450068e-05	8	bifunctional 5,10-methylene-tetrahydrofolate dehydrogenase/5,10-methylene-tetrahydrofolate cyclohydrolase, partial
5.78755450068e-05	8	phosphoenolpyruvate-protein phosphotransferase
5.78755450068e-05	8	outer membrane protein assembly factor BamE, partial
5.78755450068e-05	8	MULTISPECIES: cytochrome-c oxidase, cbb3-type subunit II
5.78755450068e-05	8	neopullulanase
5.78755450068e-05	8	type I-U CRISPR-associated protein Csx17
5.78755450068e-05	8	MULTISPECIES: NinG recombination protein
5.78755450068e-05	8	MULTISPECIES: protein phosphatase 2C domain-containing protein
5.78755450068e-05	8	DUF1576 domain-containing protein
5.78755450068e-05	8	hemolysin-type calcium-binding domain-containing protein
5.78755450068e-05	8	cadherin family protein
5.78755450068e-05	8	MULTISPECIES: ATP synthase epsilon chain
5.78755450068e-05	8	Tet(A)/Tet(B)/Tet(C) family tetracycline efflux MFS transporter
5.78755450068e-05	8	OsmC family protein, partial
5.78755450068e-05	8	MULTISPECIES: MucR family transcriptional regulator
5.78755450068e-05	8	MULTISPECIES: DUF3667 domain-containing protein
5.78755450068e-05	8	MULTISPECIES: DUF4065 domain-containing protein
5.78755450068e-05	8	sodium/alanine symporter protein
5.78755450068e-05	8	SAM-dependent methyltransferase TehB
5.78755450068e-05	8	glycoside hydrolase family 26
5.78755450068e-05	8	AI-2E family transporter, partial
5.78755450068e-05	8	DUF2382 domain-containing protein
5.78755450068e-05	8	sulfate/thiosulfate transporter subunit
5.78755450068e-05	8	MULTISPECIES: putative Fe-S cluster assembly protein SufT
5.78755450068e-05	8	methyl-accepting chemotaxis protein I
5.78755450068e-05	8	DUF4404 domain-containing protein
5.78755450068e-05	8	RAP domain/IstB-like ATP-binding protein
5.78755450068e-05	8	Hpt sensor hybrid histidine kinase
5.78755450068e-05	8	peptidase C14, partial
5.78755450068e-05	8	Signal transduction histidine kinase, nitrate/nitrite-specific, NarQ
5.78755450068e-05	8	teichoic acid biosynthesis protein
5.78755450068e-05	8	putative sporulation protein R
5.78755450068e-05	8	exopolyphosphatase, partial
5.78755450068e-05	8	DUF2380 domain-containing protein
5.78755450068e-05	8	DUF2149 domain-containing protein
5.78755450068e-05	8	homing nuclease
5.78755450068e-05	8	cyclodeaminase
5.78755450068e-05	8	restriction endonuclease HindVIIP subunit M
5.78755450068e-05	8	ISNCY family transposase ISMae2
5.78755450068e-05	8	MULTISPECIES: prohead core scaffolding protein and protease
5.78755450068e-05	8	filamentous hemagglutinin-like T5SS secreted protein
5.78755450068e-05	8	MULTISPECIES: DUF1345 domain-containing protein
5.78755450068e-05	8	DUF2400 domain-containing protein, partial
5.78755450068e-05	8	MULTISPECIES: anti-sigma regulatory factor
5.78755450068e-05	8	nuclease-like protein
5.78755450068e-05	8	caa(3)-type oxidase
5.78755450068e-05	8	DUF2871 domain-containing protein
5.78755450068e-05	8	amidase Asp-tRNAAsn/Glu-tRNAGln amidotransferase A subunit
5.78755450068e-05	8	multidrug transporter subunit MdtN
5.78755450068e-05	8	pyocin R2 PP, lytic enzyme
5.78755450068e-05	8	LPS A protein
5.78755450068e-05	8	MULTISPECIES: cystine transporter subunit
5.78755450068e-05	8	MULTISPECIES: DUF4347 domain-containing protein
5.78755450068e-05	8	MULTISPECIES: heme peroxidase
5.78755450068e-05	8	pentachlorophenol monooxygenase
5.78755450068e-05	8	nickel ABC transporter permease subunit NikB
5.78755450068e-05	8	gp88
5.78755450068e-05	8	DUF4241 domain-containing protein
5.78755450068e-05	8	MULTISPECIES: levanase
5.78755450068e-05	8	phosphate:sodium symporter
5.78755450068e-05	8	acetolactate synthase, large subunit, biosynthetic type, partial
5.78755450068e-05	8	MULTISPECIES: DUF1465 domain-containing protein
5.78755450068e-05	8	pyruvate-binding protein
5.78755450068e-05	8	integrase or site-specific recombinase
5.78755450068e-05	8	secreted surface metalloprotease
5.78755450068e-05	8	phosphonate-transporting ATPase
5.78755450068e-05	8	subtype I-B CRISPR-associated endonuclease Cas1
5.78755450068e-05	8	alpha-amylase/alpha-mannosidase
5.78755450068e-05	8	sirohydrochlorin cobaltochelatase
5.78755450068e-05	8	heme transporter
5.78755450068e-05	8	ETC complex subunit I
5.78755450068e-05	8	MULTISPECIES: IS3 family transposase ISJsp1
5.78755450068e-05	8	lipoprotein transmembrane
5.78755450068e-05	8	MULTISPECIES: homocitrate synthase
5.78755450068e-05	8	MULTISPECIES: molybdenum cofactor biosynthesis protein
5.78755450068e-05	8	molybdenum import ATP-binding protein ModC
5.78755450068e-05	8	IS3 family transposase ISGbe1
5.78755450068e-05	8	denitrification system component NirT
5.78755450068e-05	8	MULTISPECIES: bifunctional glutamine-synthetase adenylyltransferase/deadenyltransferase
5.78755450068e-05	8	restriction endonuclease Sau3AI
5.78755450068e-05	8	MltA domain-containing protein
5.78755450068e-05	8	alcaligin biosynthesis protein
5.78755450068e-05	8	putative serine metalloprotease precursor
5.78755450068e-05	8	50S ribosomal protein L17, partial
5.78755450068e-05	8	MULTISPECIES: glutamate synthase (NADPH), homotetrameric
5.78755450068e-05	8	1-deoxy-D-xylulose-5-phosphate reductoisomerase, partial
5.78755450068e-05	8	purine-cytosine permease-like transporter
5.78755450068e-05	8	menaquinone biosynthesis methyltransferase related protein
5.78755450068e-05	8	large repetitive protein YeeJ
5.78755450068e-05	8	2-keto-D-gluconate dehydrogenase
5.78755450068e-05	8	DNA endonuclease SmrA
5.78755450068e-05	8	base excision DNA repair protein
5.78755450068e-05	8	virB8 family protein
5.78755450068e-05	8	anthranilate 1,2-dioxygenase small subunit
5.78755450068e-05	8	hydro-lyase, Fe-S type, tartrate/fumarate subfamily, beta region domain protein
5.06411018809e-05	7	MULTISPECIES: HAAAP family serine/threonine permease
5.06411018809e-05	7	IS3 family transposase ISBcen21
5.06411018809e-05	7	HAF repeat/PEP-CTERM domain-containing protein
5.06411018809e-05	7	S-(hydroxymethyl)glutathione synthase
5.06411018809e-05	7	chemotaxis methyltransferase CheR
5.06411018809e-05	7	P4 alpha zinc-binding domain protein
5.06411018809e-05	7	heme/copper-type cytochrome/quinol oxidase subunit 3
5.06411018809e-05	7	Vitamin B12-dependent ribonucleotide reductase
5.06411018809e-05	7	3,4-dihydroxy-2-butanone-4-phosphate synthase, partial
5.06411018809e-05	7	IS3 family transposase ISStma17
5.06411018809e-05	7	iron siderophore ABC transporter substrate-binding protein
5.06411018809e-05	7	MULTISPECIES: fimbrial chaperone protein
5.06411018809e-05	7	acetoin reductase
5.06411018809e-05	7	peptidoglycan-binding protein LysM, partial
5.06411018809e-05	7	MULTISPECIES: penicillin-binding protein 1B
5.06411018809e-05	7	MULTISPECIES: protein-disulfide reductase DsbD
5.06411018809e-05	7	multidrug ABC transporter ATP-binding protein, partial
5.06411018809e-05	7	shikimate transporter
5.06411018809e-05	7	anion permease, partial
5.06411018809e-05	7	Superfamily I DNA and RNA helicase and helicase subunits
5.06411018809e-05	7	DUF3539 domain-containing protein
5.06411018809e-05	7	autoinducer kinase
5.06411018809e-05	7	calx-beta domain-containing protein
5.06411018809e-05	7	site-specific recombinase resolvase
5.06411018809e-05	7	MULTISPECIES: phosphatidylglycerophosphatase
5.06411018809e-05	7	phenylacetic acid catabolic
5.06411018809e-05	7	photosystem I reaction center subunit PsaK
5.06411018809e-05	7	endothelin-converting enzyme
5.06411018809e-05	7	D-alanyl transfer protein
5.06411018809e-05	7	DUF3077 domain-containing protein
5.06411018809e-05	7	glyoxalase-like domain protein
5.06411018809e-05	7	type I polyketide synthase WcbR
5.06411018809e-05	7	DUF2278 domain-containing protein
5.06411018809e-05	7	SCP2 domain-containing protein
5.06411018809e-05	7	peptidase S12
5.06411018809e-05	7	MULTISPECIES: UDP-forming cellulose synthase catalytic subunit
5.06411018809e-05	7	acyl-activating protein
5.06411018809e-05	7	flavoprotein, partial
5.06411018809e-05	7	DUF3798 domain-containing protein
5.06411018809e-05	7	sialate O-acetylesterase, partial
5.06411018809e-05	7	MULTISPECIES: transpeptidase
5.06411018809e-05	7	Tetratricopeptide domain protein
5.06411018809e-05	7	pyruvate/2-oxoglutarate dehydrogenase complex, dehydrogenase component subunit beta
5.06411018809e-05	7	NAD-dependent malic enzyme 4
5.06411018809e-05	7	IS5 family transposase ISBj2
5.06411018809e-05	7	IS5 family transposase ISAba37
5.06411018809e-05	7	protein of unknown function DUF752
5.06411018809e-05	7	phosphonate metabolism protein PhnP
5.06411018809e-05	7	flagellar biogenesis protein
5.06411018809e-05	7	IS3 family transposase ISMpe1
5.06411018809e-05	7	unusual protein kinase
5.06411018809e-05	7	glycosylhydrolase-like protein
5.06411018809e-05	7	MULTISPECIES: DUF2156 domain-containing protein
5.06411018809e-05	7	MULTISPECIES: Na+/H+ antiporter subunit G
5.06411018809e-05	7	MULTISPECIES: pilus assembly protein PilP
5.06411018809e-05	7	photosystem II extrinsic protein
5.06411018809e-05	7	LytR family transcriptional regulator, partial
5.06411018809e-05	7	amine acid ABC transporter permease
5.06411018809e-05	7	DUF2138 domain-containing protein
5.06411018809e-05	7	N-acetylneuraminate cytidylyltransferase
5.06411018809e-05	7	nodulation protein nolNO
5.06411018809e-05	7	MULTISPECIES: addiction module antitoxin
5.06411018809e-05	7	sterol desaturase, partial
5.06411018809e-05	7	type III site-specific deoxyribonuclease restriction subunit
5.06411018809e-05	7	hydroxyneurosporene desaturase
5.06411018809e-05	7	tungsten formylmethanofuran dehydrogenase, partial
5.06411018809e-05	7	PUR-alpha/beta/gamma DNA/RNA-binding
5.06411018809e-05	7	nitrate oxidoreductase subunit alpha
5.06411018809e-05	7	putative RNA helicase
5.06411018809e-05	7	3-oxoadipate enol-lactone hydrolase/4-carboxymuconolactone decarboxylase
5.06411018809e-05	7	MULTISPECIES: alginate O-acetyltransferase
5.06411018809e-05	7	oxygen-independent coproporphyrinogen III oxidase, partial
5.06411018809e-05	7	L-methionine/branched-chain amino acid transporter
5.06411018809e-05	7	mechanosensitive ion channel component
5.06411018809e-05	7	type III-A CRISPR-associated protein Cas10/Csm1
5.06411018809e-05	7	MULTISPECIES: flagellar biosynthesis protein FlhF
5.06411018809e-05	7	MULTISPECIES: long-chain fatty acid transporter
5.06411018809e-05	7	nitrous oxide reductase accessory protein NosL
5.06411018809e-05	7	MULTISPECIES: imidazole glycerol phosphate synthase, glutamine amidotransferase subunit
5.06411018809e-05	7	MULTISPECIES: riboflavin synthase subunit beta
5.06411018809e-05	7	LexA family transcriptional regulator
5.06411018809e-05	7	trans-splicing intein-formed DNA polymerase III subunit alpha N-terminal partner DnaE-N, partial
5.06411018809e-05	7	cyclopentanone 1,2-monooxygenase
5.06411018809e-05	7	MULTISPECIES: IS66 family insertion sequence hypothetical protein
5.06411018809e-05	7	DUF2723 domain-containing protein, partial
5.06411018809e-05	7	DUF4488 domain-containing protein
5.06411018809e-05	7	MULTISPECIES: xylan 1,4-beta-xylosidase
5.06411018809e-05	7	translation elongation factor
5.06411018809e-05	7	poly(beta-D-mannuronate) lyase
5.06411018809e-05	7	hydrolase, CocE/NonD family
5.06411018809e-05	7	nitric oxide reductase large subunit
5.06411018809e-05	7	MULTISPECIES: endoribonuclease L-PSP
5.06411018809e-05	7	Flp pilus assembly protein TadA
5.06411018809e-05	7	prepilin-type N-terminal cleavage/methylation domain protein
5.06411018809e-05	7	MULTISPECIES: formimidoylglutamase
5.06411018809e-05	7	LacX-like protein
5.06411018809e-05	7	polysaccharide biosynthesis protein GumN
5.06411018809e-05	7	polysaccharide biosynthesis protein GumM
5.06411018809e-05	7	PAN domain protein
5.06411018809e-05	7	TRAP transporter
5.06411018809e-05	7	PRTRC system protein B
5.06411018809e-05	7	UDP-sulfoquinovose synthase
5.06411018809e-05	7	pyruvate, phosphate dikinase regulatory protein
5.06411018809e-05	7	tripartite tricarboxylate transporter TctA, partial
5.06411018809e-05	7	exonuclease RexA
5.06411018809e-05	7	16S rRNA (guanine(966)-N(2))-methyltransferase
5.06411018809e-05	7	AMP-binding enzyme family protein
5.06411018809e-05	7	DUF2492 domain-containing protein
5.06411018809e-05	7	subunit of meta cleavage enzyme
5.06411018809e-05	7	oxidoreductase SDR family
5.06411018809e-05	7	ferredoxin oxidoreductase
5.06411018809e-05	7	translation elongation factor G, partial
5.06411018809e-05	7	Large exoproteins involved in heme utilization or adhesion
5.06411018809e-05	7	DUF3846 domain-containing protein
5.06411018809e-05	7	Terminase
5.06411018809e-05	7	macrolide export ATP-binding/permease MacB
5.06411018809e-05	7	phage prohead protease, HK97 family
5.06411018809e-05	7	toxin secretion ATP-binding protein
5.06411018809e-05	7	branched-chain amino acid--2-keto-4-methylthiobutyrate aminotransferase
5.06411018809e-05	7	16S rRNA (cytosine(1407)-C(5))-methyltransferase RsmF
5.06411018809e-05	7	Two component regulator three Y motif family
5.06411018809e-05	7	tetrathionate reductase subunit A
5.06411018809e-05	7	MULTISPECIES: Por secretion system C-terminal sorting domain containing protein
5.06411018809e-05	7	MULTISPECIES: 23S rRNA (guanine(2445)-N(2))/(guanine(2069)-N(7))-methyltransferase
5.06411018809e-05	7	dehalogenase
5.06411018809e-05	7	N-acetylmuramyl-L-alanine amidase, negative regulator of AmpC, AmpD
5.06411018809e-05	7	type II secretion system F domain-containing protein
5.06411018809e-05	7	MULTISPECIES: dihydroneopterin triphosphate 2'-epimerase
5.06411018809e-05	7	MULTISPECIES: protein-export protein SecB
5.06411018809e-05	7	carotenoid isomerase
5.06411018809e-05	7	collagen-like triple helix repeat-containing protein
5.06411018809e-05	7	putative methionine--tRNA ligase
5.06411018809e-05	7	ferredoxin-NAD reductase
5.06411018809e-05	7	viral A-type inclusion protein
5.06411018809e-05	7	NADH-ubiquinone/plastoquinone oxidoreductase subunit 6
5.06411018809e-05	7	MULTISPECIES: TIGR02302 family protein
5.06411018809e-05	7	MULTISPECIES: energy-coupling factor transporter transmembrane protein EcfT
5.06411018809e-05	7	4Fe-4S single cluster domain protein
5.06411018809e-05	7	MULTISPECIES: malonyl
5.06411018809e-05	7	TIGR03759 family integrating conjugative element protein
5.06411018809e-05	7	putative signal peptidase II
5.06411018809e-05	7	MULTISPECIES: DUF3696 domain-containing protein
5.06411018809e-05	7	MULTISPECIES: molecular chaperone DjlA
5.06411018809e-05	7	N-acetylgalactosamine-6-sulfate sulfatase
5.06411018809e-05	7	MULTISPECIES: proteasome accessory factor PafA2
5.06411018809e-05	7	MltA-interacting MipA
5.06411018809e-05	7	MULTISPECIES: phage terminase large subunit
5.06411018809e-05	7	hemolysin, partial
5.06411018809e-05	7	transferase hexapeptide repeat protein
5.06411018809e-05	7	Hyalin
5.06411018809e-05	7	putative cytochrome c-type biogenesis protein CcsB
5.06411018809e-05	7	YjbF family lipoprotein
5.06411018809e-05	7	DNA gyrase B subunit C-terminal domain protein
5.06411018809e-05	7	type V CRISPR-associated protein Cas4
5.06411018809e-05	7	ATP synthase F0F1 subunit B
5.06411018809e-05	7	methylaspartate ammonia-lyase
5.06411018809e-05	7	MULTISPECIES: galactosyldiacylglycerol synthase
5.06411018809e-05	7	cache sensor signal transduction histidine kinase
5.06411018809e-05	7	DUF2390 domain-containing protein
5.06411018809e-05	7	DUF1670 domain-containing protein
5.06411018809e-05	7	propionate CoA-transferase
5.06411018809e-05	7	helicase helY
5.06411018809e-05	7	MULTISPECIES: class I fructose-bisphosphate aldolase
5.06411018809e-05	7	thiol:disulfide interchange protein DsbE
5.06411018809e-05	7	MULTISPECIES: sulfurtransferase TusE
5.06411018809e-05	7	MULTISPECIES: flagellar hook protein FliD
5.06411018809e-05	7	MULTISPECIES: phosphoenolpyruvate--protein phosphotransferase PtsP
5.06411018809e-05	7	flagellar transcriptional activator FlhD
5.06411018809e-05	7	Trk-type K+ transport system, membrane component
5.06411018809e-05	7	MULTISPECIES: DUF2332 domain-containing protein
5.06411018809e-05	7	Zeta toxin
5.06411018809e-05	7	MULTISPECIES: phosphopantothenate synthase
5.06411018809e-05	7	MULTISPECIES: ABC transporter ATPase
5.06411018809e-05	7	fructan hydrolase
5.06411018809e-05	7	bifunctional dihydropteridine reductase/dihydrofolate reductase TmpR
5.06411018809e-05	7	MULTISPECIES: cadmium transporter
5.06411018809e-05	7	TrapT family, dctP subunit, C4-dicarboxylate periplasmic binding protein
5.06411018809e-05	7	MULTISPECIES: BioY family transporter
5.06411018809e-05	7	PBP family phospholipid-binding protein
5.06411018809e-05	7	class II glutamine amidotransferase, partial
5.06411018809e-05	7	peroxiredoxin, partial
5.06411018809e-05	7	bifunctional proline dehydrogenase/L-glutamate gamma-semialdehyde dehydrogenase, partial
5.06411018809e-05	7	MULTISPECIES: catalase-related peroxidase
5.06411018809e-05	7	MULTISPECIES: dihyrolipoamide dehydrogenase-like protein
5.06411018809e-05	7	flagellar hook-basal body protein FliE
5.06411018809e-05	7	MULTISPECIES: ASCH domain-containing protein
5.06411018809e-05	7	extra-cytoplasmic solute receptor
5.06411018809e-05	7	antirestriction protein ArdC
5.06411018809e-05	7	DUF1818 domain-containing protein
5.06411018809e-05	7	glucan endo-1,6-beta-glucosidase
5.06411018809e-05	7	cyclomaltodextrinase
5.06411018809e-05	7	Outer membrane autotransporter barrel
5.06411018809e-05	7	RepB family plasmid replication initiator protein, partial
5.06411018809e-05	7	SPFH domain, Band 7 family protein
5.06411018809e-05	7	crystallin J1
5.06411018809e-05	7	alcohol dehydrogenase zinc-binding domain-containing protein
5.06411018809e-05	7	P-type ATPase
5.06411018809e-05	7	excinuclease ABC subunit UvrC
5.06411018809e-05	7	16S rRNA-processing protein RimM
5.06411018809e-05	7	integration host factor MihF
5.06411018809e-05	7	oxidoreductase molybdopterin subunit
5.06411018809e-05	7	ubiquitin-like protein Pup
5.06411018809e-05	7	MULTISPECIES: ETC complex I subunit
5.06411018809e-05	7	MglA protein
5.06411018809e-05	7	thiazole biosynthesis protein ThiF
5.06411018809e-05	7	DUF2290 domain-containing protein
5.06411018809e-05	7	MULTISPECIES: His-Xaa-Ser system radical SAM maturase HxsB
5.06411018809e-05	7	Fe-S cluster containing protein
5.06411018809e-05	7	NADH:ubiquinone oxidoreductase 24 kD subunit
5.06411018809e-05	7	Serine phosphatase RsbU, regulator of sigma subunit
5.06411018809e-05	7	30S ribosomal protein S12 methylthiotransferase accessory factor YcaO
5.06411018809e-05	7	MULTISPECIES: sulfate transporter subunit
5.06411018809e-05	7	iron-dicitrate transporter subunit FecD
5.06411018809e-05	7	MULTISPECIES: DUF4031 domain-containing protein
5.06411018809e-05	7	MULTISPECIES: ADP-ribosylglycohydrolase family protein
5.06411018809e-05	7	MULTISPECIES: Fe2+-dependent dioxygenase
5.06411018809e-05	7	MULTISPECIES: glycine/betaine ABC transporter permease
5.06411018809e-05	7	MULTISPECIES: DUF91 domain-containing protein
5.06411018809e-05	7	isochorismatase, partial
5.06411018809e-05	7	RNA nucleotidyltransferase
5.06411018809e-05	7	teicoplanin resistance protein VanZ, partial
5.06411018809e-05	7	MULTISPECIES: homocysteine S-methyltransferase
5.06411018809e-05	7	IS66 family insertion sequence hypothetical protein
5.06411018809e-05	7	lipopolysaccharide O-antigen ABC transport system transmembrane component
5.06411018809e-05	7	putative two-component system sensor histidine kinase
5.06411018809e-05	7	alfa-L-rhamnosidase RamA
5.06411018809e-05	7	secreted protein containing DUF1592
5.06411018809e-05	7	MULTISPECIES: sodium:calcium symporter
5.06411018809e-05	7	spermidine/putrescine transport system, permease
5.06411018809e-05	7	MULTISPECIES: potassium-transporting ATPase subunit C
5.06411018809e-05	7	uroporphyrinogen-III synthase, partial
5.06411018809e-05	7	AhpC/TSA family protein
5.06411018809e-05	7	putative phosphohydrolase
5.06411018809e-05	7	MULTISPECIES: DUF3253 domain-containing protein
5.06411018809e-05	7	NADH-quinone oxidoreductase subunit F, partial
5.06411018809e-05	7	MULTISPECIES: TctC
5.06411018809e-05	7	helicase type I site-specific restriction-modification system restriction subunit
5.06411018809e-05	7	MULTISPECIES: nitrogenase molybdenum-iron protein alpha chain
5.06411018809e-05	7	MULTISPECIES: flagella basal body P-ring formation protein FlgA
5.06411018809e-05	7	nickel-type superoxide dismutase maturation protease
5.06411018809e-05	7	hemagglutination protein, partial
5.06411018809e-05	7	GHKL domain protein
5.06411018809e-05	7	DNA/RNA helicase superfamily II, partial
5.06411018809e-05	7	SpoVR-like protein
5.06411018809e-05	7	thiamine pyrophosphate-binding protein, partial
5.06411018809e-05	7	30S ribosomal protein S10, partial
5.06411018809e-05	7	cytochrome bd-I oxidase subunit CydX
5.06411018809e-05	7	DUF4416 domain-containing protein
5.06411018809e-05	7	sodium/hydrogen exchanger family protein
5.06411018809e-05	7	anchor NAD-dependent epimerase/dehydratase/dehydrogenase
5.06411018809e-05	7	RND efflux system, hypothetical protein, NodT family
5.06411018809e-05	7	MULTISPECIES: peptidoglycan bridge formation protein FemAB
5.06411018809e-05	7	conserved domain protein, partial
5.06411018809e-05	7	secretion protein Por
5.06411018809e-05	7	bifunctional glutamine amidotransferase/anthranilate phosphoribosyltransferase
5.06411018809e-05	7	branched-chain amino acid-binding protein
5.06411018809e-05	7	UDP-N-acetylmuramyl pentapeptide phosphotransferase
5.06411018809e-05	7	prop effector
5.06411018809e-05	7	proline/betaine transporter
5.06411018809e-05	7	MULTISPECIES: peptidyl-dipeptidase
5.06411018809e-05	7	Carbohydrate kinase, FGGY
5.06411018809e-05	7	DUF3140 domain-containing protein
5.06411018809e-05	7	zinc transporter substrate-binding protein
5.06411018809e-05	7	phospholipid phosphatase
5.06411018809e-05	7	RNA polymerase primary sigma factor
5.06411018809e-05	7	MULTISPECIES: allantoate amidohydrolase
5.06411018809e-05	7	MULTISPECIES: 16S rRNA maturation RNase YbeY
5.06411018809e-05	7	serine carboxypeptidase
5.06411018809e-05	7	sodium/bile acid symporter family protein
5.06411018809e-05	7	gamma-glutamyltranspeptidase 3
5.06411018809e-05	7	MULTISPECIES: chlorophyllide a reductase iron protein subunit X
5.06411018809e-05	7	surfeit locus 1 family protein
5.06411018809e-05	7	FAD/FMN-binding family oxidoreductase
5.06411018809e-05	7	branched chain amino acid ABC transporter substrate-binding protein, partial
5.06411018809e-05	7	TonB-dependent receptor domain protein
5.06411018809e-05	7	redox-active disulfide protein 2
5.06411018809e-05	7	MULTISPECIES: low temperature requirement protein A
5.06411018809e-05	7	MULTISPECIES: dihydrolipoamide acetyltransferase
5.06411018809e-05	7	DNA-binding transcriptional regulator AraC
5.06411018809e-05	7	DUF1161 domain-containing protein
5.06411018809e-05	7	nucleotide sugar epimerase, partial
5.06411018809e-05	7	MULTISPECIES: manganese transporter
5.06411018809e-05	7	4-hydroxytetrahydrobiopterin dehydratase
5.06411018809e-05	7	MULTISPECIES: homospermidine synthase
5.06411018809e-05	7	NAD(P)H-hydrate dehydratase, partial
5.06411018809e-05	7	S-adenosylmethionine uptake transporter
5.06411018809e-05	7	fibrillin, partial
5.06411018809e-05	7	MULTISPECIES: histidine phosphotransferase
5.06411018809e-05	7	phosphate starvation-induced protein PhoH
5.06411018809e-05	7	iron-siderophore ABC transporter permease
5.06411018809e-05	7	pyrimidine reductase
5.06411018809e-05	7	DUF2748 domain-containing protein
5.06411018809e-05	7	tRNA-Thr(GGU) m(6)t(6)A37 methyltransferase TsaA
5.06411018809e-05	7	dihydrolipoyllysine-residue acetyltransferase component of pyruvate dehydrogenase complex
5.06411018809e-05	7	primosome assembly protein PriA, partial
5.06411018809e-05	7	succinate-semialdehyde dehydrogenase, partial
5.06411018809e-05	7	molybdopterin biosynthesis protein MoeD
5.06411018809e-05	7	molybdopterin biosynthesis protein MoeA
5.06411018809e-05	7	glucose-6-phosphate 1-dehydrogenase
5.06411018809e-05	7	GTP-binding protein YchF, partial
5.06411018809e-05	7	nitrogen fixation specific regulatory protein NifA
5.06411018809e-05	7	LWXIA domain-containing protein
5.06411018809e-05	7	50S ribosomal protein L20, partial
5.06411018809e-05	7	TonB dependent outer membrane protein
5.06411018809e-05	7	putative acyltransferase
5.06411018809e-05	7	macrolide transporter ATP-binding /permease protein
5.06411018809e-05	7	MULTISPECIES: assimilatory sulfite reductase (NADPH) hemoprotein subunit
5.06411018809e-05	7	MULTISPECIES: DUF3089 domain-containing protein
5.06411018809e-05	7	MULTISPECIES: 2-hydroxy-6-oxo-2,4-heptadienoate hydrolase
5.06411018809e-05	7	MULTISPECIES: glycerol-3-phosphate transporter
5.06411018809e-05	7	alanine aminopeptidase
5.06411018809e-05	7	ornithine carbamoyltransferase, partial
5.06411018809e-05	7	bifunctional NADP-dependent methylenetetrahydromethanopterin dehydrogenase/methylenetetrahydrofolate dehydrogenase
5.06411018809e-05	7	CREA protein
5.06411018809e-05	7	ExeA protein
5.06411018809e-05	7	NC domain-containing protein
5.06411018809e-05	7	cys regulon transcriptional activator-related protein
5.06411018809e-05	7	oxygenase large subunit of salicylate 5-hydroxylase
5.06411018809e-05	7	DUF116 domain-containing protein
5.06411018809e-05	7	flagellar protein FlgJ
5.06411018809e-05	7	MULTISPECIES: type I deoxyribonuclease HsdR
5.06411018809e-05	7	high affinity sulfate transporter 1
5.06411018809e-05	7	putative D-cysteine desulfhydrase (DcyD)
5.06411018809e-05	7	NADH dehydrogenase I chain G
5.06411018809e-05	7	menaquinol oxidoreductase
5.06411018809e-05	7	MULTISPECIES: DUF4403 domain-containing protein
5.06411018809e-05	7	MULTISPECIES: V-type ATP synthase subunit B
5.06411018809e-05	7	pseudaminic acid biosynthesis-associated protein PseG
5.06411018809e-05	7	lysine 2,3-aminomutase, partial
5.06411018809e-05	7	ferredoxin--NAD(+) reductase
5.06411018809e-05	7	cobalamin biosynthesis protein CbiB, partial
5.06411018809e-05	7	biotin/lipoate A/B protein ligase
5.06411018809e-05	7	methionine biosynthesis MetW
5.06411018809e-05	7	cytochrome oxidase biosynthesis protein
5.06411018809e-05	7	DUF4197 domain-containing protein, partial
5.06411018809e-05	7	bifunctional transcriptional activator/DNA repair enzyme protein Ada
5.06411018809e-05	7	MULTISPECIES: 3-oxoacyl-ACP reductase FabG
5.06411018809e-05	7	3-hydroxybutyryl-CoA dehydrogenase, partial
5.06411018809e-05	7	Ion transport protein
5.06411018809e-05	7	protein, SNF2 family
5.06411018809e-05	7	aculeacin A acylase
5.06411018809e-05	7	acetyl-CoA decarbonylase
5.06411018809e-05	7	DNA alkylation repair enzyme-like protein
5.06411018809e-05	7	glucose-inhibited division protein A
5.06411018809e-05	7	glutamyl-tRNA reductase, partial
5.06411018809e-05	7	redox-sensing transcriptional repressor Rex, partial
5.06411018809e-05	7	TIGR02677 family protein
5.06411018809e-05	7	MULTISPECIES: TIGR02652 family protein
5.06411018809e-05	7	cbb3-type cytochrome C oxidase subunit III
5.06411018809e-05	7	MULTISPECIES: UDP pyrophosphate synthase
5.06411018809e-05	7	serine/threonine-protein kinase PknB
5.06411018809e-05	7	Xanthine dehydrogenase molybdenum-binding subunit
5.06411018809e-05	7	copper resistance D domain-containing protein
5.06411018809e-05	7	nucleoside triphosphatase
5.06411018809e-05	7	decaheme-associated outer membrane protein
5.06411018809e-05	7	MULTISPECIES: IS21 family transposase ISThsp5
5.06411018809e-05	7	glycoside hydrolase family 3 protein
5.06411018809e-05	7	Glucose/sorbosone dehydrogenase-like protein
5.06411018809e-05	7	type III secretion system effector
5.06411018809e-05	7	TIGR04222 domain-containing membrane protein
5.06411018809e-05	7	MULTISPECIES: hybrid non-ribosomal peptide synthetase/type I polyketide synthase
5.06411018809e-05	7	MULTISPECIES: formate dehydrogenase-N subunit alpha
5.06411018809e-05	7	cupin-like domain-containing protein
5.06411018809e-05	7	MULTISPECIES: nucleic acid-binding protein
5.06411018809e-05	7	Holliday junction DNA helicase RuvA
5.06411018809e-05	7	oxidoreductase FAD/NAD(P)-binding domain-containing protein
5.06411018809e-05	7	iron(III) dicitrate transport protein FecA
5.06411018809e-05	7	AMP-binding enzyme
5.06411018809e-05	7	phosphoglucose isomerase
5.06411018809e-05	7	anaerobic glycerol-3-phosphate dehydrogenase subunit A
5.06411018809e-05	7	MULTISPECIES: ABC transporter-like protein
5.06411018809e-05	7	lipid III flippase
5.06411018809e-05	7	protein tolB
5.06411018809e-05	7	MULTISPECIES: DUF2145 domain-containing protein
5.06411018809e-05	7	glycosyltransferase, group 1 family protein
5.06411018809e-05	7	Rossmann fold nucleotide-binding protein
5.06411018809e-05	7	MULTISPECIES: propionyl-CoA carboxylase
5.06411018809e-05	7	flagellar biosynthesis protein FliJ
5.06411018809e-05	7	2,3-diketo-5-methylthiopentyl-1-phosphate enolase
5.06411018809e-05	7	tRNA nucleotidyltransferase/poly(A) polymerase
5.06411018809e-05	7	MULTISPECIES: rRNA large subunit pseudouridine synthase E
5.06411018809e-05	7	aromatic ring-opening dioxygenase LigA
5.06411018809e-05	7	anthranilate/para-aminobenzoate synthase component I
5.06411018809e-05	7	prepilin-type family protein
5.06411018809e-05	7	MULTISPECIES: multidrug transporter subunit MdtA
5.06411018809e-05	7	peptide ABC transporter permease, partial
5.06411018809e-05	7	MULTISPECIES: pyridoxal-5-phosphate-dependent protein subunit beta
5.06411018809e-05	7	DNA-methyltransferase (dcm)
5.06411018809e-05	7	secreted protein containing Glycoside hydrolase family 2, TIM barrel domain protein
5.06411018809e-05	7	chromate ion transporter
5.06411018809e-05	7	pilus assembly protein FilA
5.06411018809e-05	7	transcriptional regulator MalT
5.06411018809e-05	7	IS4/IS5 family transposase, partial
5.06411018809e-05	7	RecT family protein
5.06411018809e-05	7	MolR family transcriptional regulator
5.06411018809e-05	7	MULTISPECIES: CidA/LrgA family protein
5.06411018809e-05	7	phosphoenolpyruvate carboxykinase (GTP), partial
5.06411018809e-05	7	NAD-dependent epimerase/dehydratase family protein, partial
5.06411018809e-05	7	flagellar biosynthesis protein FlaG
5.06411018809e-05	7	MULTISPECIES: diphosphomevalonate decarboxylase
5.06411018809e-05	7	magnesium chelatase ATPase subunit I, partial
5.06411018809e-05	7	D-alanyl-alanine synthetase
5.06411018809e-05	7	MgtC family protein
5.06411018809e-05	7	elongation factor 3, partial
5.06411018809e-05	7	DUF1823 domain-containing protein
5.06411018809e-05	7	MULTISPECIES: cytochrome Cbb3 oxidase maturation protein CcoH
5.06411018809e-05	7	MULTISPECIES: phage-like protein
5.06411018809e-05	7	MULTISPECIES: dTDP-4-amino-4,6-dideoxy-D-glucose transaminase
5.06411018809e-05	7	GatB/Yqey domain protein
5.06411018809e-05	7	Proline--tRNA ligase 2
5.06411018809e-05	7	alginate regulatory protein
5.06411018809e-05	7	putative acetolactate synthase large subunit
5.06411018809e-05	7	regulatory protein GemA
5.06411018809e-05	7	H+-transporting two sector ATPase (subunit b')
5.06411018809e-05	7	cytochrome c oxidase cbb3-type subunit I / cytochrome c oxidase cbb3-type subunit II multi-domain protein
5.06411018809e-05	7	MULTISPECIES: DUF4400 domain-containing protein
5.06411018809e-05	7	Myo-inositol-1-phosphate synthase
5.06411018809e-05	7	type II Secretion System PilC
5.06411018809e-05	7	MULTISPECIES: relaxase
5.06411018809e-05	7	conjugal transfer protein TraL, partial
5.06411018809e-05	7	RIO-like kinase
5.06411018809e-05	7	outer membrane biogenesis protein
5.06411018809e-05	7	Heparinase II/III-like protein
5.06411018809e-05	7	photosystem II CP43 reaction center protein
5.06411018809e-05	7	GntP family transporter
5.06411018809e-05	7	alpha-galactosidase, partial
5.06411018809e-05	7	MULTISPECIES: Clp protease proteolytic subunit ClpP
5.06411018809e-05	7	competence/damage-inducible protein CinA
5.06411018809e-05	7	MULTISPECIES: dimethyl sulfone monooxygenase SfnG
5.06411018809e-05	7	glycosyl transferase family 6
5.06411018809e-05	7	DUF2085 domain-containing protein
5.06411018809e-05	7	secreted (periplasmic)-like protein
5.06411018809e-05	7	mannitol dehydrogenase-like protein
5.06411018809e-05	7	Formiminotransferase domain-containing protein
5.06411018809e-05	7	MULTISPECIES: magnesium and cobalt efflux protein CorC
5.06411018809e-05	7	copper resistance protein NlpE
5.06411018809e-05	7	MULTISPECIES: transcriptional regulator FlhC
5.06411018809e-05	7	polyketide synthase module
5.06411018809e-05	7	bifunctional tRNA (adenosine(37)-N6)-threonylcarbamoyltransferase complex dimerization subunit type 1 TsaB/ribosomal-protein-alanine acetyltransferase RimI
5.06411018809e-05	7	MULTISPECIES: camphor resistance protein CrcB
5.06411018809e-05	7	poly granule associated
5.06411018809e-05	7	Fe3+-dicitrate receptor
5.06411018809e-05	7	heterodisulfide reductase subunit C
5.06411018809e-05	7	MULTISPECIES: protein tyrosine phosphatase
5.06411018809e-05	7	acetyl-CoA--acetoacetyl-CoA transferase subunit alpha
5.06411018809e-05	7	8-amino-7-oxononanoate synthase BioF
5.06411018809e-05	7	MULTISPECIES: phosphoglucomutase
5.06411018809e-05	7	DUF3082 domain-containing protein
5.06411018809e-05	7	ABC superfamily ATP-binding cassette transporter ABC protein
5.06411018809e-05	7	type 1 secretion target domain-containng protein
5.06411018809e-05	7	MULTISPECIES: lysyl endopeptidase
5.06411018809e-05	7	arabinose-proton symporter
5.06411018809e-05	7	DNA-dependent RNA polymerase
5.06411018809e-05	7	ACR/RND family transmembrane transporter
5.06411018809e-05	7	CMP-binding protein
5.06411018809e-05	7	IS21 family transposase ISPa65
5.06411018809e-05	7	MULTISPECIES: iron-containing redox enzyme family protein
5.06411018809e-05	7	MULTISPECIES: pyrimidine utilization transport protein G
5.06411018809e-05	7	MULTISPECIES: glycoside hydrolase family 127 protein
5.06411018809e-05	7	dolichyl-phosphate mannose synthase
5.06411018809e-05	7	poly-A polymerase
5.06411018809e-05	7	chorismate binding-like protein
5.06411018809e-05	7	diaminobutyrate decarboxylase
5.06411018809e-05	7	sulfurtransferase complex subunit TusC
5.06411018809e-05	7	MULTISPECIES: class A beta-lactamase
5.06411018809e-05	7	transketolase, C-terminal subunit
5.06411018809e-05	7	nitrogen fixation protein NifW
5.06411018809e-05	7	MULTISPECIES: 8-oxo-dGTP diphosphatase
5.06411018809e-05	7	biotin synthase BioB, partial
5.06411018809e-05	7	MULTISPECIES: DUF4145 domain-containing protein
5.06411018809e-05	7	antitoxin MazE
5.06411018809e-05	7	short-chain alcohol dehydrogenase family enzyme
5.06411018809e-05	7	MULTISPECIES: arabinose isomerase
5.06411018809e-05	7	2,4-dihydroxyacetophenone dioxygenase
5.06411018809e-05	7	sarcosine oxidase subunit alpha, partial
5.06411018809e-05	7	heavy metal resistance protein
5.06411018809e-05	7	acriflavine resistance protein B, partial
5.06411018809e-05	7	flavoprotein oxidoreductase
5.06411018809e-05	7	poly(beta-D-mannuronate) O-acetylase
5.06411018809e-05	7	transglutaminase, partial
5.06411018809e-05	7	MULTISPECIES: 7-cyano-7-deazaguanine synthase QueC
5.06411018809e-05	7	glycosyl hydrolase family 32, partial
5.06411018809e-05	7	MULTISPECIES: thiol reductase thioredoxin
5.06411018809e-05	7	pyrroline-5-carboxylate reductase, partial
5.06411018809e-05	7	feruloyl-CoA synthetase
5.06411018809e-05	7	asparagine synthetase B, partial
5.06411018809e-05	7	Trk family potassium uptake protein
5.06411018809e-05	7	filamentation induced by cAMP protein fic
5.06411018809e-05	7	lipoprotein NlpI
5.06411018809e-05	7	MULTISPECIES: DUF1852 domain-containing protein
5.06411018809e-05	7	creatininase, partial
5.06411018809e-05	7	plasmid stablization protein ParB
5.06411018809e-05	7	cobalamin biosynthesis protein CobY
5.06411018809e-05	7	cystine ABC transporter substrate-binding protein
5.06411018809e-05	7	branched-chain amino acid transporter ATP-binding protein
5.06411018809e-05	7	MULTISPECIES: site-specific recombinase
5.06411018809e-05	7	MULTISPECIES: DUF4142 domain-containing protein
5.06411018809e-05	7	ATP-dependent 6-phosphofructokinase
5.06411018809e-05	7	IS5 family transposase ISMae6
5.06411018809e-05	7	adenylate/guanylate cyclase catalytic domain protein
5.06411018809e-05	7	glutathione transferase
5.06411018809e-05	7	ADP/ATP carrier protein
5.06411018809e-05	7	MULTISPECIES: 3-hydroxyacyl-CoA dehydrogenase PaaC
5.06411018809e-05	7	drug/metabolite DMT transporter permease
5.06411018809e-05	7	30S ribosomal protein S17, partial
5.06411018809e-05	7	base plate related protein
5.06411018809e-05	7	IS3 family transposase ISSham2
5.06411018809e-05	7	MULTISPECIES: exosortase
5.06411018809e-05	7	MULTISPECIES: DUF1272 domain-containing protein
5.06411018809e-05	7	D-isomer specific 2-hydroxyacid dehydrogenase, NAD binding domain protein
5.06411018809e-05	7	TIGR02652 family protein
5.06411018809e-05	7	MULTISPECIES: anion transporter
5.06411018809e-05	7	IS3 family transposase ISAve3
5.06411018809e-05	7	30S ribosomal protein S5, partial
5.06411018809e-05	7	MULTISPECIES: subclass B1 metallo-beta-lactamase
5.06411018809e-05	7	NMT1/THI5-like domain-containing protein
5.06411018809e-05	7	potassium transporter KtrB
5.06411018809e-05	7	potassium transporter KtrA
5.06411018809e-05	7	glyoxylate reductase
5.06411018809e-05	7	PTS mannitol transporter subunit IICBA
5.06411018809e-05	7	virulence plasmid 28 protein
5.06411018809e-05	7	glutaminyl transferase
5.06411018809e-05	7	bifunctional folylpolyglutamate synthase/dihydrofolate synthase, partial
5.06411018809e-05	7	FecR protein domain protein
5.06411018809e-05	7	matrixin
5.06411018809e-05	7	GDP-mannose-dependent alpha-(1-2)-phosphatidylinositol mannosyltransferase
5.06411018809e-05	7	MULTISPECIES: FMN reductase
5.06411018809e-05	7	MULTISPECIES: DUF1315 domain-containing protein
5.06411018809e-05	7	cyanoexosortase A system-associated protein
5.06411018809e-05	7	ATPase family associated with various cellular activities (AAA)
5.06411018809e-05	7	DUF3438 domain-containing protein
5.06411018809e-05	7	serine endoprotease
5.06411018809e-05	7	orotidine 5-phosphate decarboxylase
5.06411018809e-05	7	MULTISPECIES: deoxyribonuclease
5.06411018809e-05	7	peptidase C45 acyl-coenzyme A:6-aminopenicillanic acid acyl-transferase
5.06411018809e-05	7	ATPase F0F1
5.06411018809e-05	7	MULTISPECIES: 3-alpha-hydroxysteroid dehydrogenase
5.06411018809e-05	7	tryptophan synthase subunit beta, partial
5.06411018809e-05	7	DUF3577 domain-containing protein
5.06411018809e-05	7	N-acetylglucosamine-1-phosphate uridyltransferase
5.06411018809e-05	7	zinc-containing alcohol dehydrogenase superfamily protein
5.06411018809e-05	7	MULTISPECIES: phenylalanine 4-monooxygenase
5.06411018809e-05	7	protease precursor
5.06411018809e-05	7	protein NnrU
5.06411018809e-05	7	MULTISPECIES: uroporphyrin-III methyltransferase
5.06411018809e-05	7	tape measure domain protein
5.06411018809e-05	7	MULTISPECIES: inorganic polyphosphate kinase
5.06411018809e-05	7	MULTISPECIES: radical SAM/Cys-rich domain protein
5.06411018809e-05	7	type II protein secretion LspD
5.06411018809e-05	7	aspartate/glutamate racemase family protein
5.06411018809e-05	7	3-deoxy-D-arabinoheptulosonate-7-phosphate synthase
5.06411018809e-05	7	50S ribosomal protein L19e, partial
5.06411018809e-05	7	short chain dehydrogenase/reductase family oxidoreductase
5.06411018809e-05	7	Na/Pi-cotransporter II-like protein
5.06411018809e-05	7	NAD/NADP transhydrogenase subunit beta
5.06411018809e-05	7	D-Ala-D-Ala dipeptidase
5.06411018809e-05	7	beta-glycosidase-like protein
5.06411018809e-05	7	4-hydroxybenzoate 3-monooxygenase, partial
5.06411018809e-05	7	MULTISPECIES: cell division protein SepF
5.06411018809e-05	7	inter-alpha-trypsin inhibitor domain-containing protein
5.06411018809e-05	7	glutaconate CoA-transferase
5.06411018809e-05	7	NADP oxidoreductase, partial
5.06411018809e-05	7	PhyH family dioxygenase
5.06411018809e-05	7	RNA polymerase sigma factor SigE
5.06411018809e-05	7	RNA polymerase sigma factor SigB
5.06411018809e-05	7	MULTISPECIES: DUF3703 domain-containing protein
5.06411018809e-05	7	citramalate synthase, partial
5.06411018809e-05	7	MULTISPECIES: hydroxymethylglutaryl-CoA synthase
5.06411018809e-05	7	MULTISPECIES: DUF2829 domain-containing protein
5.06411018809e-05	7	MULTISPECIES: ATP-grasp domain-containing protein
5.06411018809e-05	7	heme utilization/adhesion protein
5.06411018809e-05	7	scaffolding protein D, partial
5.06411018809e-05	7	NADPH quinone oxidoreductase, partial
5.06411018809e-05	7	PAAR repeat-containing protein
5.06411018809e-05	7	NusG domain II-containing protein
5.06411018809e-05	7	DNA polymerase III subunit
5.06411018809e-05	7	single-stranded DNA-binding protein, partial
5.06411018809e-05	7	MULTISPECIES: acyl-CoA synthase
5.06411018809e-05	7	FAD/FMN-containing dehydrogenase-like protein
5.06411018809e-05	7	cysteine desulfurase NifS, partial
5.06411018809e-05	7	MULTISPECIES: DUF3810 domain-containing protein
5.06411018809e-05	7	MULTISPECIES: HTTM domain-containing protein
5.06411018809e-05	7	cell division protein FtsA, partial
5.06411018809e-05	7	formate/nitrite transporter
5.06411018809e-05	7	FadR family transcriptional regulator, partial
5.06411018809e-05	7	MULTISPECIES: Clp protease ClpA
5.06411018809e-05	7	bacteriophage head to tail connecting protein
5.06411018809e-05	7	drug/metabolite transporter EamA
5.06411018809e-05	7	MULTISPECIES: aerotolerance regulator BatA
5.06411018809e-05	7	V8-like Glu-specific endopeptidase
5.06411018809e-05	7	MULTISPECIES: DUF2170 domain-containing protein
5.06411018809e-05	7	ferredoxin subunit of nitrite reductase and ring-hydroxylating dioxygenase
5.06411018809e-05	7	AfsR/SARP family transcriptional regulator
5.06411018809e-05	7	OmpA family peptidoglycan-associated lipoprotein
5.06411018809e-05	7	5-valerolactone hydrolase
5.06411018809e-05	7	MULTISPECIES: DUF4160 domain-containing protein
5.06411018809e-05	7	alkyl sulfatase-like hydrolase
5.06411018809e-05	7	MULTISPECIES: 4-amino-4-deoxy-L-arabinose lipid A transferase
5.06411018809e-05	7	endonuclease VIII
5.06411018809e-05	7	D-galactosyl-beta-1-4-L-rhamnose phosphorylase
5.06411018809e-05	7	DNA/RNA endonuclease G
5.06411018809e-05	7	SNF2/RAD54 family DNA helicase
5.06411018809e-05	7	cytochrome c biogenesis ATP-binding export protein CcmA
5.06411018809e-05	7	MULTISPECIES: tRNA cyclic N6-threonylcarbamoyladenosine(37) synthase TcdA
5.06411018809e-05	7	bidirectional hydrogenase complex protein HoxU
5.06411018809e-05	7	gas vesicle synthesis protein GvpA
5.06411018809e-05	7	bifunctional regulator KidO
5.06411018809e-05	7	intron-associated endonuclease 1
5.06411018809e-05	7	prophage tail length tape measure
5.06411018809e-05	7	MULTISPECIES: exonuclease sbcCD subunit D
5.06411018809e-05	7	bacteriophage N4 adsorption protein B
5.06411018809e-05	7	MULTISPECIES: type IV conjugative transfer system protein TraE
5.06411018809e-05	7	MULTISPECIES: type IV conjugative transfer system protein TraL
5.06411018809e-05	7	RluA family pseudouridine synthase, partial
5.06411018809e-05	7	RNA-directed DNA polymerase (Reverse transcriptase)
5.06411018809e-05	7	ABC transporter permease/ATPase
5.06411018809e-05	7	adenylate/guanylate cyclase with GAF sensor and FHA domain
5.06411018809e-05	7	MULTISPECIES: PTS lactose transporter subunit IIC
5.06411018809e-05	7	catabolite gene activator protein
5.06411018809e-05	7	sulfur oxidation protein SoxCD
5.06411018809e-05	7	squalene cyclase
5.06411018809e-05	7	O-linked GlcNAc transferase
5.06411018809e-05	7	nodulin 21
5.06411018809e-05	7	Photosystem II manganese-stabilizing polypeptide
5.06411018809e-05	7	MULTISPECIES: 4-methylaminobutanoate oxidase (formaldehyde-forming)
5.06411018809e-05	7	MULTISPECIES: drug/metabolite exporter YedA
5.06411018809e-05	7	DUF5064 domain-containing protein
5.06411018809e-05	7	MULTISPECIES: cobalt ABC transporter permease
5.06411018809e-05	7	YD repeat protein
5.06411018809e-05	7	50S ribosomal protein L30e
5.06411018809e-05	7	ferredoxin oxidoreductase, partial
5.06411018809e-05	7	MULTISPECIES: HD family hydrolase
5.06411018809e-05	7	MepB domain containing protein
5.06411018809e-05	7	recombinase A
5.06411018809e-05	7	MULTISPECIES: DUF350 domain-containing protein
5.06411018809e-05	7	DUF2163 domain-containing protein
5.06411018809e-05	7	type IIS restriction endonuclease
5.06411018809e-05	7	small GTP-binding protein
5.06411018809e-05	7	Mn2+/Zn2+ ABC transporter ATP-bidning protein
5.06411018809e-05	7	IS5 family transposase ISAha2
5.06411018809e-05	7	sigma factor sigB regulation protein rsbU
5.06411018809e-05	7	conjugal transfer protein TraT
5.06411018809e-05	7	D-isomer specific 2-hydroxyacid dehydrogenase NAD-binding
5.06411018809e-05	7	beta-hydroxylase
5.06411018809e-05	7	MULTISPECIES: Soluble ligand binding domain-containing protein
5.06411018809e-05	7	MULTISPECIES: hyaluronidase
5.06411018809e-05	7	subtilisin-like serine protease, partial
5.06411018809e-05	7	ABC-type sugar transporter periplasmic component-like protein
5.06411018809e-05	7	nicotinamide mononucleotide transporter PnuC
5.06411018809e-05	7	pseudouridine-5-phosphate glycosidase, partial
5.06411018809e-05	7	MULTISPECIES: methylamine utilization protein
5.06411018809e-05	7	type I methionyl aminopeptidase, partial
5.06411018809e-05	7	DUF2196 domain-containing protein
5.06411018809e-05	7	SPASM domain-containing protein
5.06411018809e-05	7	MULTISPECIES: N-succinylglutamate 5-semialdehyde dehydrogenase
5.06411018809e-05	7	pyruvate dehydrogenase E2
5.06411018809e-05	7	Cytochrome c-type biogenesis protein DsbD, protein-disulfide reductase
5.06411018809e-05	7	2-succinylbenzoate--CoA ligase
5.06411018809e-05	7	secretion ATPase
5.06411018809e-05	7	tRNA-modifying protein YgfZ
5.06411018809e-05	7	MULTISPECIES: 3-(cis-5,6-dihydroxycyclohexa-1,3-dien-1-yl)propanoate dehydrogenase
5.06411018809e-05	7	ADP,ATP carrier protein
5.06411018809e-05	7	competence protein F
5.06411018809e-05	7	bifunctional anthranilate synthase component II/anthranilate phosphoribosyltransferase
5.06411018809e-05	7	2-aminobenzoate-CoA ligase, partial
5.06411018809e-05	7	IS982 family transposase ISNsp1
5.06411018809e-05	7	2-ketoisovalerate ferredoxin oxidoreductase
5.06411018809e-05	7	sodium-dependent phosphate transporter
5.06411018809e-05	7	lipoyltransferase
5.06411018809e-05	7	2,3-dihydro-2,3-dihydroxybenzoate dehydrogenase
5.06411018809e-05	7	chitooligosaccharide synthase NodC
5.06411018809e-05	7	MULTISPECIES: 3-(3-hydroxyphenyl)propionate hydroxylase
5.06411018809e-05	7	ubiquinone biosynthesis regulatory protein kinase UbiB, partial
5.06411018809e-05	7	Verru_Chthon cassette protein B
5.06411018809e-05	7	Ion channel
5.06411018809e-05	7	tRNA (guanine-N2)-dimethyltransferase
5.06411018809e-05	7	DUF4383 domain-containing protein
5.06411018809e-05	7	succinyldiaminopimelate transaminase, partial
5.06411018809e-05	7	hypothetical integrase
5.06411018809e-05	7	Tetratricopeptide TPR_4
5.06411018809e-05	7	hydrogenase-4 component E
5.06411018809e-05	7	threonine dehydratase, partial
5.06411018809e-05	7	molecular chaperone Hsp90
5.06411018809e-05	7	antibiotic acetyltransferase
5.06411018809e-05	7	MULTISPECIES: oligopeptide transporter, OPT family
5.06411018809e-05	7	MULTISPECIES: rhodanese
5.06411018809e-05	7	cytochrome C oxidase subunit II, partial
5.06411018809e-05	7	dihydropyrimidinase, partial
5.06411018809e-05	7	MULTISPECIES: bifunctional glutaredoxin/ribonucleoside-diphosphate reductase subunit beta
5.06411018809e-05	7	TerS protein
5.06411018809e-05	7	2-methylfumaryl-CoA isomerase
5.06411018809e-05	7	metal/formaldehyde-sensitive transcriptional repressor
5.06411018809e-05	7	MULTISPECIES: antibiotic ABC transporter ATP-binding protein
5.06411018809e-05	7	DUF1264 domain-containing protein
5.06411018809e-05	7	MULTISPECIES: DUF1134 domain-containing protein
5.06411018809e-05	7	DUF1504 domain-containing protein
5.06411018809e-05	7	auxin-binding protein
5.06411018809e-05	7	MULTISPECIES: aromatic acid decarboxylase
5.06411018809e-05	7	MULTISPECIES: microcin ABC transporter ATP-binding protein
5.06411018809e-05	7	deoxyuridine 5'-triphosphate nucleotidohydrolase family
5.06411018809e-05	7	MULTISPECIES: biotin carboxylase
5.06411018809e-05	7	Fe-S-oxidoreductase
5.06411018809e-05	7	PQQ-dependent oxidoreductase gdhB family
5.06411018809e-05	7	N-formylmethionyl-tRNA deformylase
5.06411018809e-05	7	cytochrome c biogenesis protein ResB, partial
5.06411018809e-05	7	carboxymuconolactone decarboxylase family protein, partial
5.06411018809e-05	7	phage protein, HK97 gp10 family
5.06411018809e-05	7	pilus biosynthesis protein TadE
5.06411018809e-05	7	3-amino-5-hydroxybenzoic acid synthase family protein
5.06411018809e-05	7	MULTISPECIES: 4-hydroxy-3-methylbut-2-en-1-yl diphosphate synthase (flavodoxin)
5.06411018809e-05	7	fumarate reductase, partial
5.06411018809e-05	7	cysteine ABC transporter permease
5.06411018809e-05	7	WD repeat-containing protein
5.06411018809e-05	7	ketopantoate hydroxymethyltransferase
5.06411018809e-05	7	MULTISPECIES: 3-hexulose-6-phosphate synthase
5.06411018809e-05	7	MULTISPECIES: outer membrane autotransporter barrel domain-containing protein
5.06411018809e-05	7	thiamine-phosphate pyrophosphorylase
5.06411018809e-05	7	FTR1 family iron permease
5.06411018809e-05	7	FdrA family protein
5.06411018809e-05	7	4-vinyl reductase
5.06411018809e-05	7	IS1595 family transposase ISVer1
5.06411018809e-05	7	photosystem II core protein PsbZ
5.06411018809e-05	7	MULTISPECIES: Cro/Cl family transcriptional regulator
5.06411018809e-05	7	carboxypeptidase/penicillin-binding protein 1A
5.06411018809e-05	7	IS1595 family transposase ISAfe18
5.06411018809e-05	7	MULTISPECIES: invasion protein
5.06411018809e-05	7	UvrD/REP helicase domain protein, putative
5.06411018809e-05	7	large conductance mechanosensitive channel protein
5.06411018809e-05	7	MULTISPECIES: DUF2961 domain-containing protein
5.06411018809e-05	7	MULTISPECIES: carbon monoxide dehydrogenase subunit G
5.06411018809e-05	7	ABC 3 transport family
5.06411018809e-05	7	preprotein translocase YidC
5.06411018809e-05	7	PTS fructose transporter subunit IIC
5.06411018809e-05	7	MULTISPECIES: membrane protein insertase YidC, partial
5.06411018809e-05	7	Fe-S cluster assembly scaffold SufA
5.06411018809e-05	7	Neu5Ac permease
5.06411018809e-05	7	sgc region protein SgcQ
5.06411018809e-05	7	diguanylate cyclase/phosphodiesterase with Chase sensor
5.06411018809e-05	7	polynucleotide adenylyltransferase/metal dependent phosphohydrolase
5.06411018809e-05	7	MULTISPECIES: mannitol dehydrogenase
5.06411018809e-05	7	MULTISPECIES: adenosylmethionine decarboxylase
5.06411018809e-05	7	PTS galactitol transporter subunit IIC
5.06411018809e-05	7	MULTISPECIES: adenosylcobinamide-GDP ribazoletransferase
5.06411018809e-05	7	MULTISPECIES: FRG domain-containing protein
5.06411018809e-05	7	tRNA modification GTPase TrmE, partial
5.06411018809e-05	7	tRNA dihydrouridine synthase DusB, partial
5.06411018809e-05	7	MULTISPECIES: L-lactate dehydrogenase
5.06411018809e-05	7	DNA polymerase V subunit UmuC, partial
5.06411018809e-05	7	alkaline D-peptidase
5.06411018809e-05	7	recombinase RecJ
5.06411018809e-05	7	MULTISPECIES: DUF2238 domain-containing protein
5.06411018809e-05	7	MULTISPECIES: potassium channel protein
5.06411018809e-05	7	gonadoliberin III
5.06411018809e-05	7	hybrid histidine kinase
5.06411018809e-05	7	alpha-1,4 polygalactosaminidase
5.06411018809e-05	7	biopolymer transport protein ExbB
5.06411018809e-05	7	polyprenyl diphosphate synthase
5.06411018809e-05	7	MULTISPECIES: proline-specific permease
5.06411018809e-05	7	secreted VCBS domain protein
5.06411018809e-05	7	MobA-like NTP transferase
5.06411018809e-05	7	MULTISPECIES: type I site-specific deoxyribonuclease HsdR family protein
5.06411018809e-05	7	MULTISPECIES: phage head morphogenesis protein
5.06411018809e-05	7	MULTISPECIES: lipoate--protein ligase family protein
5.06411018809e-05	7	Permease of the drug/metabolite transporter (DMT) superfamily
5.06411018809e-05	7	regulator PrlF
5.06411018809e-05	7	single-strand-binding protein/Primosomal replication protein n
5.06411018809e-05	7	ribosomal large subunit pseudouridine synthase F
5.06411018809e-05	7	MULTISPECIES: glycine/betaine ABC transporter
5.06411018809e-05	7	MULTISPECIES: 2-phospho-L-lactate transferase
5.06411018809e-05	7	Fe2+-dicitrate sensor protein
5.06411018809e-05	7	glycyl-tRNA synthetase subunit alpha
5.06411018809e-05	7	MULTISPECIES: pyrroloquinoline quinone biosynthesis protein PqqB
5.06411018809e-05	7	HupE-UreJ family metal transporter
5.06411018809e-05	7	MULTISPECIES: CRTAC1 family protein
5.06411018809e-05	7	3-demethylubiquinone-9 3-O-methyltransferase, partial
5.06411018809e-05	7	head morphogenesis protein SPP1 gp7
5.06411018809e-05	7	UDP-phosphate N-acetylgalactosaminyl-1-phosphate transferase
5.06411018809e-05	7	nitrogenase molybdenum-cofactor biosynthesis protein NifE
5.06411018809e-05	7	membrane protein implicated in regulation of membrane protease activity
5.06411018809e-05	7	MULTISPECIES: UDP-glucuronic acid dehydrogenase
5.06411018809e-05	7	IS3 family transposase ISMca4
5.06411018809e-05	7	MULTISPECIES: D-xylose ABC transporter substrate-binding protein
5.06411018809e-05	7	starch-binding protein
5.06411018809e-05	7	MULTISPECIES: MazF family transcriptional regulator
5.06411018809e-05	7	GAF domain protein
5.06411018809e-05	7	cell division membrane protein
5.06411018809e-05	7	MULTISPECIES: DNA-packaging protein
5.06411018809e-05	7	type IV secretion system protein VirB8
5.06411018809e-05	7	cobalamin B12-binding protein
5.06411018809e-05	7	MULTISPECIES: NnrS family protein
5.06411018809e-05	7	muropeptide transporter AmpG
5.06411018809e-05	7	putative TRAP dicarboxylate transporter, subunit DctQ
5.06411018809e-05	7	pyruvate/2-oxoglutarate dehydrogenase complex, dehydrogenase component subunit beta, partial
5.06411018809e-05	7	anhydro-N-acetylmuramic acid kinase, partial
5.06411018809e-05	7	MULTISPECIES: manganese efflux pump
5.06411018809e-05	7	nickel ABC transporter permease
5.06411018809e-05	7	dehydrogenase of unknown specificity
5.06411018809e-05	7	MULTISPECIES: head-tail joining protein
5.06411018809e-05	7	enzyme of heme biosynthesis
5.06411018809e-05	7	DegT/DnrJ/EryC1/StrS family aminotransferase, partial
5.06411018809e-05	7	MULTISPECIES: 3-oxoadipate--succinyl-CoA transferase subunit A
5.06411018809e-05	7	phenylacetate--CoA ligase, partial
5.06411018809e-05	7	MULTISPECIES: maltose ABC transporter permease MalF
5.06411018809e-05	7	polysaccharide transporter
5.06411018809e-05	7	baseplate assembly protein J
5.06411018809e-05	7	MULTISPECIES: Na+ dependent nucleoside transporter
5.06411018809e-05	7	MULTISPECIES: DUF3306 domain-containing protein
5.06411018809e-05	7	2,3-diaminopropionate biosynthesis protein SbnB
5.06411018809e-05	7	conjugal transfer protein TraG, partial
5.06411018809e-05	7	MULTISPECIES: DUF1007 domain-containing protein
5.06411018809e-05	7	polygranule-associated protein
5.06411018809e-05	7	voltage-gated chloride channel family protein
5.06411018809e-05	7	IS3 family transposase ISAba19
5.06411018809e-05	7	lipid A ABC transporter permease/ATP-binding protein
5.06411018809e-05	7	naphthalene 1,2-dioxygenase reductase component
5.06411018809e-05	7	C4-dicarboxylate transporter, partial
5.06411018809e-05	7	myeloperoxidase thyroid peroxidase cyclooxygenase catalytic subunit
5.06411018809e-05	7	ATP-dependent Clp protease adapter ClpS, partial
5.06411018809e-05	7	MULTISPECIES: chloramphenicol hydrolase
5.06411018809e-05	7	DUF1877 domain-containing protein
5.06411018809e-05	7	DNA-dependent ATPase
5.06411018809e-05	7	flagellar biosynthesis protein FlhA, partial
5.06411018809e-05	7	surface presentation of antigens (SPOA) protein
5.06411018809e-05	7	MULTISPECIES: Cu(I)-responsive transcriptional regulator
5.06411018809e-05	7	DUF3574 domain-containing protein
5.06411018809e-05	7	L-asparaginase thermolabile family protein
5.06411018809e-05	7	O-antigen acetylase
5.06411018809e-05	7	bifunctional FAD-dependent glycine oxidase ThiO/thiazole synthase ThiG
5.06411018809e-05	7	MULTISPECIES: heat-shock protein HspR
5.06411018809e-05	7	MULTISPECIES: TIGR04348 family glycosyltransferase
5.06411018809e-05	7	DUF3825 domain-containing protein
5.06411018809e-05	7	CDP-glycerol--UDP-pyrophosphoryl-N-acetylglucosaminyl-N-acetylmannosamine glycerophosphotransferase
5.06411018809e-05	7	MULTISPECIES: DNA polymerase II
5.06411018809e-05	7	DUF4279 domain-containing protein
5.06411018809e-05	7	50S ribosomal protein L7ae, partial
5.06411018809e-05	7	molybdenum ABC transporter ATP-binding protein, partial
5.06411018809e-05	7	IS5 family transposase ISNieu4
5.06411018809e-05	7	double-stranded uracil-DNA glycosylase
5.06411018809e-05	7	type VII secretion protein EccC
5.06411018809e-05	7	UbiH/UbiF/VisC/COQ6 family Ubiquinone biosynthesis hydroxylase
5.06411018809e-05	7	diadenosine tetraphosphatase
5.06411018809e-05	7	gluconate permease gntP
5.06411018809e-05	7	NLP/P60 hydrolase
5.06411018809e-05	7	DUF3551 domain-containing protein
5.06411018809e-05	7	D-alanine--(R)-lactate ligase
5.06411018809e-05	7	type II restriction-modification system, DNA-methyltransferase/specificity subunits HsdMS
5.06411018809e-05	7	putative phage tail fiber protein
5.06411018809e-05	7	MULTISPECIES: (p)ppGpp synthetase
5.06411018809e-05	7	haloperoxidase
5.06411018809e-05	7	MULTISPECIES: aromatic hydrocarbon degradation protein
5.06411018809e-05	7	MULTISPECIES: precorrin-8X methylmutase
5.06411018809e-05	7	bacteriophytochrome
5.06411018809e-05	7	regulator SirB
5.06411018809e-05	7	phage SPO1 DNA polymerase-related protein
5.06411018809e-05	7	MULTISPECIES: permease DsdX
5.06411018809e-05	7	Retinal pigment epithelial membrane protein
5.06411018809e-05	7	MULTISPECIES: protease Do
5.06411018809e-05	7	TIGR02678 family protein
5.06411018809e-05	7	TIGR01457 family HAD-type hydrolase
5.06411018809e-05	7	MULTISPECIES: fimbrial assembly protein
5.06411018809e-05	7	NIL domain-containing protein
5.06411018809e-05	7	MULTISPECIES: pentapeptide repeat-containing protein
5.06411018809e-05	7	MULTISPECIES: 2-aminoethylphosphonate--pyruvate transaminase
5.06411018809e-05	7	pyruvate ferredoxin/flavodoxin oxidoreductase subunit beta
5.06411018809e-05	7	arsenate reductase family protein
5.06411018809e-05	7	MULTISPECIES: DUF2452 domain-containing protein
5.06411018809e-05	7	kinesin
5.06411018809e-05	7	MULTISPECIES: nodulation protein NodN
5.06411018809e-05	7	integrase catalytic region
5.06411018809e-05	7	methyl-accepting chemotaxis protein signaling domain protein
5.06411018809e-05	7	polyhydroxyalkanoate depolymerase, partial
5.06411018809e-05	7	MULTISPECIES: S-adenosylmethionine tRNA ribosyltransferase
5.06411018809e-05	7	phycocyanin
5.06411018809e-05	7	MULTISPECIES: DUF441 domain-containing protein
5.06411018809e-05	7	rhamnan synthesis F family protein
5.06411018809e-05	7	photosystem II protein Y
5.06411018809e-05	7	MULTISPECIES: acetamidase
5.06411018809e-05	7	type II DNA modification methyltransferase
5.06411018809e-05	7	MULTISPECIES: threonine dehydratase
5.06411018809e-05	7	DUF1493 domain-containing protein
5.06411018809e-05	7	MULTISPECIES: plasmid stabilization system
5.06411018809e-05	7	prephenate dehydrogenase, partial
5.06411018809e-05	7	MULTISPECIES: LPS kinase
5.06411018809e-05	7	protein GlxC
5.06411018809e-05	7	MULTISPECIES: lysine transporter
5.06411018809e-05	7	cytochrome c, mono- and diheme variant
5.06411018809e-05	7	thiamin biosynthesis protein ApbE
5.06411018809e-05	7	3-hydroxy-3-methylglutaryl-ACP synthase
5.06411018809e-05	7	MULTISPECIES: DegT/DnrJ/EryC1/StrS aminotransferase
5.06411018809e-05	7	MULTISPECIES: preprotein translocase subunit SecD
5.06411018809e-05	7	ATP-dependent DNA helicase UvrD
5.06411018809e-05	7	GTP cyclohydrolase, partial
5.06411018809e-05	7	Gp37Gp68 family protein
5.06411018809e-05	7	MULTISPECIES: DUF362 domain-containing protein
5.06411018809e-05	7	Trp operon repressor
5.06411018809e-05	7	MULTISPECIES: head-tail adaptor protein
5.06411018809e-05	7	MULTISPECIES: aromatic amino acid transporter
5.06411018809e-05	7	ResB protein required for cytochrome c biosynthesis
5.06411018809e-05	7	HPr-rel-A system PqqD family protein
5.06411018809e-05	7	2,3-dihydroxybiphenyl 1,2-dioxygenase
5.06411018809e-05	7	MULTISPECIES: protein sphX
4.34066587551e-05	6	hemagglutinin repeat-containing protein
4.34066587551e-05	6	LacI family transcription regulator
4.34066587551e-05	6	sporulation transcription factor Spo0A
4.34066587551e-05	6	Sir2 family NAD-dependent protein deacetylase
4.34066587551e-05	6	sensor histidine kinase BvgS
4.34066587551e-05	6	DUF4876 domain-containing protein
4.34066587551e-05	6	cysteine biosynthesis protein CysZ
4.34066587551e-05	6	tRNA/tmRNA/rRNA uracil-C5-methylase, partial
4.34066587551e-05	6	CoA-disulfide reductase, partial
4.34066587551e-05	6	feruloyl esterase
4.34066587551e-05	6	phycoerythrobilin:ferredoxin oxidoreductase
4.34066587551e-05	6	IS4 family transposase ISDpr1
4.34066587551e-05	6	MULTISPECIES: exopolysaccharide biosynthesis protein
4.34066587551e-05	6	sulfoacetate transporter
4.34066587551e-05	6	protein-export membrane protein SecD
4.34066587551e-05	6	DUF1749 domain-containing protein
4.34066587551e-05	6	teichoic acid ABC transporter permease
4.34066587551e-05	6	xylose ABC transporter permease
4.34066587551e-05	6	DNA invertase Pin
4.34066587551e-05	6	translational GTPase TypA, partial
4.34066587551e-05	6	MULTISPECIES: superoxide dismutase family protein
4.34066587551e-05	6	endo alpha-1,4 polygalactosaminidase
4.34066587551e-05	6	MULTISPECIES: 4-oxalocrotonate decarboxylase
4.34066587551e-05	6	2- oxo-3-deoxygalactonate 6-phosphate aldolase
4.34066587551e-05	6	MULTISPECIES: erythrose-4-phosphate dehydrogenase
4.34066587551e-05	6	GAF sensor hybrid histidine kinase
4.34066587551e-05	6	RfbJ protein
4.34066587551e-05	6	DUF1492 domain-containing protein
4.34066587551e-05	6	MULTISPECIES: peptide synthase
4.34066587551e-05	6	histidine biosynthesis protein
4.34066587551e-05	6	type I restriction endonuclease subunit M, partial
4.34066587551e-05	6	type II secretory pathway component PulK-like protein
4.34066587551e-05	6	replication/maintenance protein
4.34066587551e-05	6	dipeptidyl carboxypeptidase Dcp
4.34066587551e-05	6	MULTISPECIES: aminobenzoate synthetase
4.34066587551e-05	6	Phosphodiesterase/alkaline phosphatase D
4.34066587551e-05	6	xanthine dehydrogenase molybdopterin binding subunit, partial
4.34066587551e-05	6	dissimilatory sulfite reductase (desulfoviridin), alpha/beta subunit
4.34066587551e-05	6	aspartate carbamoyltransferase, partial
4.34066587551e-05	6	MULTISPECIES: holo
4.34066587551e-05	6	theronine dehydrogenase Zn-dependent dehydrogenase
4.34066587551e-05	6	MULTISPECIES: DUF2334 domain-containing protein
4.34066587551e-05	6	UMUC-like DNA-repair protein
4.34066587551e-05	6	Na+-dependent transporter
4.34066587551e-05	6	pyridoxal phosphate-dependent aminotransferase, partial
4.34066587551e-05	6	DUF1156 domain-containing protein, partial
4.34066587551e-05	6	b-N-acetylglucosaminidase
4.34066587551e-05	6	MULTISPECIES: DUF3830 domain-containing protein
4.34066587551e-05	6	mRNA interferase MqsR
4.34066587551e-05	6	MULTISPECIES: DUF938 domain-containing protein
4.34066587551e-05	6	MULTISPECIES: ferritin-like domain-containing protein
4.34066587551e-05	6	MULTISPECIES: calcium-translocating P-type ATPase, PMCA-type
4.34066587551e-05	6	cytochrome CBB3
4.34066587551e-05	6	MULTISPECIES: DUF2783 domain-containing protein
4.34066587551e-05	6	MULTISPECIES: gluconate kinase
4.34066587551e-05	6	MULTISPECIES: pilus assembly protein PilC
4.34066587551e-05	6	acetylornithine/succinyldiaminopimelate aminotransferase
4.34066587551e-05	6	MULTISPECIES: osmotically inducible protein OsmC
4.34066587551e-05	6	terminase large subunit PBSX family
4.34066587551e-05	6	ferredoxin:thioredoxin reductase
4.34066587551e-05	6	MULTISPECIES: ATP-dependent 6-phosphofructokinase
4.34066587551e-05	6	MULTISPECIES: histidinol-phosphate aminotransferase
4.34066587551e-05	6	cycloartenol synthase-like protein
4.34066587551e-05	6	CRISPR-associated protein Cse1
4.34066587551e-05	6	microtubule-binding protein
4.34066587551e-05	6	MULTISPECIES: DUF3347 domain-containing protein
4.34066587551e-05	6	FAD-linked oxidase, partial
4.34066587551e-05	6	transcriptional regulator LldR
4.34066587551e-05	6	DUF955 domain-containing protein
4.34066587551e-05	6	MULTISPECIES: copper resistance protein NlpE
4.34066587551e-05	6	pantothenate synthetase, partial
4.34066587551e-05	6	MULTISPECIES: binding-protein-dependent transport systems inner membrane component
4.34066587551e-05	6	urea ABC transporter permease
4.34066587551e-05	6	ATP-dependent zinc metalloprotease FtsH 1
4.34066587551e-05	6	nucleotidyltransferase/DNA polymerase
4.34066587551e-05	6	DUF3440 domain-containing protein, partial
4.34066587551e-05	6	DUF4355 domain-containing protein
4.34066587551e-05	6	sulfur oxidation protein
4.34066587551e-05	6	polypeptide-transport-associated domain protein FtsQ-type
4.34066587551e-05	6	MULTISPECIES: hemolysin III family channel protein
4.34066587551e-05	6	zinc finger CHC2-family protein
4.34066587551e-05	6	molybdopterin oxidoreductase membrane subunit
4.34066587551e-05	6	glycerate kinase, partial
4.34066587551e-05	6	cyclophilin type peptidyl-prolyl cis-trans isomerase
4.34066587551e-05	6	MULTISPECIES: damage-inducible protein
4.34066587551e-05	6	glutathione-dependent formaldehyde-activating protein
4.34066587551e-05	6	MULTISPECIES: pyrroloquinoline quinone-dependent dehydrogenase
4.34066587551e-05	6	hemolysin erythrocyte lysis protein
4.34066587551e-05	6	MULTISPECIES: ethanolamine permease
4.34066587551e-05	6	putrescine ABC transporter putrescine-binding protein PotF
4.34066587551e-05	6	O-glycosyl hydrolase
4.34066587551e-05	6	ribose-phosphate pyrophosphokinase, partial
4.34066587551e-05	6	MULTISPECIES: DUF4422 domain-containing protein
4.34066587551e-05	6	type III restriction-modification system restriction subunit
4.34066587551e-05	6	ribosomal RNA small subunit methyltransferase F
4.34066587551e-05	6	trimethoprim-resistant dihydrofolate reductase DfrA20
4.34066587551e-05	6	DUF4011 domain-containing protein
4.34066587551e-05	6	Cna protein B-type domain protein, partial
4.34066587551e-05	6	MULTISPECIES: PTS sugar transporter subunit IIC
4.34066587551e-05	6	chloride transporter, partial
4.34066587551e-05	6	NDP-hexose 3,4-dehydratase
4.34066587551e-05	6	MULTISPECIES: DUF2790 domain-containing protein
4.34066587551e-05	6	MULTISPECIES: tetracycline resistance ribosomal protection protein Tet(M)
4.34066587551e-05	6	ferredoxin 2 with 4Fe-4S-binding domain protein
4.34066587551e-05	6	acetyl-CoA carboxyl transferase
4.34066587551e-05	6	hyalin repeat protein
4.34066587551e-05	6	putative serine metalloprotease
4.34066587551e-05	6	MULTISPECIES: DUF494 domain-containing protein
4.34066587551e-05	6	general secretion pathway protein, partial
4.34066587551e-05	6	type VI secretion system contractile sheath protein TssC
4.34066587551e-05	6	type I antifreeze protein
4.34066587551e-05	6	MULTISPECIES: sensor protein
4.34066587551e-05	6	citrate lyase beta subunit
4.34066587551e-05	6	Gas vesicle synthesis GvpLGvpF
4.34066587551e-05	6	dipeptide ABC transporter permease DppB
4.34066587551e-05	6	acetylornithine deacetylase, partial
4.34066587551e-05	6	MULTISPECIES: arylamine N-acetyltransferase
4.34066587551e-05	6	outer membrane autotransporter barrel domain-containing protein 6
4.34066587551e-05	6	cell wall biogenesis glycosyltransferase
4.34066587551e-05	6	MULTISPECIES: protoporphyrinogen oxidase
4.34066587551e-05	6	MULTISPECIES: muconate cycloisomerase 1
4.34066587551e-05	6	NADH-quinone oxidoreductase B subunit
4.34066587551e-05	6	protein SrpB
4.34066587551e-05	6	MULTISPECIES: putative serine/threonine-protein kinase PrkC
4.34066587551e-05	6	MULTISPECIES: general secretion pathway protein GspG
4.34066587551e-05	6	MULTISPECIES: general secretion pathway protein GspL
4.34066587551e-05	6	D-alanine--D-serine ligase VanG
4.34066587551e-05	6	Flagellin and related hook-associated protein
4.34066587551e-05	6	MULTISPECIES: 2-succinyl-6-hydroxy-2,4-cyclohexadiene-1-carboxylate synthase
4.34066587551e-05	6	secretion activating protein
4.34066587551e-05	6	GTP-binding protein HSR1
4.34066587551e-05	6	guanylate cyclase soluble subunit beta
4.34066587551e-05	6	type II restriction enzyme and modification methylase
4.34066587551e-05	6	alpha-amlyase, partial
4.34066587551e-05	6	Na+/H+ antiporter subunit A
4.34066587551e-05	6	photosystem I assembly protein BtpA
4.34066587551e-05	6	3-dehydroquinate synthase, partial
4.34066587551e-05	6	MULTISPECIES: DUF1652 domain-containing protein
4.34066587551e-05	6	H-NS histone
4.34066587551e-05	6	putative signaling protein
4.34066587551e-05	6	beta-lactamase regulatory protein
4.34066587551e-05	6	error-prone, lesion bypass DNA polymerase V UmuC
4.34066587551e-05	6	PTS glucose transporter subunit IIB
4.34066587551e-05	6	RepA replication protein
4.34066587551e-05	6	penicillin-binding protein 1C, partial
4.34066587551e-05	6	MULTISPECIES: zinc ABC transporter ATP-binding protein ZnuC
4.34066587551e-05	6	chemotaxis protein methyltransferase CheR
4.34066587551e-05	6	MULTISPECIES: phenylacetic acid degradation protein PaaY
4.34066587551e-05	6	DUF3136 domain-containing protein
4.34066587551e-05	6	Na+-translocating decarboxylase subunit beta
4.34066587551e-05	6	valyl-tRNA synthetase
4.34066587551e-05	6	IS3 family transposase ISOgr1
4.34066587551e-05	6	MULTISPECIES: ATP synthase subunit a 1
4.34066587551e-05	6	heme-hemopexin-binding/utilization protein
4.34066587551e-05	6	MULTISPECIES: sarcosine oxidase subunit delta
4.34066587551e-05	6	MULTISPECIES: CdaR family transcriptional regulator
4.34066587551e-05	6	NAD-dependent DNA ligase LigA
4.34066587551e-05	6	putative sensory box histidine kinase/response regulator
4.34066587551e-05	6	transcriptional regulator FeaR
4.34066587551e-05	6	MULTISPECIES: flavocytochrome C sulfide dehydrogenase flavin-binding protein
4.34066587551e-05	6	plasmid replication initiator protein
4.34066587551e-05	6	N-6 adenine-specific DNA methylase EcoRI
4.34066587551e-05	6	4-diphosphocytidyl-2C-methyl-D-erythritol synthase
4.34066587551e-05	6	MULTISPECIES: pyridoxine/pyridoxamine 5'-phosphate oxidase
4.34066587551e-05	6	3-hydroxylacyl-ACP dehydratase
4.34066587551e-05	6	WD-repeat protein
4.34066587551e-05	6	MULTISPECIES: DUF1572 domain-containing protein
4.34066587551e-05	6	MULTISPECIES: urease accessory protein UreD
4.34066587551e-05	6	twin-arginine translocation pathway signal protein, partial
4.34066587551e-05	6	alkaline metalloproteinase
4.34066587551e-05	6	MULTISPECIES: 2-phosphosulfolactate phosphatase
4.34066587551e-05	6	DUF2520 domain-containing protein, partial
4.34066587551e-05	6	NAD(+) ADP-ribosyltransferase
4.34066587551e-05	6	IS630 family transposase ISCARN106
4.34066587551e-05	6	D-Ala-D-Ala dipeptidase VanX
4.34066587551e-05	6	MULTISPECIES: ferredoxin III, nif-specific
4.34066587551e-05	6	IS3 family transposase ISRme12
4.34066587551e-05	6	DNA topoisomerase II
4.34066587551e-05	6	aminopeptidase P family protein, partial
4.34066587551e-05	6	putative protein-tyrosine phosphatase
4.34066587551e-05	6	MULTISPECIES: geranyl transferase
4.34066587551e-05	6	Filamentation induced by cAMP protein Fic (modular protein)
4.34066587551e-05	6	Urease accessory protein UreD
4.34066587551e-05	6	MULTISPECIES: DUF2878 domain-containing protein
4.34066587551e-05	6	MULTISPECIES: pilus assembly protein TadE
4.34066587551e-05	6	MULTISPECIES: DUF3445 domain-containing protein
4.34066587551e-05	6	2,3-dihydroxy-2,3-dihydro-p-cumate dehydrogenase
4.34066587551e-05	6	MULTISPECIES: homocysteine S-methyltransferase family protein
4.34066587551e-05	6	MULTISPECIES: benzene 1,2-dioxygenase
4.34066587551e-05	6	MULTISPECIES: carbon-phosphorus lyase complex subunit PhnJ
4.34066587551e-05	6	MULTISPECIES: glucan biosynthesis protein D
4.34066587551e-05	6	IS3 family transposase ISDvu3
4.34066587551e-05	6	MULTISPECIES: sodium/bile acid symporter family protein
4.34066587551e-05	6	30S ribosomal protein S14, partial
4.34066587551e-05	6	MULTISPECIES: nucleoside diphosphate kinase regulator
4.34066587551e-05	6	type III restriction system endonuclease
4.34066587551e-05	6	type III restriction endonuclease subunit R, partial
4.34066587551e-05	6	ferredoxin 2fe-2s protein
4.34066587551e-05	6	putative peptidoglycan binding domain protein
4.34066587551e-05	6	alternative oxidase
4.34066587551e-05	6	MULTISPECIES: 2-succinyl-5-enolpyruvyl-6-hydroxy-3-cyclohexene-1-carboxylate synthase
4.34066587551e-05	6	exopolysaccharide transporter
4.34066587551e-05	6	DUF395 domain-containing protein
4.34066587551e-05	6	exodeoxyribonuclease V, gamma subunit
4.34066587551e-05	6	magnesium transporter CorA, partial
4.34066587551e-05	6	MULTISPECIES: proline/betaine transporter
4.34066587551e-05	6	MULTISPECIES: YjjI family glycine radical enzyme
4.34066587551e-05	6	prolyl oligopeptidase family protein
4.34066587551e-05	6	DUF1801 domain-containing protein
4.34066587551e-05	6	translocation protein TolB precursor
4.34066587551e-05	6	NaMN--DMB phosphoribosyltransferase
4.34066587551e-05	6	exopolysaccharide synthesis ExoD
4.34066587551e-05	6	pyruvyl transferase
4.34066587551e-05	6	rod shape-determining protein MreB
4.34066587551e-05	6	DUF1848 domain-containing protein
4.34066587551e-05	6	Tripartite motif-containing protein 71 AltName: Full=Lin-41 homolog
4.34066587551e-05	6	thiazole biosynthesis protein ThiJ
4.34066587551e-05	6	MULTISPECIES: putative selenate ABC transporter substrate-binding protein
4.34066587551e-05	6	dual specificity protein phosphatase
4.34066587551e-05	6	RNA-guided pseudouridylation complex pseudouridine synthase subunit Cbf5
4.34066587551e-05	6	chaperone ClpB, partial
4.34066587551e-05	6	LysM-repeat proteins and domains
4.34066587551e-05	6	peptidase A2A
4.34066587551e-05	6	ACR family transporter, partial
4.34066587551e-05	6	proteorhodopsin
4.34066587551e-05	6	chromosome segregation protein, partial
4.34066587551e-05	6	lambda NinG family protein
4.34066587551e-05	6	outer-membrane immunogenic protein precursor
4.34066587551e-05	6	PTS-dependent dihydroxyacetone kinase phosphotransferase subunit DhaM
4.34066587551e-05	6	MULTISPECIES: 23S rRNA (guanosine(2251)-2'-O)-methyltransferase
4.34066587551e-05	6	DUF1524 domain-containing protein, partial
4.34066587551e-05	6	MULTISPECIES: transcriptional regulator HexR
4.34066587551e-05	6	polynucleotide phosphorylase/polyadenylase
4.34066587551e-05	6	flagellar switch protein FliM
4.34066587551e-05	6	MULTISPECIES: chromosome partition protein MukB
4.34066587551e-05	6	resolvase-like protein
4.34066587551e-05	6	cytochrome-c oxidase, cbb3-type subunit I, partial
4.34066587551e-05	6	sterol carrier family protein
4.34066587551e-05	6	methylmalonyl-CoA carboxyltransferase 12S subunit
4.34066587551e-05	6	protein tyrosine/serine phosphatase
4.34066587551e-05	6	type IV secretion system protein
4.34066587551e-05	6	type IV secretion system protein VirB9
4.34066587551e-05	6	leucine carboxyl methyltransferase
4.34066587551e-05	6	MULTISPECIES: deferrochelatase/peroxidase EfeB
4.34066587551e-05	6	glycosyl transferase family 28
4.34066587551e-05	6	MULTISPECIES: protein-S-isoprenylcysteine methyltransferase
4.34066587551e-05	6	MULTISPECIES: murein biosynthesis protein MurEF
4.34066587551e-05	6	cytochrome b561 family protein
4.34066587551e-05	6	porin OmpA
4.34066587551e-05	6	molybdopterin guanine dinucleotide-containing S/N-oxide reductase
4.34066587551e-05	6	condensin subunit ScpB
4.34066587551e-05	6	SOS cell division inhibitor SulA
4.34066587551e-05	6	MULTISPECIES: DUF29 domain-containing protein
4.34066587551e-05	6	cysteine peptidase
4.34066587551e-05	6	Rieske Fe-S protein
4.34066587551e-05	6	LMBE-related protein
4.34066587551e-05	6	acetoacetate metabolism regulatory protein AtoC
4.34066587551e-05	6	bacillolysin
4.34066587551e-05	6	ferrous iron transporter C
4.34066587551e-05	6	MULTISPECIES: chromate resistance protein
4.34066587551e-05	6	MULTISPECIES: ISL3 family transposase
4.34066587551e-05	6	MULTISPECIES: flagellar biosynthetic protein FliQ
4.34066587551e-05	6	diheme cytochrome c-553
4.34066587551e-05	6	MULTISPECIES: beta-mannosidase
4.34066587551e-05	6	branched-chain amino acid transport
4.34066587551e-05	6	MULTISPECIES: aerotolerance protein BatA
4.34066587551e-05	6	MULTISPECIES: NADH:ubiquinone oxidoreductase subunit A
4.34066587551e-05	6	Mn/Zn ABC transporter ATPase
4.34066587551e-05	6	RND superfamily drug efflux protein
4.34066587551e-05	6	4Fe-4S ferredoxin, partial
4.34066587551e-05	6	long-chain fatty acid transporter permease
4.34066587551e-05	6	MULTISPECIES: apolipoprotein acyltransferase
4.34066587551e-05	6	MULTISPECIES: acyl-CoA-binding protein
4.34066587551e-05	6	DUF2634 domain-containing protein
4.34066587551e-05	6	MULTISPECIES: molybdenum-dependent transcriptional regulator
4.34066587551e-05	6	MULTISPECIES: putrescine ABC transporter permease
4.34066587551e-05	6	MULTISPECIES: thiol reductant ABC exporter subunit CydD
4.34066587551e-05	6	MULTISPECIES: IS6 family transposase, partial
4.34066587551e-05	6	MULTISPECIES: HK97 family phage prohead protease
4.34066587551e-05	6	type III-A CRISPR-associated protein Csm2
4.34066587551e-05	6	glycerol dehydratase
4.34066587551e-05	6	DUF3893 domain-containing protein
4.34066587551e-05	6	xanthine dehydrogenase molybdenum-binding subunit apoprotein
4.34066587551e-05	6	MULTISPECIES: phytochrome sensor protein
4.34066587551e-05	6	lipid A core--O-antigen ligase
4.34066587551e-05	6	arginine ABC transporter ATP-binding protein
4.34066587551e-05	6	MULTISPECIES: terephthalate 1,2-dioxygenase
4.34066587551e-05	6	putative hydroxymethylglutaryl-CoA reductase (NADPH)
4.34066587551e-05	6	RNA polymerase subunit sigma-28
4.34066587551e-05	6	peptide permease
4.34066587551e-05	6	Glu/Leu/Phe/Val dehydrogenase family protein
4.34066587551e-05	6	DUF2986 domain-containing protein
4.34066587551e-05	6	MULTISPECIES: DUF1543 domain-containing protein
4.34066587551e-05	6	endo-1,3-beta-glucanase
4.34066587551e-05	6	MULTISPECIES: carboxyl-terminal processing protease
4.34066587551e-05	6	Fe-S biogenesis protein NfuA
4.34066587551e-05	6	tight adherance flp pilus assembly protein
4.34066587551e-05	6	penicillin-binding protein transpeptidase
4.34066587551e-05	6	MULTISPECIES: sulfite dehydrogenase (cytochrome) subunit SorB
4.34066587551e-05	6	DUF4327 domain-containing protein
4.34066587551e-05	6	molecular chaperone DnaK suppressor DksA
4.34066587551e-05	6	hemin ABC transporter ATP-binding protein
4.34066587551e-05	6	MULTISPECIES: exopolygalacturonase
4.34066587551e-05	6	signal peptidase I, partial
4.34066587551e-05	6	aroA protein
4.34066587551e-05	6	PheA/TfdB family FAD-binding monooxygenase
4.34066587551e-05	6	ATP-dependent helicase PcrA
4.34066587551e-05	6	tetratricopeptide domain-containing protein
4.34066587551e-05	6	MULTISPECIES: ATP/GTP-binding protein
4.34066587551e-05	6	exodeoxyribonuclease V subunit alpha, partial
4.34066587551e-05	6	Lipase, GDSL domain protein
4.34066587551e-05	6	poly(3-hydroxyalkanoate) granule-associated protein PhaF
4.34066587551e-05	6	MULTISPECIES: flavin monoamine oxidase
4.34066587551e-05	6	TIGR02253 family HAD-type hydrolase
4.34066587551e-05	6	MULTISPECIES: DNA polymerase III
4.34066587551e-05	6	DUF4747 domain-containing protein
4.34066587551e-05	6	MULTISPECIES: aromatic compound catabolic protein
4.34066587551e-05	6	eosinophil peroxidase
4.34066587551e-05	6	M23/M37 family peptidase
4.34066587551e-05	6	MULTISPECIES: type II secretion system protein C
4.34066587551e-05	6	integrase/recombinase
4.34066587551e-05	6	acyl-homoserine-lactone synthase
4.34066587551e-05	6	HupU protein
4.34066587551e-05	6	MULTISPECIES: nitrate ABC transporter ATPase
4.34066587551e-05	6	NTE family protein
4.34066587551e-05	6	glycosyl transferase, group 2 family protein
4.34066587551e-05	6	iduronate-2-sulfatase, partial
4.34066587551e-05	6	xanthine dehydrogenase FAD-binding subunit XdhB
4.34066587551e-05	6	two-component system sensor histidine kinase DcuS
4.34066587551e-05	6	sigma factor SigB regulation protein RsbQ
4.34066587551e-05	6	O-linked N-acetylglucosamine transferase-like protein
4.34066587551e-05	6	DUF89 domain-containing protein
4.34066587551e-05	6	legionaminic acid biosynthesis protein PtmG
4.34066587551e-05	6	Flp pilus assembly ATPase CpaF
4.34066587551e-05	6	phage head to tail connecting protein
4.34066587551e-05	6	c-type cytochrome, methanol metabolism-related
4.34066587551e-05	6	MULTISPECIES: bacillithiol biosynthesis BshC
4.34066587551e-05	6	MULTISPECIES: YciK family oxidoreductase
4.34066587551e-05	6	serralysin
4.34066587551e-05	6	glutathione gamma-glutamylcysteinyltransferase
4.34066587551e-05	6	sugar transferase PEP-CTERM/EpsH1 system associated
4.34066587551e-05	6	ferric siderophore receptor protein
4.34066587551e-05	6	outer membrane iron(III) dicitrate receptor
4.34066587551e-05	6	DUF2569 domain-containing protein
4.34066587551e-05	6	4-hydroxybenzoyl-CoA thioesterase, partial
4.34066587551e-05	6	oxidoreductase domain-containing protein
4.34066587551e-05	6	Pentaxin
4.34066587551e-05	6	Shoulder domain protein
4.34066587551e-05	6	tyrosine-specific transporter
4.34066587551e-05	6	cupin, partial
4.34066587551e-05	6	IS1595 family transposase ISBaba3
4.34066587551e-05	6	NADH dehydrogenase I chain M
4.34066587551e-05	6	organic solvent ABC transporter
4.34066587551e-05	6	MULTISPECIES: Zn-dependent protease
4.34066587551e-05	6	ribosome modulation factor
4.34066587551e-05	6	rhamnosyl O-methyltransferase
4.34066587551e-05	6	formate dehydrogenase subunit delta
4.34066587551e-05	6	trans-acting regulatory protein hvrA
4.34066587551e-05	6	HPP domain-containing protein
4.34066587551e-05	6	nicotinate phosphoribosyltransferase, partial
4.34066587551e-05	6	PilN family type IVB pilus formation outer membrane protein
4.34066587551e-05	6	L-seryl-tRNA(Sec) selenium transferase, partial
4.34066587551e-05	6	double-stranded RNA/RNA-DNA hybrid-binding protein
4.34066587551e-05	6	MULTISPECIES: DUF385 domain-containing protein
4.34066587551e-05	6	MULTISPECIES: photosystem I protein PsaD
4.34066587551e-05	6	putative calcium-binding protein
4.34066587551e-05	6	primase C 2 (PriCT-2) family protein
4.34066587551e-05	6	thiazole biosynthesis protein
4.34066587551e-05	6	glutamine phosphoribosylpyrophosphate amidotransferase
4.34066587551e-05	6	dUMP phosphatase
4.34066587551e-05	6	transcriptional activator
4.34066587551e-05	6	DUF1815 domain-containing protein
4.34066587551e-05	6	hydroxyacid dehydrogenase, partial
4.34066587551e-05	6	DNA polymerase beta
4.34066587551e-05	6	hyaluronate lyase
4.34066587551e-05	6	mitomycin antibiotics/polyketide fumonisin biosynthesis protein
4.34066587551e-05	6	MULTISPECIES: dodecin domain-containing protein
4.34066587551e-05	6	RepB plasmid partition
4.34066587551e-05	6	HD domain-containing protein, partial
4.34066587551e-05	6	MarR family transcriptional regulator, partial
4.34066587551e-05	6	IS630 family transposase IS1066
4.34066587551e-05	6	MULTISPECIES: flagellar protein
4.34066587551e-05	6	type VI secretion system lysozyme
4.34066587551e-05	6	SGNH hydrolase, partial
4.34066587551e-05	6	MULTISPECIES: molybdopterin-synthase adenylyltransferase MoeB
4.34066587551e-05	6	DUF1646 domain-containing protein
4.34066587551e-05	6	pas/pac sensor protein
4.34066587551e-05	6	MULTISPECIES: thermostable dipeptidase
4.34066587551e-05	6	MULTISPECIES: quinoprotein glucose dehydrogenase
4.34066587551e-05	6	MULTISPECIES: multidrug efflux RND transporter AdeIJK outer membrane channel subunit AdeK
4.34066587551e-05	6	biosynthetic aromatic amino acid aminotransferase
4.34066587551e-05	6	adenosylmethionine-8-amino-7-oxononanoate aminotransferase
4.34066587551e-05	6	capsular polysaccharide biosynthesis/export transmembrane
4.34066587551e-05	6	flagellar FlbT
4.34066587551e-05	6	MULTISPECIES: methionine sulfoxide reductase B
4.34066587551e-05	6	tRNA ligase class I domain protein
4.34066587551e-05	6	glucose/sorbosone dehydrogenase-related
4.34066587551e-05	6	MULTISPECIES: Na(+)/H(+) antiporter NhaA
4.34066587551e-05	6	DUF1284 domain-containing protein
4.34066587551e-05	6	DUF4436 domain-containing protein
4.34066587551e-05	6	MULTISPECIES: CDGSH iron-sulfur domain-containing protein
4.34066587551e-05	6	outer membrane protein RomA
4.34066587551e-05	6	twin arginine-targeting protein translocase TatB
4.34066587551e-05	6	host cell attachment protein
4.34066587551e-05	6	MULTISPECIES: DUF2587 domain-containing protein
4.34066587551e-05	6	Mg chelatase
4.34066587551e-05	6	Tir chaperone family protein
4.34066587551e-05	6	Tellurium resistance protein terZ
4.34066587551e-05	6	calcineurin-like phosphoesterase family protein
4.34066587551e-05	6	MULTISPECIES: histidine/lysine/arginine/ornithine ABC transporter permease HisQ
4.34066587551e-05	6	DNA modification methyltransferase
4.34066587551e-05	6	pyruvate formate-lyase
4.34066587551e-05	6	ubiquinone biosynthesis hydroxylase
4.34066587551e-05	6	Protein of unknown function DUF1587
4.34066587551e-05	6	light dependent protochlorophyllide oxido-reductase
4.34066587551e-05	6	heme lyase NrfEFG subunit NrfE
4.34066587551e-05	6	flagellar biosynthesis regulatory protein FlaF
4.34066587551e-05	6	putative xanthine dehydrogenase, molybdopterin binding subunit
4.34066587551e-05	6	N-acyl-L-homoserine lactone synthetase
4.34066587551e-05	6	bifunctional glutamine synthetase adenylyltransferase/deadenyltransferase, partial
4.34066587551e-05	6	orange carotenoid protein
4.34066587551e-05	6	NADH ubiquinone oxidoreductase
4.34066587551e-05	6	MULTISPECIES: 3-methyladenine DNA glycosylase
4.34066587551e-05	6	glycosyltransferase MGT family
4.34066587551e-05	6	histidinol-phosphate phosphatase family protein
4.34066587551e-05	6	MULTISPECIES: UDP-glucose 6-dehydrogenase
4.34066587551e-05	6	gliding motility-associated lipoprotein GldJ
4.34066587551e-05	6	tonB-dependent Receptor Plug domain protein
4.34066587551e-05	6	MULTISPECIES: squalene--hopene cyclase
4.34066587551e-05	6	putative ATP-dependent DNA helicase
4.34066587551e-05	6	acyl-CoA synthetase/AMP-acid ligase
4.34066587551e-05	6	fatty acid metabolism transcriptional regulator FadR
4.34066587551e-05	6	MULTISPECIES: CbbQ/NirQ/NorQ/GpvN family protein
4.34066587551e-05	6	Recombination inhibitory protein MutS2
4.34066587551e-05	6	inner membrane protein YpjD
4.34066587551e-05	6	hopanoid biosynthesis associated glycosyl transferase HpnI
4.34066587551e-05	6	DUF3808 domain-containing protein
4.34066587551e-05	6	Ubiquinone biosynthesis hydroxylase UbiH/UbiF/VisC/COQ6 family
4.34066587551e-05	6	class III poly(R)-hydroxyalkanoic acid synthase subunit PhaE
4.34066587551e-05	6	MULTISPECIES: dTDP-6-deoxy-L-hexose 3-O-methyltransferase
4.34066587551e-05	6	type III secretion outer membrane ring component
4.34066587551e-05	6	MULTISPECIES: IS1634 family transposase ISThsp12
4.34066587551e-05	6	extracytoplasmic-binding receptor
4.34066587551e-05	6	putative ATPase
4.34066587551e-05	6	MULTISPECIES: DUF1674 domain-containing protein
4.34066587551e-05	6	adventurous gliding motility protein S
4.34066587551e-05	6	Fe-S cluster assembly transcriptional regulator SufR
4.34066587551e-05	6	protein serine/threonine phosphatase with GAF(s) sensor(s)
4.34066587551e-05	6	MULTISPECIES: flagellar transcriptional activator FlhD
4.34066587551e-05	6	MULTISPECIES: type II CRISPR RNA-guided endonuclease Cas9
4.34066587551e-05	6	TIGR02301 family protein
4.34066587551e-05	6	bifunctional demethylmenaquinone methyltransferase/2-methoxy-6-polyprenyl-1,4-benzoquinol methylase, partial
4.34066587551e-05	6	DNA ligase ATP-dependent
4.34066587551e-05	6	general secretion pathway protein GspI
4.34066587551e-05	6	VPLPA-CTERM sorting domain-containing protein
4.34066587551e-05	6	long-chain fatty aldehyde decarbonylase
4.34066587551e-05	6	aminodeoxychorismate synthase component I, partial
4.34066587551e-05	6	N-acetyl-gamma-glutamyl-phosphate reductase, partial
4.34066587551e-05	6	MULTISPECIES: succinylglutamate-semialdehyde dehydrogenase
4.34066587551e-05	6	chondroitinase B
4.34066587551e-05	6	MULTISPECIES: PEP-utilizing protein mobile subunit
4.34066587551e-05	6	MULTISPECIES: ribbon-helix-helix protein, CopG family
4.34066587551e-05	6	MULTISPECIES: secretion protein F
4.34066587551e-05	6	hydroxyneurosporene-O-methyltransferase
4.34066587551e-05	6	IS21 family transposase ISJsp3
4.34066587551e-05	6	MULTISPECIES: DUF4041 domain-containing protein
4.34066587551e-05	6	MULTISPECIES: type IA DNA topoisomerase
4.34066587551e-05	6	FKBP-type peptidyl-prolyl cis-trans isomerase FkpA
4.34066587551e-05	6	chromosome partitioning protein, partial
4.34066587551e-05	6	MULTISPECIES: polysulfide reductase NrfD
4.34066587551e-05	6	membrane or secreted protein containing DUF1549
4.34066587551e-05	6	MULTISPECIES: CRISPR-associated endonuclease Cas2
4.34066587551e-05	6	carbon dioxide concentrating mechanism protein CcmM
4.34066587551e-05	6	DUF3520 domain-containing protein
4.34066587551e-05	6	silent information regulator protein Sir2
4.34066587551e-05	6	biofilm PGA synthesis N-glycosyltransferase
4.34066587551e-05	6	HlyJ hemolysin-like protein
4.34066587551e-05	6	2-C-methyl-D-erythritol 2,4-cyclodiphosphate synthase, partial
4.34066587551e-05	6	MULTISPECIES: cytochrome c552
4.34066587551e-05	6	McrBC 5-methylcytosine restriction system component
4.34066587551e-05	6	MULTISPECIES: branched-chain amino acid transport system II carrier protein
4.34066587551e-05	6	MULTISPECIES: photosynthetic complex assembly protein PuhC
4.34066587551e-05	6	MULTISPECIES: transcriptional activator NhaR
4.34066587551e-05	6	MULTISPECIES: serine-type D-Ala-D-Ala carboxypeptidase
4.34066587551e-05	6	MULTISPECIES: cell envelope integrity protein CreD
4.34066587551e-05	6	magnesium/cobalt efflux protein CorC
4.34066587551e-05	6	IS21 family transposase ISAisp6
4.34066587551e-05	6	MULTISPECIES: L-alanine-DL-glutamate epimerase
4.34066587551e-05	6	lysine transporter
4.34066587551e-05	6	sodium/proton antiporter, NhaA family
4.34066587551e-05	6	glyoxylate carboligase, partial
4.34066587551e-05	6	phage/plasmid primase, P4 family, C-terminal domain-containing protein
4.34066587551e-05	6	MULTISPECIES: peptidase C13
4.34066587551e-05	6	bifunctional polymyxin resistance ArnA protein
4.34066587551e-05	6	shikimate kinase, partial
4.34066587551e-05	6	MULTISPECIES: bifunctional 3-phenylpropionate/cinnamic acid dioxygenase ferredoxin subunit
4.34066587551e-05	6	NADH-quinone oxidoreductase chain N
4.34066587551e-05	6	class I SAM-dependent rRNA methyltransferase, partial
4.34066587551e-05	6	MULTISPECIES: stage II sporulation protein M
4.34066587551e-05	6	MULTISPECIES: DUF2135 domain-containing protein
4.34066587551e-05	6	IS1595 family transposase ISAcve1
4.34066587551e-05	6	hydroxyectoine utilization dehydratase EutB
4.34066587551e-05	6	cbxX/cfqX
4.34066587551e-05	6	M13 family metallopeptidase PepO precursor
4.34066587551e-05	6	MULTISPECIES: ModE family transcriptional regulator
4.34066587551e-05	6	MULTISPECIES: heme iron utilization protein
4.34066587551e-05	6	saccharopine dehydrogenase, partial
4.34066587551e-05	6	PfkB domain-containing protein
4.34066587551e-05	6	MULTISPECIES: ISAzo13 family transposase ISDssp2
4.34066587551e-05	6	DUF1186 domain-containing protein
4.34066587551e-05	6	ferrochelatase, partial
4.34066587551e-05	6	MULTISPECIES: peptidoglycan L-alanyl-D-glutamate endopeptidase
4.34066587551e-05	6	platelet-activating factor acetylhydrolase plasma/intracellular isoform II
4.34066587551e-05	6	VcbS
4.34066587551e-05	6	glycogen debranching enzyme GlgX, partial
4.34066587551e-05	6	pyridoxal phosphate-binding protein
4.34066587551e-05	6	glycoside hydrolase family 2 sugar binding
4.34066587551e-05	6	DUF4169 domain-containing protein
4.34066587551e-05	6	succinoglycan biosynthesis protein
4.34066587551e-05	6	murein transglycosylase D
4.34066587551e-05	6	multifunctional hydrolase/phosphatase/nucleotidase
4.34066587551e-05	6	hyaluronoglucosaminidase
4.34066587551e-05	6	Retron-type reverse transcriptase
4.34066587551e-05	6	MULTISPECIES: trehalose utilization protein ThuA
4.34066587551e-05	6	MULTISPECIES: DUF3298 domain-containing protein
4.34066587551e-05	6	MULTISPECIES: phosphoenolpyruvate carboxykinase
4.34066587551e-05	6	two component regulator three y domain-containing protein
4.34066587551e-05	6	DNA helicase IV
4.34066587551e-05	6	heat-shock protein 33
4.34066587551e-05	6	PTS mannitol transporter subunit IIA
4.34066587551e-05	6	DUF4141 domain-containing protein
4.34066587551e-05	6	putative CoA-transferase beta subunit
4.34066587551e-05	6	coenzyme PQQ biosynthesis protein E
4.34066587551e-05	6	MULTISPECIES: NADH-quinone oxidoreductase subunit K 1
4.34066587551e-05	6	leucine-binding protein (LBP)
4.34066587551e-05	6	HldE family cytidylyltransferase
4.34066587551e-05	6	MULTISPECIES: DUF5009 domain-containing protein
4.34066587551e-05	6	metal dependent phosphohydrolase with GAF sensor
4.34066587551e-05	6	MULTISPECIES: sulfonate ABC transporter permease
4.34066587551e-05	6	MULTISPECIES: amino acid carrier protein
4.34066587551e-05	6	endonuclease III domain-containing protein
4.34066587551e-05	6	muraminidase, partial
4.34066587551e-05	6	cysteine desulfurase-like protein, partial
4.34066587551e-05	6	flavin reductase-like protein
4.34066587551e-05	6	sheath polysaccharide-degrading enzyme
4.34066587551e-05	6	surface antigen variable number repeat-containing protein
4.34066587551e-05	6	MULTISPECIES: DNA mismatch repair protein
4.34066587551e-05	6	MULTISPECIES: fimbrial protein
4.34066587551e-05	6	taurine--pyruvate aminotransferase
4.34066587551e-05	6	DUF4844 domain-containing protein
4.34066587551e-05	6	MULTISPECIES: PAS domain S-box protein
4.34066587551e-05	6	ZTL protein
4.34066587551e-05	6	Nif11 domain/cupin domain-containing protein
4.34066587551e-05	6	nitrite reductase large subunit, partial
4.34066587551e-05	6	MULTISPECIES: transketolase, C-terminal subunit
4.34066587551e-05	6	MULTISPECIES: bifunctional aldehyde dehydrogenase/enoyl-CoA hydratase
4.34066587551e-05	6	MULTISPECIES: DUF3035 domain-containing protein
4.34066587551e-05	6	tryptophan 7-halogenase, partial
4.34066587551e-05	6	30S ribosomal protein S17e, partial
4.34066587551e-05	6	MULTISPECIES: glycoside hydrolase family 38
4.34066587551e-05	6	DUF2867 domain-containing protein, partial
4.34066587551e-05	6	MULTISPECIES: DUF3380 domain-containing protein
4.34066587551e-05	6	protein imuB
4.34066587551e-05	6	23S rRNA (adenine(2030)-N(6))-methyltransferase RlmJ, partial
4.34066587551e-05	6	MULTISPECIES: Zn-dependent oxidoreductase
4.34066587551e-05	6	RNase E specificity factor CsrD
4.34066587551e-05	6	MULTISPECIES: phage integrase
4.34066587551e-05	6	MULTISPECIES: RNA polymerase sigma factor, RpoD/SigA family
4.34066587551e-05	6	MULTISPECIES: AmmeMemoRadiSam system radical SAM enzyme
4.34066587551e-05	6	tripartite tricarboxylate transporter TctA family
4.34066587551e-05	6	IS3 family transposase ISAba21
4.34066587551e-05	6	MULTISPECIES: phosphatidylethanolamine-binding protein
4.34066587551e-05	6	HYR domain-containing protein, partial
4.34066587551e-05	6	uracil/xanthine transporter
4.34066587551e-05	6	MULTISPECIES: phosphotransferase
4.34066587551e-05	6	oxidoreductase NAD-binding domain protein
4.34066587551e-05	6	glycolate oxidase, partial
4.34066587551e-05	6	BLUF domain protein
4.34066587551e-05	6	di-heme cytochrome C peroxidase
4.34066587551e-05	6	elongation factor 1-alpha, partial
4.34066587551e-05	6	MULTISPECIES: uridine phosphorylase
4.34066587551e-05	6	choline oxidase
4.34066587551e-05	6	MULTISPECIES: PIG-L domain-containing protein
4.34066587551e-05	6	MULTISPECIES: amino acid-
4.34066587551e-05	6	MULTISPECIES: DUF3040 domain-containing protein
4.34066587551e-05	6	AsnC family protein
4.34066587551e-05	6	MULTISPECIES: YvcK family protein
4.34066587551e-05	6	phosphate ABC transporter, permease protein PstA, partial
4.34066587551e-05	6	propionate kinase
4.34066587551e-05	6	MULTISPECIES: long-chain acyl-CoA synthetase
4.34066587551e-05	6	putative phospholipid/glycerol acyltransferase
4.34066587551e-05	6	calmodulin-binding protein
4.34066587551e-05	6	MULTISPECIES: efflux transporter periplasmic adaptor subunit
4.34066587551e-05	6	alpha/beta hydrolase fold containing protein
4.34066587551e-05	6	rubredoxin-NAD(+) reductase
4.34066587551e-05	6	MULTISPECIES: AdeC/AdeK/OprM family multidrug efflux complex outer membrane factor
4.34066587551e-05	6	rubrerythrin/nigerythrin-like protein
4.34066587551e-05	6	putative tRNA (adenine(58)-N(1))-methyltransferase TrmI
4.34066587551e-05	6	magnesium protoporphyrin chelatase
4.34066587551e-05	6	disulfide bond formation protein
4.34066587551e-05	6	conjugal transfer protein TrbB
4.34066587551e-05	6	MULTISPECIES: DUF2065 domain-containing protein
4.34066587551e-05	6	muramidase (phage lambda lysozyme)
4.34066587551e-05	6	bifunctional aspartokinase I/homoserine dehydrogenase I
4.34066587551e-05	6	thiamine pyrophosphate protein central region
4.34066587551e-05	6	MULTISPECIES: glycine betaine/L-proline ABC transporter ATP-binding protein
4.34066587551e-05	6	calcium/sodium antiporter
4.34066587551e-05	6	proline hydroxylase, partial
4.34066587551e-05	6	MULTISPECIES: tryptophan halogenase
4.34066587551e-05	6	MULTISPECIES: phosphoglycerol transferase
4.34066587551e-05	6	DUF4034 domain-containing protein
4.34066587551e-05	6	Beta-glucanase precursor
4.34066587551e-05	6	bacteriophage tail assembly protein-like protein
4.34066587551e-05	6	MULTISPECIES: hemolysin III
4.34066587551e-05	6	DUF4282 domain-containing protein
4.34066587551e-05	6	L-xylulose 5-phosphate 3-epimerase
4.34066587551e-05	6	gliding motility protein GldB
4.34066587551e-05	6	phosphatidate cytidylyltransferase-like protein
4.34066587551e-05	6	phage terminase small subunit
4.34066587551e-05	6	UDP-glucose dehydrogenase
4.34066587551e-05	6	protease 2
4.34066587551e-05	6	cyclic pyranopterin monophosphate synthase accessory protein
4.34066587551e-05	6	MULTISPECIES: DUF11 domain-containing protein
4.34066587551e-05	6	putative TIM-barrel fold metal-dependent hydrolase
4.34066587551e-05	6	type IIA topoisomerase (DNA gyrase/topo II, topoisomerase IV), A subunit
4.34066587551e-05	6	MULTISPECIES: FKBP-type peptidylprolyl isomerase
4.34066587551e-05	6	WD-40-like repeat-containing protein
4.34066587551e-05	6	glutamyl-tRNA
4.34066587551e-05	6	MULTISPECIES: gamma-carboxygeranoyl-CoA hydratase
4.34066587551e-05	6	transcriptional regulator, AraC family with amidase-like domain protein
4.34066587551e-05	6	dioxygenase, partial
4.34066587551e-05	6	DUF3332 domain-containing protein
4.34066587551e-05	6	RNA polymerase sigma factor SigX
4.34066587551e-05	6	methylmalonate-semialdehyde dehydrogenase (acylating)
4.34066587551e-05	6	putative exported peptidase
4.34066587551e-05	6	MULTISPECIES: allophycocyanin subunit beta
4.34066587551e-05	6	PhoH-like protein
4.34066587551e-05	6	plasmid replication initiator RepA
4.34066587551e-05	6	glycogen debranching enzyme, partial
4.34066587551e-05	6	putative Thermitase
4.34066587551e-05	6	intein-containing ribonucleotide reductase
4.34066587551e-05	6	myo-inositol-1-monophosphatase
4.34066587551e-05	6	Cortactin-binding protein 2
4.34066587551e-05	6	MULTISPECIES: ribosome assembly cofactor RimP
4.34066587551e-05	6	muconate lactonizing mandelate racemase
4.34066587551e-05	6	MULTISPECIES: putative phosphatidyltransferase
4.34066587551e-05	6	MULTISPECIES: DNA-deoxyinosine glycosylase
4.34066587551e-05	6	structural protein P5
4.34066587551e-05	6	urease subunit alpha, partial
4.34066587551e-05	6	phosphoesterase RecJ
4.34066587551e-05	6	phosphoglycerol transferase alkaline phosphatase superfamily
4.34066587551e-05	6	outer membrane protein omp85 precursor
4.34066587551e-05	6	inorganic anion transporter SulP family
4.34066587551e-05	6	polyketide beta-ketoacyl:ACP synthase
4.34066587551e-05	6	type II secretion pathway component PulF
4.34066587551e-05	6	MULTISPECIES: ribosome maturation factor
4.34066587551e-05	6	DUF711 domain-containing protein
4.34066587551e-05	6	acetylglutamate kinase, partial
4.34066587551e-05	6	MULTISPECIES: DUF4381 domain-containing protein
4.34066587551e-05	6	DUF1853 domain-containing protein, partial
4.34066587551e-05	6	di-trans,poly-cis-decaprenylcistransferase, partial
4.34066587551e-05	6	ketoacyl-ACP synthase III, partial
4.34066587551e-05	6	colicin resistance protein
4.34066587551e-05	6	7-keto-8-aminopelargonate synthetase
4.34066587551e-05	6	Dna2/Cas4 domain-containing protein
4.34066587551e-05	6	DUF3088 domain-containing protein
4.34066587551e-05	6	alpha-D-phosphohexomutase
4.34066587551e-05	6	amino acid ABC substrate-binding protein
4.34066587551e-05	6	septum formation inhibitor
4.34066587551e-05	6	MULTISPECIES: biodegradative arginine decarboxylase AdiA
4.34066587551e-05	6	arginine--pyruvate aminotransferase AruH
4.34066587551e-05	6	ferredoxin:protochlorophyllide reductase (ATP-dependent) subunit N, partial
4.34066587551e-05	6	outer membrane assembly protein
4.34066587551e-05	6	MULTISPECIES: pyruvate kinase PykA
4.34066587551e-05	6	MULTISPECIES: lipid A export ATP-binding/permease MsbA
4.34066587551e-05	6	2-keto-4-methylthiobutyrate aminotransferase
4.34066587551e-05	6	iduronate-sulfatase and sulfatase 1 precursor
4.34066587551e-05	6	pyridine nucleotide-disulphide oxidoreductase dimerisation region
4.34066587551e-05	6	hydrogenase HoxU
4.34066587551e-05	6	MULTISPECIES: 3'-5' exonuclease domain-containing protein 2
4.34066587551e-05	6	MULTISPECIES: DUF882 domain-containing protein
4.34066587551e-05	6	MULTISPECIES: cellulose synthase operon protein YhjQ
4.34066587551e-05	6	glycosyl transferase group 1/2 family protein
4.34066587551e-05	6	MULTISPECIES: iron-regulated protein
4.34066587551e-05	6	RNA polymerase subunit sigma-70, partial
4.34066587551e-05	6	Terminase-like domain protein
4.34066587551e-05	6	MULTISPECIES: rhamnogalacturonan acetylesterase
4.34066587551e-05	6	HD-hydrolase
4.34066587551e-05	6	nitrogen regulatory protein
4.34066587551e-05	6	protein containing Coagulation factor 5/8 type
4.34066587551e-05	6	SpkC protein
4.34066587551e-05	6	monooxygenase, partial
4.34066587551e-05	6	MULTISPECIES: DUF4437 domain-containing protein
4.34066587551e-05	6	MULTISPECIES: type VI secretion system protein ImpG
4.34066587551e-05	6	MULTISPECIES: DNA single-strand annealing protein
4.34066587551e-05	6	delta-1-pyrroline-5-carboxylate dehydrogenase, partial
4.34066587551e-05	6	hpt protein
4.34066587551e-05	6	succinate--CoA ligase
4.34066587551e-05	6	arginine ABC transporter ATP-binding protein ArtP
4.34066587551e-05	6	glycoside hydrolase family 13
4.34066587551e-05	6	vault protein inter-alpha-trypsin
4.34066587551e-05	6	pyrrolo-quinoline quinone, partial
4.34066587551e-05	6	McnC protein
4.34066587551e-05	6	lipid A core-O-antigen ligase
4.34066587551e-05	6	motA/TolQ/ExbB proton channel family protein
4.34066587551e-05	6	helicase domain protein
4.34066587551e-05	6	LamB/YcsF family protein, partial
4.34066587551e-05	6	zinc-binding dehydrogenase family oxidoreductase
4.34066587551e-05	6	MULTISPECIES: DUF1445 domain-containing protein
4.34066587551e-05	6	4,5-9,10-diseco-3-hydroxy-5,9,17-trioxoandrosta-1(10),2-diene-4-oate hydrolase
4.34066587551e-05	6	virulence protein SrfB
4.34066587551e-05	6	L-fuculose kinase
4.34066587551e-05	6	polysaccharide biosynthesis permease
4.34066587551e-05	6	proline-specific permease ProY
4.34066587551e-05	6	lectin subunit beta
4.34066587551e-05	6	MULTISPECIES: DUF1428 domain-containing protein
4.34066587551e-05	6	MULTISPECIES: LexA repressor
4.34066587551e-05	6	small-conductance mechanosensitive ion channel
4.34066587551e-05	6	MULTISPECIES: DUF559 domain-containing protein
4.34066587551e-05	6	MULTISPECIES: gliding motility protein GldN
4.34066587551e-05	6	reductive dehalogenase
4.34066587551e-05	6	MULTISPECIES: cell shape determination protein CcmA
4.34066587551e-05	6	penicillin-sensitive transpeptidase
4.34066587551e-05	6	tRNA (adenine-N(1))-methyltransferase
4.34066587551e-05	6	MULTISPECIES: sterol-binding protein
4.34066587551e-05	6	chromosome segregation DNA-binding protein
4.34066587551e-05	6	bacteriochlorophyll 4-vinyl reductase
4.34066587551e-05	6	phosphatidic acid phosphatase, partial
4.34066587551e-05	6	kynurenine formamidase
4.34066587551e-05	6	formate dehydrogenase-O, major subunit
4.34066587551e-05	6	MULTISPECIES: hydroxylamine reductase
4.34066587551e-05	6	prepilin-type N-terminal cleavage/methylation domain-containing protein
4.34066587551e-05	6	MULTISPECIES: DUF3071 domain-containing protein
4.34066587551e-05	6	antirepressor regulating drug resistance protein
4.34066587551e-05	6	hydantoinase, partial
4.34066587551e-05	6	muconolactone Delta-isomerase
4.34066587551e-05	6	MULTISPECIES: chain length determinant protein EpsF
4.34066587551e-05	6	spsA
4.34066587551e-05	6	MULTISPECIES: flagellar biosynthesis protein FliQ
4.34066587551e-05	6	FimV
4.34066587551e-05	6	enoyl-ACP reductase II
4.34066587551e-05	6	MULTISPECIES: tRNA (guanine(46)-N(7))-methyltransferase TrmB
4.34066587551e-05	6	Phasin protein
4.34066587551e-05	6	3-deoxy-D-manno-octulosonate 8-phosphate phosphatase, YrbI family
4.34066587551e-05	6	UDP-N-acetylglucosamine 2-epimerase
4.34066587551e-05	6	conductance mechanosensitive channel
4.34066587551e-05	6	protein disaggregation chaperone, partial
4.34066587551e-05	6	TIGR00269 family protein
4.34066587551e-05	6	MULTISPECIES: Ku protein
4.34066587551e-05	6	spore coat polysaccharide biosynthesis protein F, CMP-KDO synthetase
4.34066587551e-05	6	mutL protein
4.34066587551e-05	6	MULTISPECIES: invasion associated locus B family protein
4.34066587551e-05	6	phosphohydrolase with GAF sensor
4.34066587551e-05	6	CadC family transcriptional regulator
4.34066587551e-05	6	xylose reductase
4.34066587551e-05	6	DUF3788 domain-containing protein
4.34066587551e-05	6	cation ABC transporter ATP-binding protein
4.34066587551e-05	6	12,18-didecarboxysiroheme deacetylase
4.34066587551e-05	6	heat-shock protein Hsp15
4.34066587551e-05	6	TIGR02117 family protein
4.34066587551e-05	6	rhodanese domain protein
4.34066587551e-05	6	glutamine-dependent NAD+ synthetase
4.34066587551e-05	6	homospermidine synthase (spermidine-specific)
4.34066587551e-05	6	MULTISPECIES: HAMP domain-containing protein
4.34066587551e-05	6	hydroperoxidase
4.34066587551e-05	6	alpha-glycosidase, partial
4.34066587551e-05	6	molybdate ABC transporter substrate-binding protein, partial
4.34066587551e-05	6	MULTISPECIES: flagellar basal-body rod protein FlgF
4.34066587551e-05	6	MULTISPECIES: aliphatic nitrilase
4.34066587551e-05	6	MULTISPECIES: polysaccharide export protein EpsE
4.34066587551e-05	6	phenylacetic acid degradation protein, partial
4.34066587551e-05	6	mannose-6-phosphate isomerase, partial
4.34066587551e-05	6	pantetheine-phosphate adenylyltransferase, partial
4.34066587551e-05	6	4-phosphopantoate--beta-alanine ligase
4.34066587551e-05	6	MULTISPECIES: phosphopantetheine-binding protein
4.34066587551e-05	6	FkbH domain-containing protein
4.34066587551e-05	6	metalloenzyme domain-containing protein
4.34066587551e-05	6	selenocysteine-specific translation factor
4.34066587551e-05	6	fibronectin-binding autotransporter adhesin ShdA
4.34066587551e-05	6	MULTISPECIES: methylitaconate delta2-delta3-isomerase
4.34066587551e-05	6	MoxR family ATPase, partial
4.34066587551e-05	6	phage late control D protein
4.34066587551e-05	6	DUF5076 domain-containing protein
4.34066587551e-05	6	MULTISPECIES: arginine-ornithine antiporter
4.34066587551e-05	6	MULTISPECIES: integrating conjugative element protein
4.34066587551e-05	6	serine--glyoxylate aminotransferase
4.34066587551e-05	6	MULTISPECIES: protocatechuate 4,5-dioxygenase subunit beta
4.34066587551e-05	6	MULTISPECIES: transposase family protein
4.34066587551e-05	6	ArgK protein
4.34066587551e-05	6	MULTISPECIES: pyruvate dehydrogenase E1 subunit alpha
4.34066587551e-05	6	BA14K family protein
4.34066587551e-05	6	acetyl-CoA carboxyltransferase subunit alpha
4.34066587551e-05	6	Zn-dependent alcohol dehydrogenase, class III
4.34066587551e-05	6	outer membrane protein H precursor
4.34066587551e-05	6	amino acid oxidase
4.34066587551e-05	6	MULTISPECIES: YgdI/YgdR family lipoprotein
4.34066587551e-05	6	Fe-S center protein
4.34066587551e-05	6	Fe-S metabolism associated domain protein
4.34066587551e-05	6	MULTISPECIES: DUF3034 domain-containing protein
4.34066587551e-05	6	polyferredoxin
4.34066587551e-05	6	MULTISPECIES: MMPL domain-containing protein
4.34066587551e-05	6	MULTISPECIES: 8-oxo-dGTP diphosphatase MutT
4.34066587551e-05	6	type I restriction enzyme R protein
4.34066587551e-05	6	NlpC-P60 family protein
4.34066587551e-05	6	phage/plasmid primase P4-like protein
4.34066587551e-05	6	MULTISPECIES: DUF2798 domain-containing protein
4.34066587551e-05	6	MULTISPECIES: 1-phosphofructokinase
4.34066587551e-05	6	MULTISPECIES: arylformamidase
4.34066587551e-05	6	DSH domain protein
4.34066587551e-05	6	glucan biosynthesis protein
4.34066587551e-05	6	deoxynucleoside kinase, partial
4.34066587551e-05	6	SMP-30/gluconolaconase/LRE-like region-containing protein
4.34066587551e-05	6	TrkA-N domain-containing protein
4.34066587551e-05	6	competence protein ComM
4.34066587551e-05	6	5-formyltetrahydrofolate cyclo-ligase, partial
4.34066587551e-05	6	DNA mismatch repair protein Vsr
4.34066587551e-05	6	DSH domain-containing protein
4.34066587551e-05	6	MULTISPECIES: cytochrome b6-f complex iron-sulfur subunit
4.34066587551e-05	6	C-compound, carbohydrate catabolism protein
4.34066587551e-05	6	CDP-6-deoxy-delta-3,4-glucoseen reductase, partial
4.34066587551e-05	6	putative response regulator
4.34066587551e-05	6	divergent AAA domain protein
4.34066587551e-05	6	MULTISPECIES: 2-polyprenyl-6-methoxyphenol hydroxylase
4.34066587551e-05	6	nitrate reductase gamma subunit domain protein
4.34066587551e-05	6	putative ribonucleoside-triphosphate reductase (modular protein)
4.34066587551e-05	6	catabolite repression control protein
4.34066587551e-05	6	MULTISPECIES: DUF4433 domain-containing protein
4.34066587551e-05	6	carboxypeptidase regulator
4.34066587551e-05	6	type I-B CRISPR-associated protein Cas7/Cst2/DevR
4.34066587551e-05	6	protein FixC
4.34066587551e-05	6	MULTISPECIES: HicB family protein
4.34066587551e-05	6	DUF2090 domain-containing protein
4.34066587551e-05	6	MULTISPECIES: acyl-CoA ligase (AMP-forming), exosortase A system-associated
4.34066587551e-05	6	type I restriction-modification system subunit M, partial
4.34066587551e-05	6	hydrolyase
4.34066587551e-05	6	potassium transporter, partial
4.34066587551e-05	6	bacteriocin-protection protein, YdeI/OmpD-associated family
4.34066587551e-05	6	MULTISPECIES: cytochrome d terminal oxidase subunit I
4.34066587551e-05	6	MULTISPECIES: cytochrome d terminal oxidase subunit 1
4.34066587551e-05	6	lipoyltransferase and lipoate-protein ligase
4.34066587551e-05	6	endo-1,4-beta-xylanase A precursor
4.34066587551e-05	6	MULTISPECIES: DUF378 domain-containing protein
4.34066587551e-05	6	MULTISPECIES: demethylmenaquinone methyltransferase
4.34066587551e-05	6	DUF2807 domain-containing protein, partial
4.34066587551e-05	6	DUF1980 domain-containing protein
4.34066587551e-05	6	phage/plasmid primase P4 family C-terminal domain
4.34066587551e-05	6	Ni/Fe hydrogenase 1 b-type cytochrome subunit
4.34066587551e-05	6	MULTISPECIES: phosphate starvation protein
4.34066587551e-05	6	L-aspartate dehydrogenase
4.34066587551e-05	6	8-oxoguanine DNA glycosylase, N-terminal domain family
4.34066587551e-05	6	septum site-determining protein
4.34066587551e-05	6	IS3 family transposase ISAs33
4.34066587551e-05	6	glycine cleavage system protein T, partial
4.34066587551e-05	6	pilus assembly protein CpaA
4.34066587551e-05	6	MULTISPECIES: Holliday junction resolvase
4.34066587551e-05	6	DNA sulfur modification protein DndE
4.34066587551e-05	6	methionine synthase I, homocysteine S-methyltransferase
4.34066587551e-05	6	MULTISPECIES: threonine-phosphate decarboxylase
4.34066587551e-05	6	ClpXP protease specificity-enhancing factor, partial
4.34066587551e-05	6	MULTISPECIES: exodeoxyribonuclease I
4.34066587551e-05	6	C-type lectin domain-containing protein
4.34066587551e-05	6	MULTISPECIES: beta-carotene 15,15'-monooxygenase
4.34066587551e-05	6	DUF2130 domain-containing protein, partial
4.34066587551e-05	6	OmpA family lipoprotein
4.34066587551e-05	6	Rep helicase a single-stranded DNA-dependent ATPase
4.34066587551e-05	6	virulence-associated E family protein, partial
4.34066587551e-05	6	MULTISPECIES: nucleoside-diphosphate-sugar epimerase
4.34066587551e-05	6	DUF4138 domain-containing protein
4.34066587551e-05	6	K+/H+ antiporter subunit F
4.34066587551e-05	6	MULTISPECIES: IS5 family transposase ISAha3
4.34066587551e-05	6	MULTISPECIES: general secretion pathway protein GspN
4.34066587551e-05	6	MULTISPECIES: pirin
4.34066587551e-05	6	3-polyprenyl-4-hydroxybenzoate carboxy-lyase UbiX
4.34066587551e-05	6	type-4 fimbrial pilin related signal peptide protein
4.34066587551e-05	6	ribonucleoside-diphosphate reductase, adenosylcobalamin-dependent, partial
4.34066587551e-05	6	MULTISPECIES: heat-shock protein Hsp70
4.34066587551e-05	6	general secretion pathway protein H
4.34066587551e-05	6	flagellar motor switch phosphatase FliY
4.34066587551e-05	6	IS1 family transposase ISAcma36
4.34066587551e-05	6	MULTISPECIES: non-ribosomal peptide synthase
4.34066587551e-05	6	benzoyl-CoA reductase subunit A
4.34066587551e-05	6	cytochrome c1 family protein
4.34066587551e-05	6	CHAT domain-containing protein, partial
4.34066587551e-05	6	MULTISPECIES: Hsp33 chaperonin
4.34066587551e-05	6	MULTISPECIES: disulfide bond formation protein DsbC
4.34066587551e-05	6	SAM-dependent RNA methyltransferase
4.34066587551e-05	6	FlgJ-like protein
4.34066587551e-05	6	MULTISPECIES: BatE protein
4.34066587551e-05	6	D-xylose-proton symporter
4.34066587551e-05	6	Nodulation protein N
4.34066587551e-05	6	MULTISPECIES: polyhydroxybutyrate depolymerase
4.34066587551e-05	6	UTP--glucose-1-phosphate uridylyltransferase, partial
4.34066587551e-05	6	sugar-non-specific nuclease NucA-like protein
4.34066587551e-05	6	DUF4342 domain-containing protein
4.34066587551e-05	6	IS3 family transposase ISGbe2
4.34066587551e-05	6	Na+/H+ antiporter NhaA, partial
4.34066587551e-05	6	2-oxo-3-deoxygalactonate kinase
4.34066587551e-05	6	DUF4823 domain-containing protein
4.34066587551e-05	6	multicopper oxidase type 3
4.34066587551e-05	6	ATP-dependent DNA helicase PcrA, partial
4.34066587551e-05	6	thermophilic protease
4.34066587551e-05	6	sulfatase maturase
4.34066587551e-05	6	methylmalonyl-CoA mutase large subunit
4.34066587551e-05	6	polyketide biosynthesis operon protein CyrO
4.34066587551e-05	6	ATP-dependent dsDNA exonuclease
4.34066587551e-05	6	DNA/pantothenate metabolism flavoprotein
4.34066587551e-05	6	delta 1-pyrroline-5-carboxylate reductase
4.34066587551e-05	6	MULTISPECIES: conjugal transfer protein TraA
4.34066587551e-05	6	glucan export ABC transporter ATP-binding protein
4.34066587551e-05	6	Cell wall lytic activity
4.34066587551e-05	6	WxcM-like
4.34066587551e-05	6	NADPH quinone reductase or Zn-dependent oxidoreductase
4.34066587551e-05	6	MULTISPECIES: periplasmic nitrate reductase subunit alpha
4.34066587551e-05	6	glycine-rich autotransporter protein
4.34066587551e-05	6	D-amino acid aminohydrolase
4.34066587551e-05	6	MULTISPECIES: peptidase S1 and S6, chymotrypsin/Hap
4.34066587551e-05	6	pilus assembly-related protein
4.34066587551e-05	6	putative transporter
4.34066587551e-05	6	secreted protein containing DUF1588
4.34066587551e-05	6	glucan endo-1,3-beta-glucanase
4.34066587551e-05	6	filamentous hemagglutinin family N-terminal domain containing protein
4.34066587551e-05	6	methylamine
4.34066587551e-05	6	allantoate amidohydrolase, partial
4.34066587551e-05	6	rne/Rng family ribonuclease
4.34066587551e-05	6	permease, partial
4.34066587551e-05	6	MULTISPECIES: ATP synthase subunit B
4.34066587551e-05	6	MULTISPECIES: ribonuclease H
4.34066587551e-05	6	MULTISPECIES: poly-beta-1,6 N-acetyl-D-glucosamine synthase
4.34066587551e-05	6	DNA polymerase III subunit delta', partial
4.34066587551e-05	6	KaiB domain protein
4.34066587551e-05	6	UDP-N-acetylmuramoylalanyl-D-glutamyl-2, 6-diaminopimelate--D-alanyl-D-alanine ligase, partial
4.34066587551e-05	6	fdx1 protein
4.34066587551e-05	6	lipase/acylhydrolase family protein
4.34066587551e-05	6	multidrug transporter subunit MdtC, partial
4.34066587551e-05	6	23S rRNA (uracil(1939)-C(5))-methyltransferase, partial
4.34066587551e-05	6	MULTISPECIES: IS3 family transposase ISBrsp1
4.34066587551e-05	6	thioredoxin family protein, partial
4.34066587551e-05	6	putative multifunctional protein glycosyl transferase, tetratricopeptide domains and SAM methyltransferase domains
4.34066587551e-05	6	cell wall biosynthesis glycosyltransferase
4.34066587551e-05	6	alkaline phosphodiesterase
4.34066587551e-05	6	histidine--tRNA ligase, partial
4.34066587551e-05	6	ScpA/B protein
4.34066587551e-05	6	electron transport complex subunit RsxB, partial
4.34066587551e-05	6	MULTISPECIES: histidine/lysine/arginine/ornithine ABC transporter ATP-binding protein
4.34066587551e-05	6	bacteriocin/lantibiotic ABC transporter/glycine peptidase
4.34066587551e-05	6	penicillin binding protein transpeptidase domain-containing protein
4.34066587551e-05	6	DUF4352 domain-containing protein
4.34066587551e-05	6	deoxyuridine 5'-triphosphate nucleotidohydrolase, partial
4.34066587551e-05	6	MULTISPECIES: GlcNAc-PI de-N-acetylase
4.34066587551e-05	6	dot/Icm secretion system ATPase DotB
4.34066587551e-05	6	MULTISPECIES: membrane protein FxsA
4.34066587551e-05	6	DUF1018 domain-containing protein
4.34066587551e-05	6	Sir2 family transcriptional regulator
4.34066587551e-05	6	MULTISPECIES: trehalose permease IIC protein
4.34066587551e-05	6	DUF4113 domain-containing protein
4.34066587551e-05	6	curved DNA-binding protein
4.34066587551e-05	6	ubiquinone/menaquinone biosynthesis methyltransferase
4.34066587551e-05	6	ATP synthase F0F1 subunit delta
4.34066587551e-05	6	TctC, partial
4.34066587551e-05	6	phage major capsid protein, P2 family
4.34066587551e-05	6	glycosyl hydrolase family 3, N-terminal domain protein
4.34066587551e-05	6	MULTISPECIES: DNA glycosylase
4.34066587551e-05	6	DUF2203 domain-containing protein
4.34066587551e-05	6	salicylate biosynthesis isochorismate synthase
4.34066587551e-05	6	GGGtGRT protein
4.34066587551e-05	6	type III secretion integral inner membrane protein
4.34066587551e-05	6	DUF4878 domain-containing protein
4.34066587551e-05	6	phage protein, HK97 family
4.34066587551e-05	6	MULTISPECIES: salicylate 5-hydroxylase small oxygenase component
4.34066587551e-05	6	molybdenum cofactor biosynthesis protein MoaD
4.34066587551e-05	6	ATPase central domain-containing protein
4.34066587551e-05	6	flagellar biosynthesis switch protein
4.34066587551e-05	6	protein ninB
4.34066587551e-05	6	PhnA-like protein
4.34066587551e-05	6	MULTISPECIES: phospholipase D family protein
4.34066587551e-05	6	NADH-dependent dehydrogenase
4.34066587551e-05	6	ExsB family transcriptional regulator
4.34066587551e-05	6	AMIN domain-containing protein
4.34066587551e-05	6	sterol carrier protein
4.34066587551e-05	6	DUF1654 domain-containing protein
4.34066587551e-05	6	Rhodocoxin
4.34066587551e-05	6	acyl-CoA dehydrogenase type 2
4.34066587551e-05	6	MULTISPECIES: amino acid ABC transporter permease/ATP-binding protein
4.34066587551e-05	6	DUF1614 domain-containing protein
4.34066587551e-05	6	fosfomycin resistance glutathione transferase
4.34066587551e-05	6	MULTISPECIES: gliding motility-associated ABC transporter ATP-binding subunit GldA
4.34066587551e-05	6	IS21 family transposase ISSme2
4.34066587551e-05	6	lac repressor
4.34066587551e-05	6	plasmid transfer protein
4.34066587551e-05	6	histidinol-phosphate/aromatic aminotransferase and cobyric acid decarboxylase
4.34066587551e-05	6	DUF1585 domain-containing protein
4.34066587551e-05	6	endo-inulinase
4.34066587551e-05	6	MULTISPECIES: EEP domain-containing protein
4.34066587551e-05	6	ribonuclease Y, partial
4.34066587551e-05	6	PAS/PAC and GAF sensor-containing diguanylate cyclase
4.34066587551e-05	6	ubiquinone biosynthesis protein COQ7
4.34066587551e-05	6	outer membrane protein precursor
4.34066587551e-05	6	glutamate--tRNA ligase 1
4.34066587551e-05	6	PglZ domain-containing protein
4.34066587551e-05	6	MULTISPECIES: hydroxylase
4.34066587551e-05	6	MULTISPECIES: DUF1825 domain-containing protein
4.34066587551e-05	6	rubredoxin domain-containing protein
4.34066587551e-05	6	MULTISPECIES: CHAD domain-containing protein
4.34066587551e-05	6	p-hydroxycinnamoyl-CoA synthetase
4.34066587551e-05	6	VacJ lipoprotein
4.34066587551e-05	6	periplasmic alpha-galactoside-binding protein
4.34066587551e-05	6	stress adaptation transporter
4.34066587551e-05	6	B12-dependent ribonucleoside diphosphate reductase
4.34066587551e-05	6	Ig
4.34066587551e-05	6	MULTISPECIES: stress-induced protein
4.34066587551e-05	6	MULTISPECIES: conjugative transposon protein TraK
4.34066587551e-05	6	glycan metabolism protein RagB
4.34066587551e-05	6	TldE/PmbA protein
4.34066587551e-05	6	MULTISPECIES: thiol:disulfide interchange protein DsbC
4.34066587551e-05	6	MULTISPECIES: carbamoyl-phosphate synthase (glutamine-hydrolyzing) large subunit
4.34066587551e-05	6	IS1380 family transposase ISCARN98
4.34066587551e-05	6	DUF5063 domain-containing protein
4.34066587551e-05	6	MULTISPECIES: urea ABC transporter
4.34066587551e-05	6	Aerobic cobaltochelatase CobS subunit
4.34066587551e-05	6	cyclic pyranopterin monophosphate synthase
4.34066587551e-05	6	DNA exonuclease
4.34066587551e-05	6	MULTISPECIES: BspA family leucine-rich repeat surface protein
4.34066587551e-05	6	PRC-barrel
4.34066587551e-05	6	MULTISPECIES: 5-deoxy-glucuronate isomerase
4.34066587551e-05	6	Periplasmic protein involved in polysaccharide export
4.34066587551e-05	6	MjaI family restriction endonuclease
4.34066587551e-05	6	potassium-tellurite ethidium and proflavin transporter
4.34066587551e-05	6	cytochrome C protein
4.34066587551e-05	6	aliphatic amidase
4.34066587551e-05	6	MULTISPECIES: conjugal transfer protein TrbF
4.34066587551e-05	6	glycosyl hydrolase family 35
4.34066587551e-05	6	DAHP synthetase I/KDSA
4.34066587551e-05	6	outer membrane-stress sensor serine endopeptidase DegS
4.34066587551e-05	6	amino acid ABC transporter ATP-binding protein, partial
4.34066587551e-05	6	adenylate or guanylate cyclase
4.34066587551e-05	6	two-component system response regulator BasR
4.34066587551e-05	6	TIGR03546 family protein
4.34066587551e-05	6	stage V sporulation protein AD
4.34066587551e-05	6	DUF3392 domain-containing protein
4.34066587551e-05	6	MULTISPECIES: peptidase S15
4.34066587551e-05	6	Peptidase S53 propeptide
4.34066587551e-05	6	MULTISPECIES: DUF2837 domain-containing protein
4.34066587551e-05	6	tRNA uridine 5-carboxymethylaminomethyl modification protein
4.34066587551e-05	6	TIGR04551 family protein
4.34066587551e-05	6	MULTISPECIES: endonuclease I
4.34066587551e-05	6	valine dehydrogenase
4.34066587551e-05	6	IS3 family transposase ISMdi3
3.61722156292e-05	5	molybdenum-binding transcriptional regulator
3.61722156292e-05	5	MULTISPECIES: DUF4389 domain-containing protein
3.61722156292e-05	5	periplasmic metal ion binding protein
3.61722156292e-05	5	MULTISPECIES: protein BatD
3.61722156292e-05	5	MULTISPECIES: TIGR02687 family protein
3.61722156292e-05	5	nicotinamidase-like amidase
3.61722156292e-05	5	MULTISPECIES: cysteine protease
3.61722156292e-05	5	galactoside ABC transporter permease MglC
3.61722156292e-05	5	Glycoside hydrolase, family 20, catalytic core
3.61722156292e-05	5	cytochrome c oxidase subunit CcoN / cytochrome c oxidase subunit CcoO
3.61722156292e-05	5	RecT protein
3.61722156292e-05	5	pyruvate dehydrogenase (lipoamide)
3.61722156292e-05	5	myo-inositol catabolism IolB protein
3.61722156292e-05	5	toxin of toxin-antitoxin
3.61722156292e-05	5	MULTISPECIES: peptide-binding protein
3.61722156292e-05	5	PhoH protein
3.61722156292e-05	5	reductase DrgA
3.61722156292e-05	5	molecular chaperone Hsc20
3.61722156292e-05	5	Asp/Glu racemase, partial
3.61722156292e-05	5	Glu-specific endopeptidase
3.61722156292e-05	5	putative DNA primase
3.61722156292e-05	5	2-hydroxy-6-oxo-7-methylocta-2,4-dienoate hydrolase
3.61722156292e-05	5	magnesium chelatase subunit H, partial
3.61722156292e-05	5	Dipeptide chemoreceptor protein
3.61722156292e-05	5	protein of unknown function DUF1080
3.61722156292e-05	5	MULTISPECIES: bb3-type cytochrome oxidase subunit IV
3.61722156292e-05	5	tyrosine-protein kinase involved in exopolysaccharide biosynthesis
3.61722156292e-05	5	30S ribosomal protein S12 methylthiotransferase RimO, partial
3.61722156292e-05	5	DNA topoisomerase type IIA subunit B
3.61722156292e-05	5	MULTISPECIES: YccF family protein
3.61722156292e-05	5	ABC1 family protein
3.61722156292e-05	5	MULTISPECIES: D-alanyl-D-alanine dipeptidase
3.61722156292e-05	5	PTS fructose-like transporter subunit EIIC
3.61722156292e-05	5	MULTISPECIES: phosphonate utilization associated transcriptional regulator
3.61722156292e-05	5	SelA-like pyridoxal phosphate-dependent enzyme
3.61722156292e-05	5	nad metabolism ATPase/kinase-like protein
3.61722156292e-05	5	MULTISPECIES: family 65 glycosyl hydrolase
3.61722156292e-05	5	1-cyclohexenylcarbonyl CoA reductase
3.61722156292e-05	5	adenine specific DNA methylase Mod
3.61722156292e-05	5	O-methyltransferase family 2
3.61722156292e-05	5	tonB family domain-containing protein
3.61722156292e-05	5	thiamine biosynthesis protein ThiP
3.61722156292e-05	5	DUF4396 domain-containing protein
3.61722156292e-05	5	MULTISPECIES: electron transport complex subunit RsxE
3.61722156292e-05	5	alpha-fucosidase
3.61722156292e-05	5	dihydroxyacetone kinase, partial
3.61722156292e-05	5	Rossmann fold nucleotide-binding protein (DNA uptake)
3.61722156292e-05	5	MULTISPECIES: type III polyketide synthase
3.61722156292e-05	5	MULTISPECIES: NupC/NupG family nucleoside CNT transporter
3.61722156292e-05	5	DNA/RNA helicase superfamily I
3.61722156292e-05	5	SWFGD domain-containing protein
3.61722156292e-05	5	IS3 family transposase ISXac2
3.61722156292e-05	5	DUF3472 domain-containing protein
3.61722156292e-05	5	MULTISPECIES: two-component system sensor histidine kinase NtrB
3.61722156292e-05	5	MULTISPECIES: starvation-sensing protein RspA
3.61722156292e-05	5	MULTISPECIES: 4-amino-4-deoxychorismate lyase
3.61722156292e-05	5	Thiol-disulfide oxidoreductase resA
3.61722156292e-05	5	ribulose 1 5-bisphosphate carboxylase large subunit
3.61722156292e-05	5	MULTISPECIES: 2-oxo-3-hexenedioate decarboxylase
3.61722156292e-05	5	molybdopterin dinucleotide-binding region
3.61722156292e-05	5	CopY family transcriptional regulator
3.61722156292e-05	5	thiamine pyrophosphate protein TPP-binding protein
3.61722156292e-05	5	MULTISPECIES: proline dioxygenase
3.61722156292e-05	5	MULTISPECIES: DUF3223 domain-containing protein
3.61722156292e-05	5	chromosome condensation protein CcrB
3.61722156292e-05	5	cytochrome c oxidase subunit 2
3.61722156292e-05	5	Tn3 family transposase, partial
3.61722156292e-05	5	MULTISPECIES: alkylphosphonate utilization operon protein PhnA
3.61722156292e-05	5	4-hydroxyphenyl-beta-ketoacyl-CoA hydrolase, partial
3.61722156292e-05	5	putative NADH-quinone oxidoreductase subunit M
3.61722156292e-05	5	PRC-barrel domain protein
3.61722156292e-05	5	extracellular metallopeptidase
3.61722156292e-05	5	MULTISPECIES: copper resistance protein B
3.61722156292e-05	5	MULTISPECIES: 16S rRNA (guanine(527)-N(7))-methyltransferase
3.61722156292e-05	5	MULTISPECIES: DUF1552 domain-containing protein
3.61722156292e-05	5	MULTISPECIES: bifunctional acetaldehyde-CoA/alcohol dehydrogenase
3.61722156292e-05	5	chromosome condensation regulator, RCC1 repeat-containing protein
3.61722156292e-05	5	Ompp1/FadL/TodX family transporter
3.61722156292e-05	5	pyruvate formate lyase-activating protein
3.61722156292e-05	5	siderophore ferric iron reductase
3.61722156292e-05	5	Na(+)/H(+) antiporter subunit A
3.61722156292e-05	5	polyketide cyclase (CypC)
3.61722156292e-05	5	phytanoyl-CoA dioxygenase PhyH
3.61722156292e-05	5	penicillin-binding protein transpeptidase domain-containing protein
3.61722156292e-05	5	uroporphyrinogen III decarboxylase
3.61722156292e-05	5	MULTISPECIES: DUF3509 domain-containing protein
3.61722156292e-05	5	TIGR02680 family protein
3.61722156292e-05	5	blue copper protein
3.61722156292e-05	5	putative DNA gyrase subunit A
3.61722156292e-05	5	secreted protein containing Dienelactone hydrolase domain protein
3.61722156292e-05	5	DUF4884 domain-containing protein
3.61722156292e-05	5	MULTISPECIES: cytoplasmic protein
3.61722156292e-05	5	FtsK/SpoIIIE family protein
3.61722156292e-05	5	lipid A biosynthesis (KDO)2-(lauroyl)-lipid IVA acyltransferase
3.61722156292e-05	5	IS21 family transposase IS1631
3.61722156292e-05	5	L-lysine exporter protein
3.61722156292e-05	5	Furin, Serralysin
3.61722156292e-05	5	Type I secretion outer membrane protein TolC
3.61722156292e-05	5	MlrC
3.61722156292e-05	5	Rieske 2Fe-2S domain protein
3.61722156292e-05	5	DUF2488 domain-containing protein
3.61722156292e-05	5	transcriptional regulator, AbrB family
3.61722156292e-05	5	filamentous hemagglutinin protein, partial
3.61722156292e-05	5	bifunctional 2-C-methyl-D-erythritol 4-phosphate cytidylyltransferase/2-C-methyl-D-erythritol 2,4-cyclodiphosphate synthase, partial
3.61722156292e-05	5	bacteriocin ABC transporter ATP-binding protein
3.61722156292e-05	5	lytic murein transglycosylase, partial
3.61722156292e-05	5	sensor histidine kinase AruS
3.61722156292e-05	5	MULTISPECIES: DUF3099 domain-containing protein
3.61722156292e-05	5	precorrin-2 dehydrogenase
3.61722156292e-05	5	IS5 family transposase ISTel4
3.61722156292e-05	5	MULTISPECIES: portal vertex protein
3.61722156292e-05	5	formylglycine-generating enzyme family protein, partial
3.61722156292e-05	5	putative aminotransferase
3.61722156292e-05	5	flagellar biosynthesis chaperone FliJ
3.61722156292e-05	5	MULTISPECIES: zeta toxin
3.61722156292e-05	5	RIP metalloprotease RseP-like protein
3.61722156292e-05	5	type II secretory protein GspE
3.61722156292e-05	5	phosphopantetheine adenylyltransferase, partial
3.61722156292e-05	5	protease PrsW
3.61722156292e-05	5	murein transglycosylase B
3.61722156292e-05	5	ATP-binding protein, P-loop NTPAse superfamily
3.61722156292e-05	5	pathogenesis-related transcriptional factor and ERF protein
3.61722156292e-05	5	MULTISPECIES: dihydroxyacetone kinase subunit L
3.61722156292e-05	5	30S ribosomal protein S15, partial
3.61722156292e-05	5	HNH endonuclease domain protein
3.61722156292e-05	5	phage FluMu protein gp47
3.61722156292e-05	5	transmembrane prediction
3.61722156292e-05	5	2',3'-cyclic-nucleotide 2'-phosphodiesterase precursor
3.61722156292e-05	5	protein for maturation of antibiotic
3.61722156292e-05	5	MULTISPECIES: DUF937 domain-containing protein
3.61722156292e-05	5	MULTISPECIES: ATP-dependent Clp protease ATP-binding subunit ClpA, partial
3.61722156292e-05	5	MULTISPECIES: DUF2817 domain-containing protein
3.61722156292e-05	5	N(5)-hydroxyornithine transformylase PvdF
3.61722156292e-05	5	MULTISPECIES: maltose transporter permease
3.61722156292e-05	5	putative rhs family protein
3.61722156292e-05	5	carbamoylphosphate synthase
3.61722156292e-05	5	MULTISPECIES: F0F1 ATP synthase subunit I
3.61722156292e-05	5	precorrin-6A reductase
3.61722156292e-05	5	HutD/Ves family protein
3.61722156292e-05	5	MULTISPECIES: DUF2213 domain-containing protein
3.61722156292e-05	5	MULTISPECIES: abortive infection protein
3.61722156292e-05	5	TIGR01621 family pseudouridine synthase
3.61722156292e-05	5	molybdopterin-binding protein, partial
3.61722156292e-05	5	nickel permease
3.61722156292e-05	5	bile acid:sodium symporter, partial
3.61722156292e-05	5	hyaluronan synthase
3.61722156292e-05	5	MULTISPECIES: biliverdin-producing heme oxygenase
3.61722156292e-05	5	filamentous hemagglutinin family outer membrane protein, partial
3.61722156292e-05	5	phage head morphogenesis protein, SPP1 gp7 family
3.61722156292e-05	5	type II site-specific deoxyribonuclease
3.61722156292e-05	5	antitermination protein NusB
3.61722156292e-05	5	dCTP pyrophosphatase
3.61722156292e-05	5	2-oxoglutarate dehydrogenase E2 component dihydrolipoamide succinyltransferase
3.61722156292e-05	5	MULTISPECIES: collagenase
3.61722156292e-05	5	polysialic acid transport protein KpsD
3.61722156292e-05	5	aconitate hydratase 1, partial
3.61722156292e-05	5	subunit of acetophenone carboxylase
3.61722156292e-05	5	MULTISPECIES: cellulase
3.61722156292e-05	5	smp-30/gluconolaconase/lre domain-containing protein
3.61722156292e-05	5	L-alanine-DL-glutamate epimerase-like protein
3.61722156292e-05	5	MULTISPECIES: IPTL-CTERM sorting domain-containing protein
3.61722156292e-05	5	capsid assembly protein
3.61722156292e-05	5	fimbrial biogenesis protein FimT
3.61722156292e-05	5	bifunctional ribose 1,5-bisphosphate phosphokinase/thymidine phosphorylase
3.61722156292e-05	5	terephthalate dihydrodiol dehydrogenase
3.61722156292e-05	5	MULTISPECIES: ribonucleoside-diphosphate reductase adenosylcobalamin-dependent
3.61722156292e-05	5	acetylgalactosaminyl-proteoglycan 3-beta-glucuronosyltransferase
3.61722156292e-05	5	MULTISPECIES: DUF2721 domain-containing protein
3.61722156292e-05	5	exostosin family protein
3.61722156292e-05	5	YcgL domain-containing protein
3.61722156292e-05	5	PRTRC system protein C
3.61722156292e-05	5	1,4-dihydroxy-2-naphthoate octaprenyltransferase, partial
3.61722156292e-05	5	phosphate ABC transporter ATP-binding protein, partial
3.61722156292e-05	5	outer membrane peptidoglycan-associated protein
3.61722156292e-05	5	large repetitive protein YeeJ, partial
3.61722156292e-05	5	trypsin and GUN4-like domain-containing protein
3.61722156292e-05	5	large subunit of N,N-dimethylformamidase
3.61722156292e-05	5	lycopene beta-cyclase
3.61722156292e-05	5	site-specific DNA recombinase
3.61722156292e-05	5	MULTISPECIES: elongation factor GreAB
3.61722156292e-05	5	heme peroxidase, animal
3.61722156292e-05	5	MULTISPECIES: putative baseplate assembly protein
3.61722156292e-05	5	cytochrome aa3 controlling protein CtaA
3.61722156292e-05	5	endonuclease III, partial
3.61722156292e-05	5	MULTISPECIES: PTS glucose transporter subunit IIBC
3.61722156292e-05	5	DUF1732 domain-containing protein
3.61722156292e-05	5	type III effector Hrp-dependent outer protein
3.61722156292e-05	5	pilus biosynthesis protein PilE
3.61722156292e-05	5	hydrogenase subunit
3.61722156292e-05	5	MULTISPECIES: chromosome condensation protein CrcB
3.61722156292e-05	5	protease TldD
3.61722156292e-05	5	cytochrome-c oxidase, cbb3-type subunit III, partial
3.61722156292e-05	5	sugar:cation symporter
3.61722156292e-05	5	ATP-dependent protease La
3.61722156292e-05	5	phenylalanine--tRNA ligase subunit alpha, partial
3.61722156292e-05	5	DUF5009 domain-containing protein, partial
3.61722156292e-05	5	succinoglycan biosynthesis protein exoa
3.61722156292e-05	5	5'-nucleotidase domain-containing protein
3.61722156292e-05	5	transcriptional repressor PurR
3.61722156292e-05	5	putative P-loop ATPase
3.61722156292e-05	5	MULTISPECIES: general secretion pathway protein GspM
3.61722156292e-05	5	MULTISPECIES: ferredoxin reductase
3.61722156292e-05	5	ribonucleotide-diphosphate reductase small chain
3.61722156292e-05	5	metal-dependent phosphoesterase PHP family
3.61722156292e-05	5	DinB superfamily protein
3.61722156292e-05	5	c-type cytochrome biogenesis protein CcsB, partial
3.61722156292e-05	5	MULTISPECIES: DNA protecting protein DprA
3.61722156292e-05	5	NADH:ubiquinone oxidoreductase complex I intermediate-associated protein 30
3.61722156292e-05	5	signal transduction histidine kinase, nitrogen specific, NtrB
3.61722156292e-05	5	glucokinase catabolite repressor
3.61722156292e-05	5	MULTISPECIES: TIGR02206 family membrane protein
3.61722156292e-05	5	WD40 repeat domain-containing protein, partial
3.61722156292e-05	5	MULTISPECIES: DUF4350 domain-containing protein
3.61722156292e-05	5	cell cycle protein, FtsW/RodA/SpoVE family
3.61722156292e-05	5	bifunctional D-glycero-beta-D-manno-heptose-7-phosphate kinase/D-glycero-beta-D-manno-heptose 1-phosphate adenylyltransferase
3.61722156292e-05	5	MULTISPECIES: head protein
3.61722156292e-05	5	Short-chain dehydrogenase/reductase (SDR) superfamily protein
3.61722156292e-05	5	gamma-aminobutyrate dehydratase
3.61722156292e-05	5	cytochrome c-like protein
3.61722156292e-05	5	ferredoxin family protein, partial
3.61722156292e-05	5	A alpha-helical domain with a conserved ER moti
3.61722156292e-05	5	DUF1656 domain-containing protein
3.61722156292e-05	5	30S ribosomal protein S23
3.61722156292e-05	5	steroid 5-alpha reductase
3.61722156292e-05	5	TrkH family potassium uptake protein
3.61722156292e-05	5	type IV secretion protein DotA
3.61722156292e-05	5	MULTISPECIES: phosphonate metabolism protein PhnL
3.61722156292e-05	5	zinc carboxypeptidase family protein
3.61722156292e-05	5	ATP-dependent RecD-like DNA helicase, partial
3.61722156292e-05	5	MULTISPECIES: muconate and chloromuconate cycloisomerase
3.61722156292e-05	5	7,8-dihydro-6-hydroxymethylpterin-pyrophosphokinase
3.61722156292e-05	5	50S ribosomal protein L4, partial
3.61722156292e-05	5	proton-conducting membrane transporter
3.61722156292e-05	5	glycine-rich domain-containing protein-like
3.61722156292e-05	5	MULTISPECIES: DUF969 domain-containing protein
3.61722156292e-05	5	soluble guanylyl cyclase beta 1 subunit
3.61722156292e-05	5	double-region domain protein
3.61722156292e-05	5	adenosine monophosphate-protein transferase
3.61722156292e-05	5	MULTISPECIES: DUF2093 domain-containing protein
3.61722156292e-05	5	Suppressor of fused protein (SUFU)
3.61722156292e-05	5	MULTISPECIES: DUF2442 domain-containing protein
3.61722156292e-05	5	RND superfamily drug exporter
3.61722156292e-05	5	N-acyl-phosphatidylethanolamine-hydrolyzing phospholipase
3.61722156292e-05	5	MULTISPECIES: transcriptional regulator ArgP
3.61722156292e-05	5	MULTISPECIES: ubiquinol-cytochrome c chaperone
3.61722156292e-05	5	1A family penicillin-binding protein
3.61722156292e-05	5	Hg(II)-responsive transcriptional regulator
3.61722156292e-05	5	MULTISPECIES: VapC toxin family PIN domain ribonuclease
3.61722156292e-05	5	excisionase family DNA-binding domain-containing protein
3.61722156292e-05	5	phage related helicase
3.61722156292e-05	5	RplB family lipoprotein
3.61722156292e-05	5	MULTISPECIES: RNA polymerase sigma factor SigX
3.61722156292e-05	5	MULTISPECIES: RNA polymerase sigma factor SigC
3.61722156292e-05	5	PglZ domain protein
3.61722156292e-05	5	MULTISPECIES: DUF4387 domain-containing protein
3.61722156292e-05	5	MULTISPECIES: DUF4331 domain-containing protein
3.61722156292e-05	5	glycine cleavage system T protein, aminomethyltransferase GcvT
3.61722156292e-05	5	MULTISPECIES: carboxyl transferase
3.61722156292e-05	5	acyl-ACP--UDP-N- acetylglucosamine O-acyltransferase
3.61722156292e-05	5	Insertion element protein
3.61722156292e-05	5	Nonspecific lipid-transfer protein
3.61722156292e-05	5	MULTISPECIES: GTP pyrophosphokinase rsh
3.61722156292e-05	5	MULTISPECIES: sulfurtransferase TusA
3.61722156292e-05	5	RNA polymerase sigma-E factor
3.61722156292e-05	5	glutaconyl-CoA decarboxylase subunit alpha
3.61722156292e-05	5	L-asparaginase 1, partial
3.61722156292e-05	5	magnesium and cobalt transport protein
3.61722156292e-05	5	MULTISPECIES: 4'-phosphopantetheinyl transferase
3.61722156292e-05	5	releasing system transmembrane protein
3.61722156292e-05	5	flagellar biosynthesis protein FlgN
3.61722156292e-05	5	MULTISPECIES: muconate cycloisomerase
3.61722156292e-05	5	MULTISPECIES: glycoside hydrolase 43 family protein
3.61722156292e-05	5	MULTISPECIES: stress responsive alpha-beta barrel domain-containing protein
3.61722156292e-05	5	ClpP class periplasmic serine protease
3.61722156292e-05	5	MULTISPECIES: channel transporter
3.61722156292e-05	5	Lambda repressor-like, DNA-binding
3.61722156292e-05	5	MULTISPECIES: peptidase M4
3.61722156292e-05	5	membrane-fusion protein
3.61722156292e-05	5	cobalamin synthesis protein P47K
3.61722156292e-05	5	4Fe-4S ferredoxin iron-sulfur-binding domain protein
3.61722156292e-05	5	exotoxin
3.61722156292e-05	5	MULTISPECIES: 1,2-phenylacetyl-CoA epoxidase subunit A
3.61722156292e-05	5	YVTN family beta-propeller domain-containing protein
3.61722156292e-05	5	2-phenylethanol ABC transporter ATP-binding protein
3.61722156292e-05	5	TesB-like acyl-CoA thioesterase 3
3.61722156292e-05	5	Methyltransferase domain family protein
3.61722156292e-05	5	bacillithiol biosynthesis BshC, partial
3.61722156292e-05	5	bifunctional aspartate kinase/homoserine dehydrogenase II
3.61722156292e-05	5	K+-transporting ATPase subunit F
3.61722156292e-05	5	dihydroorotase-like cyclic amidohydrolase
3.61722156292e-05	5	translation elongation factor P
3.61722156292e-05	5	MULTISPECIES: glycerol-3-phosphate dehydrogenase (NAD(P)(+))
3.61722156292e-05	5	oligoketide cyclase
3.61722156292e-05	5	MULTISPECIES: thiamine biosynthesis protein
3.61722156292e-05	5	type IV pilin biogenesis protein
3.61722156292e-05	5	head completion
3.61722156292e-05	5	GGDEF domain protein
3.61722156292e-05	5	MULTISPECIES: phenol hydroxylase
3.61722156292e-05	5	metal ion ABC transporter substrate-binding protein
3.61722156292e-05	5	wall-associated protein
3.61722156292e-05	5	MULTISPECIES: sodium/hydrogen exchanger
3.61722156292e-05	5	fumarate reductase/succinate dehydrogenase flavoprotein subunit, partial
3.61722156292e-05	5	Polysialic acid transport protein kpsD
3.61722156292e-05	5	deoxyguanosinetriphosphate triphosphohydrolase, partial
3.61722156292e-05	5	MULTISPECIES: helix-turn-helix-type transcriptional regulator
3.61722156292e-05	5	sodium-dependent multivitamin transporter
3.61722156292e-05	5	cytochrome C biogenesis protein CcmE
3.61722156292e-05	5	beta-N-acetylhexosaminidase, partial
3.61722156292e-05	5	type I restriction endonuclease subunit S, partial
3.61722156292e-05	5	DUF2358 domain-containing protein
3.61722156292e-05	5	poly-beta-hydroxybutyrate synthase
3.61722156292e-05	5	serine racemase VanT catalytic subunit
3.61722156292e-05	5	mercury(II) reductase
3.61722156292e-05	5	MULTISPECIES: ribosome modulation factor
3.61722156292e-05	5	DNA-invertase
3.61722156292e-05	5	MULTISPECIES: His-Xaa-Ser system radical SAM maturase HxsC
3.61722156292e-05	5	amidoligase enzyme
3.61722156292e-05	5	DUF1441 domain-containing protein
3.61722156292e-05	5	acyl-CoA--6-aminopenicillanic acid acyltransferase
3.61722156292e-05	5	aminoglycoside/multidrug transporter permease
3.61722156292e-05	5	V-type ATP synthase subunit K
3.61722156292e-05	5	MULTISPECIES: colicin V production protein CvpA
3.61722156292e-05	5	peptidase M61 domain protein
3.61722156292e-05	5	thiol reductant ABC exporter subunit CydC, partial
3.61722156292e-05	5	MULTISPECIES: histidine ABC transporter substrate-binding protein
3.61722156292e-05	5	MULTISPECIES: DDE transposase family protein
3.61722156292e-05	5	DUF455 domain-containing protein, partial
3.61722156292e-05	5	MULTISPECIES: outer membrane protein
3.61722156292e-05	5	Orn/Lys/Arg decarboxylase
3.61722156292e-05	5	MULTISPECIES: bacteriochlorophyll synthase
3.61722156292e-05	5	DUF2625 domain-containing protein
3.61722156292e-05	5	M42 family peptidase
3.61722156292e-05	5	MULTISPECIES: two-component system response regulator CreB
3.61722156292e-05	5	alkylhydroperoxidase domain protein
3.61722156292e-05	5	2-oxo-4-hydroxy-4-carboxy-5-ureidoimidazoline decarboxylase
3.61722156292e-05	5	porin OmpC
3.61722156292e-05	5	MULTISPECIES: 2-nonaprenyl-3-methyl-6-methoxy-1,4-benzoquinol hydroxylase
3.61722156292e-05	5	electron transport complex subunit D
3.61722156292e-05	5	biofilm PGA synthesis protein PgaC
3.61722156292e-05	5	MULTISPECIES: colanic acid biosynthesis glycosyltransferase WcaL
3.61722156292e-05	5	putative class-III aminotransferase
3.61722156292e-05	5	bacteriophage terminase-like protein, large subunit
3.61722156292e-05	5	DUF2185 domain-containing protein
3.61722156292e-05	5	two-component sensor
3.61722156292e-05	5	legume lectin beta domain-containing protein
3.61722156292e-05	5	MULTISPECIES: ammonia monooxygenase
3.61722156292e-05	5	delta(24(24(1)))-sterol reductase
3.61722156292e-05	5	MULTISPECIES: exonuclease SbcCD subunit D
3.61722156292e-05	5	imelysin family lipoprotein
3.61722156292e-05	5	MoxR protein
3.61722156292e-05	5	IS4 family transposase ISAsp3
3.61722156292e-05	5	bifunctional glutaredoxin/ribonucleoside-diphosphate reductase subunit beta
3.61722156292e-05	5	PAS fold family
3.61722156292e-05	5	acetylxylan esterase, partial
3.61722156292e-05	5	3-dehydroquinate synthase II
3.61722156292e-05	5	MULTISPECIES: NADH-ubiquinone oxidoreductase chain I
3.61722156292e-05	5	NADH (or F420H2) dehydrogenase subunit C
3.61722156292e-05	5	anchored repeat-type ABC transporter permease subunit
3.61722156292e-05	5	acylglycerophosphoethanolamine acyltransferase
3.61722156292e-05	5	Do family protease
3.61722156292e-05	5	peptidase U34
3.61722156292e-05	5	MULTISPECIES: endonuclease/exonuclease/phosphatase family protein
3.61722156292e-05	5	copper amine oxidase domain-containing protein
3.61722156292e-05	5	MULTISPECIES: NADP oxidoreductase
3.61722156292e-05	5	nidogen
3.61722156292e-05	5	DUF3786 domain-containing protein
3.61722156292e-05	5	class 1b ribonucleoside-diphosphate reductase subunit alpha
3.61722156292e-05	5	sphingosine-1-phosphate lyase 1
3.61722156292e-05	5	MULTISPECIES: Rieske family ferredoxin
3.61722156292e-05	5	MULTISPECIES: NADH:ubiquinone reductase (Na(+)-transporting) subunit E
3.61722156292e-05	5	AMP-binding protein, partial
3.61722156292e-05	5	MULTISPECIES: poly-beta-1,6-N-acetyl-D-glucosamine N-deacetylase PgaB
3.61722156292e-05	5	lipase LipH
3.61722156292e-05	5	terminase-like family protein
3.61722156292e-05	5	phycobilisome rod-core linker polypeptide CpcG1
3.61722156292e-05	5	MULTISPECIES: 4-carboxy muconolactone decarboxylase
3.61722156292e-05	5	tetrathionate reductase
3.61722156292e-05	5	MULTISPECIES: protocatechuate 3,4-dioxygenase subunit alpha
3.61722156292e-05	5	MULTISPECIES: fucose-binding protein
3.61722156292e-05	5	sporulation integral membrane protein YtvI
3.61722156292e-05	5	MULTISPECIES: ATP-dependent RNA helicase DeaD
3.61722156292e-05	5	MULTISPECIES: DUF1328 domain-containing protein
3.61722156292e-05	5	MULTISPECIES: aspartate/glutamate racemase
3.61722156292e-05	5	acetyl-CoA carboxylase subunit beta, partial
3.61722156292e-05	5	exo-1,4-beta-glucosidase
3.61722156292e-05	5	MULTISPECIES: DUF4236 domain-containing protein
3.61722156292e-05	5	MULTISPECIES: DUF1043 domain-containing protein
3.61722156292e-05	5	Nitrate reductase., Nitrite reductase (NAD(P)H)
3.61722156292e-05	5	cysteine desulfurase-like protein, SufS subfamily
3.61722156292e-05	5	DUF2585 domain-containing protein
3.61722156292e-05	5	pyruvate dehydrogenase (acetyl-transferring) E1 component subunit alpha, partial
3.61722156292e-05	5	protein of unknown function DUF178
3.61722156292e-05	5	MULTISPECIES: VacJ-like lipoprotein
3.61722156292e-05	5	restriction-modification protein
3.61722156292e-05	5	gamma-butyrobetaine, 2-oxoglutarate dioxygenase
3.61722156292e-05	5	serine peptidase, partial
3.61722156292e-05	5	type IV secretion pathway protein VirB4
3.61722156292e-05	5	carbonic anhydrase, partial
3.61722156292e-05	5	ATPase RavA
3.61722156292e-05	5	negative regulator of beta-lactamase expression
3.61722156292e-05	5	MULTISPECIES: glycosyl hydrolase family 20
3.61722156292e-05	5	MULTISPECIES: N-(5'-phosphoribosyl)anthranilate isomerase
3.61722156292e-05	5	MULTISPECIES: ring-cleaving dioxygenase
3.61722156292e-05	5	streptomycin biosynthesis operon regulatory protein
3.61722156292e-05	5	PLP-dependent protein
3.61722156292e-05	5	23S rRNA (guanine(745)-N(1))-methyltransferase
3.61722156292e-05	5	NADH-binding protein
3.61722156292e-05	5	MULTISPECIES: NAD-dependent protein deacylase
3.61722156292e-05	5	Lon-like protease
3.61722156292e-05	5	outer membrane integrity protein
3.61722156292e-05	5	MULTISPECIES: sulfite reductase subunit alpha
3.61722156292e-05	5	MULTISPECIES: periplasmic protein TonB
3.61722156292e-05	5	4-vinyl reductase 4VR
3.61722156292e-05	5	rRNA cytosine-C5-methylase, partial
3.61722156292e-05	5	MULTISPECIES: riboflavin biosynthesis protein RibC
3.61722156292e-05	5	MULTISPECIES: META domain-containing protein
3.61722156292e-05	5	MULTISPECIES: intradiol ring-cleavage dioxygenase
3.61722156292e-05	5	MULTISPECIES: DUF3617 domain-containing protein
3.61722156292e-05	5	carbohydrate-binding protein CenC
3.61722156292e-05	5	ISKra4 family transposase ISMae18
3.61722156292e-05	5	MULTISPECIES: IS3 family transposase ISRasp1
3.61722156292e-05	5	mannosyl-glycoprotein endo-beta-N-acetylglucosaminidase
3.61722156292e-05	5	MULTISPECIES: glutamyl-Q tRNA(Asp) ligase
3.61722156292e-05	5	MULTISPECIES: type 11 methyltransferase
3.61722156292e-05	5	restriction endonuclease, M subunit
3.61722156292e-05	5	methylamine dehydrogenase (amicyanin) light chain
3.61722156292e-05	5	ISNCY family transposase ISPlma1
3.61722156292e-05	5	MULTISPECIES: diaminopropionate ammonia-lyase
3.61722156292e-05	5	colanic acid biosynthesis pyruvyl transferase WcaK
3.61722156292e-05	5	Eco57I restriction endonuclease
3.61722156292e-05	5	MULTISPECIES: sarcosine dehydrogenase
3.61722156292e-05	5	beta-1,4-mannanase
3.61722156292e-05	5	thaumatin domain-containing protein
3.61722156292e-05	5	putative internalin
3.61722156292e-05	5	MULTISPECIES: nucleoid occlusion protein
3.61722156292e-05	5	NADH-quinone oxidoreductase subunit D 2
3.61722156292e-05	5	exodeoxyribonuclease I subunit D
3.61722156292e-05	5	NADH-quinone oxidoreductase subunit D 1
3.61722156292e-05	5	peptidase S16 lon domain-containing protein
3.61722156292e-05	5	response regulator receiver modulated serine phosphatase
3.61722156292e-05	5	MULTISPECIES: phosphonoacetaldehyde hydrolase
3.61722156292e-05	5	type II glyceraldehyde-3-phosphate dehydrogenase
3.61722156292e-05	5	yqeY family protein
3.61722156292e-05	5	MULTISPECIES: Rhs element Vgr protein
3.61722156292e-05	5	Large terminase subunit
3.61722156292e-05	5	pyruvate/2-oxoglutarate dehydrogenase
3.61722156292e-05	5	modification methylase MunI
3.61722156292e-05	5	MULTISPECIES: cellulose synthase
3.61722156292e-05	5	MULTISPECIES: cytochrome d ubiquinol oxidase subunit 1
3.61722156292e-05	5	Zn-dependent protease-like protein
3.61722156292e-05	5	sodium/calcium exchanger membrane region
3.61722156292e-05	5	DUF2949 domain-containing protein
3.61722156292e-05	5	Thiopurine S-methyltransferase (TPMT)
3.61722156292e-05	5	MULTISPECIES: ANT(3'')-Ia family aminoglycoside nucleotidyltransferase AadA27
3.61722156292e-05	5	MULTISPECIES: GTP diphosphokinase
3.61722156292e-05	5	DNA polymerase beta domain-containing protein
3.61722156292e-05	5	MULTISPECIES: cytochrome oxidase
3.61722156292e-05	5	S15 family X-Pro dipeptidyl-peptidase
3.61722156292e-05	5	IS66 family transposase ISBlma9
3.61722156292e-05	5	MULTISPECIES: type III restriction protein res subunit
3.61722156292e-05	5	acid-soluble spore protein
3.61722156292e-05	5	putative hemerythrin
3.61722156292e-05	5	flagellar hook capping protein FlgD
3.61722156292e-05	5	type II restriction/modification enzyme, EcoRI family
3.61722156292e-05	5	MULTISPECIES: glucose 1-dehydrogenase
3.61722156292e-05	5	NAD(P)H-hydrate epimerase, partial
3.61722156292e-05	5	putative O-methyltransferase
3.61722156292e-05	5	MULTISPECIES: glutamate-1-semialdehyde-2,1-aminomutase
3.61722156292e-05	5	IS3 family transposase ISPsy11
3.61722156292e-05	5	fructuronate reductase
3.61722156292e-05	5	MULTISPECIES: DUF4810 domain-containing protein
3.61722156292e-05	5	DUF2318 domain-containing protein
3.61722156292e-05	5	DUF1825 domain-containing protein
3.61722156292e-05	5	putative NADPH--sulfite reductase hemoprotein beta-component
3.61722156292e-05	5	MULTISPECIES: DUF2357 domain-containing protein
3.61722156292e-05	5	galactose-1-epimerase, partial
3.61722156292e-05	5	isocitrate lyase-family enzyme
3.61722156292e-05	5	MULTISPECIES: IS5 family transposase ISCaa9
3.61722156292e-05	5	MULTISPECIES: farnesyltranstransferase
3.61722156292e-05	5	MULTISPECIES: CHRD domain-containing protein
3.61722156292e-05	5	type 1 secretion target domain-containng protein, partial
3.61722156292e-05	5	MULTISPECIES: IS3 family transposase ISAzo10
3.61722156292e-05	5	glutamate--cysteine ligase, partial
3.61722156292e-05	5	sugar phosphotransferase
3.61722156292e-05	5	MULTISPECIES: protein tyrosine kinase
3.61722156292e-05	5	MULTISPECIES: cytochrome c oxidase cbb3-type subunit III
3.61722156292e-05	5	gliding motility-associated protein
3.61722156292e-05	5	ser/threonine protein phosphatase
3.61722156292e-05	5	HIT family protein, partial
3.61722156292e-05	5	diguanylate cyclase with PAS/PAC sensor
3.61722156292e-05	5	acyl-CoA desaturase, partial
3.61722156292e-05	5	cystathionine gamma-synthase MetB
3.61722156292e-05	5	MULTISPECIES: class II aldolase family protein
3.61722156292e-05	5	MULTISPECIES: CoF synthetase
3.61722156292e-05	5	cell division initiation protein
3.61722156292e-05	5	MULTISPECIES: competence protein TfoX
3.61722156292e-05	5	phosphoenolpyruvate--protein phosphotransferase, partial
3.61722156292e-05	5	xylitol/threitol ABC transporter substrate-binding protein
3.61722156292e-05	5	subtilisin-like protease
3.61722156292e-05	5	dehydrogenase of unknown specificity, short-chain alcohol dehydrogenase like protein
3.61722156292e-05	5	MULTISPECIES: succinyl-CoA--3-ketoacid-CoA transferase subunit A
3.61722156292e-05	5	phthalate dioxygenase oxygenase
3.61722156292e-05	5	Serine protease/subtilase
3.61722156292e-05	5	MULTISPECIES: flagellar protein FlgA
3.61722156292e-05	5	formamidopyrimidine-DNA glycosylase, partial
3.61722156292e-05	5	MULTISPECIES: invasion protein IagB
3.61722156292e-05	5	fused acetyl/propionyl-CoA carboxylase subuit alpha/methylmalonyl-CoA decarboxylase subunit alpha
3.61722156292e-05	5	periplasmic binding protein
3.61722156292e-05	5	PAS domain S-box protein, partial
3.61722156292e-05	5	MULTISPECIES: DUF1071 domain-containing protein
3.61722156292e-05	5	MULTISPECIES: zinc carboxypeptidase
3.61722156292e-05	5	dienelactone hydrolase family protein, partial
3.61722156292e-05	5	two-component system sensor histidine kinase BasS
3.61722156292e-05	5	metalloenzyme domain protein
3.61722156292e-05	5	lecithin--cholesterol acyltransferase
3.61722156292e-05	5	blue (type 1) copper domain protein
3.61722156292e-05	5	MULTISPECIES: PEP-CTERM-box response regulator transcription factor
3.61722156292e-05	5	MULTISPECIES: NADH:ubiquinone oxidoreductase complex I intermediate-associated protein 30
3.61722156292e-05	5	MgtC/SapB family transporter
3.61722156292e-05	5	NAD(P)H-quinone oxidoreductase subunit 3
3.61722156292e-05	5	glutamine-fructose-6-phosphate transaminase (isomerizing), partial
3.61722156292e-05	5	2-dehydro-3-deoxyphosphooctonate aldolase, partial
3.61722156292e-05	5	ASPIC/UnbV domain protein
3.61722156292e-05	5	alpha-1, 2-mannosidase
3.61722156292e-05	5	ATP/GTP-binding protein, partial
3.61722156292e-05	5	50S ribosomal protein L22, partial
3.61722156292e-05	5	GlcNAc deacetylase
3.61722156292e-05	5	MULTISPECIES: glycerol-3-phosphatase
3.61722156292e-05	5	ATP-dependent Clp protease ClpP
3.61722156292e-05	5	minor spike H domain protein, partial
3.61722156292e-05	5	MULTISPECIES: envelope stress response membrane protein PspC
3.61722156292e-05	5	MULTISPECIES: dihydrolipoyllysine acetyltransferase
3.61722156292e-05	5	23S rRNA (guanosine(2251)-2'-O)-methyltransferase RlmB, partial
3.61722156292e-05	5	protein Pop3
3.61722156292e-05	5	MULTISPECIES: basic amino acid ABC transporter substrate-binding protein
3.61722156292e-05	5	2-oxoacid dehydrogenase acyltransferase
3.61722156292e-05	5	MULTISPECIES: secretion protein HlyD family protein
3.61722156292e-05	5	MULTISPECIES: 2,4-dienoyl-CoA reductase
3.61722156292e-05	5	cellobiose phosphorylase, partial
3.61722156292e-05	5	coproporphyrinogen dehydrogenase HemZ
3.61722156292e-05	5	microtubule-severing ATPase
3.61722156292e-05	5	MULTISPECIES: C50 carotenoid epsilon cyclase
3.61722156292e-05	5	MULTISPECIES: indolepyruvate ferredoxin subunit alpha
3.61722156292e-05	5	sodium ABC transporter
3.61722156292e-05	5	MULTISPECIES: EscS/YscS/HrcS family type III secretion system export apparatus protein
3.61722156292e-05	5	MULTISPECIES: molecular chaperone Skp
3.61722156292e-05	5	transglycosylase, partial
3.61722156292e-05	5	intracellular serine protease
3.61722156292e-05	5	sporulation protein RMD1
3.61722156292e-05	5	SIMPL domain-containing protein, partial
3.61722156292e-05	5	chaperone protein dnaK2
3.61722156292e-05	5	flagellar biosynthesis protein FliW
3.61722156292e-05	5	DUF3630 domain-containing protein
3.61722156292e-05	5	proton-translocating NADH-quinone oxidoreductase subunit L
3.61722156292e-05	5	MULTISPECIES: metallo-mystery pair system four-Cys motif protein
3.61722156292e-05	5	pantoate--beta-alanine ligase, partial
3.61722156292e-05	5	MULTISPECIES: dimethylglycine dehydrogenase
3.61722156292e-05	5	MULTISPECIES: urea ABC transporter permease subunit UrtB
3.61722156292e-05	5	bifunctional isomerase / acetyl transferase
3.61722156292e-05	5	MULTISPECIES: flagellar biosynthesis protein FlgH
3.61722156292e-05	5	aldehyde dehydrogenase family protein, partial
3.61722156292e-05	5	multi antimicrobial extrusion protein MatE
3.61722156292e-05	5	MULTISPECIES: porphyrin biosynthesis protein
3.61722156292e-05	5	DUF3995 domain-containing protein
3.61722156292e-05	5	MULTISPECIES: chloramphenicol acetyltransferase
3.61722156292e-05	5	biuret hydrolase
3.61722156292e-05	5	small mechanosensitive ion channel protein MscS
3.61722156292e-05	5	MULTISPECIES: DUF4268 domain-containing protein
3.61722156292e-05	5	PHP domain-containing protein, partial
3.61722156292e-05	5	MULTISPECIES: cyclohex-1-ene-1-carboxylate:CoA ligase
3.61722156292e-05	5	DNA uptake protein and related DNA-binding protein-like protein
3.61722156292e-05	5	MULTISPECIES: tellurium resistance protein TerX
3.61722156292e-05	5	DUF3784 domain-containing protein
3.61722156292e-05	5	DUF1845 domain-containing protein
3.61722156292e-05	5	peptidase M48, partial
3.61722156292e-05	5	RNA polymerase sigma 70
3.61722156292e-05	5	fimbrial chaperone protein
3.61722156292e-05	5	acetylacetone-cleaving protein
3.61722156292e-05	5	DUF3474 domain-containing protein
3.61722156292e-05	5	MULTISPECIES: DNA ligase D
3.61722156292e-05	5	mobilization protein A
3.61722156292e-05	5	MULTISPECIES: DNA-binding transcriptional regulator FruR
3.61722156292e-05	5	lipase/acylhydrolase
3.61722156292e-05	5	P-type DNA transfer protein VirB5
3.61722156292e-05	5	glycosyltransferase protein
3.61722156292e-05	5	C-terminal-processing protease precursor
3.61722156292e-05	5	MULTISPECIES: co-chaperone HscB
3.61722156292e-05	5	Ni/Fe hydrogenase subunit beta
3.61722156292e-05	5	gentisate 1,2-dioxygenase oxidoreductase protein
3.61722156292e-05	5	DUF39 domain-containing protein
3.61722156292e-05	5	propanediol dehydratase large subunit
3.61722156292e-05	5	carboxypeptidase C (cathepsin A)
3.61722156292e-05	5	DNA polymerase III delta
3.61722156292e-05	5	cell wall degradation protein
3.61722156292e-05	5	Peptidase M75, Imelysin
3.61722156292e-05	5	tRNA (guanosine(37)-N1)-methyltransferase TrmD, partial
3.61722156292e-05	5	NapH/MauN family ferredoxin-type protein
3.61722156292e-05	5	cytochrome B, partial
3.61722156292e-05	5	MULTISPECIES: undecaprenyl phosphate N-acetylglucosaminyltransferase WecA
3.61722156292e-05	5	cell division protein BolA
3.61722156292e-05	5	sodium/panthothenate symporter
3.61722156292e-05	5	glycine cleavage system protein P
3.61722156292e-05	5	MULTISPECIES: tRNA (N6-threonylcarbamoyladenosine(37)-N6)-methyltransferase TrmO
3.61722156292e-05	5	glucan endo-1,3-beta-D-glucosidase (laminarinase)
3.61722156292e-05	5	syringopeptin synthetase B
3.61722156292e-05	5	N-methylglutamate dehydrogenase subunit C
3.61722156292e-05	5	DNA starvation/stationary phase protection protein, partial
3.61722156292e-05	5	putative protease with the C-terminal PDZ domain
3.61722156292e-05	5	MULTISPECIES: glutamate ABC transporter permease
3.61722156292e-05	5	MULTISPECIES: sorbitol dehydrogenase
3.61722156292e-05	5	MULTISPECIES: protein glxC
3.61722156292e-05	5	lantibiotic ABC transporter permease
3.61722156292e-05	5	na-ca exchanger/integrin-beta4
3.61722156292e-05	5	oxygen-dependent coproporphyrinogen-III oxidase
3.61722156292e-05	5	MULTISPECIES: DUF1643 domain-containing protein
3.61722156292e-05	5	cell wall anchor protein, partial
3.61722156292e-05	5	MULTISPECIES: DUF1819 domain-containing protein
3.61722156292e-05	5	DUF1824 domain-containing protein
3.61722156292e-05	5	malic protein NAD-binding protein
3.61722156292e-05	5	IS3 family transposase ISCte2
3.61722156292e-05	5	sodium/bile acid cotransporter family protein
3.61722156292e-05	5	polyketide cyclase/dehydrase and lipid transport
3.61722156292e-05	5	alpha/beta fold family hydrolase/acetyltransferase
3.61722156292e-05	5	MULTISPECIES: NADH dehydrogenase subunit M
3.61722156292e-05	5	MULTISPECIES: secretion system protein E
3.61722156292e-05	5	protoporphyrinogen oxidase-like protein
3.61722156292e-05	5	IS3 family transposase ISStma9
3.61722156292e-05	5	MULTISPECIES: chlorophyllide reductase iron protein subunit X
3.61722156292e-05	5	arsenical-resistance protein, partial
3.61722156292e-05	5	MULTISPECIES: XisI protein
3.61722156292e-05	5	MULTISPECIES: NAD dependent epimerase/dehydratase
3.61722156292e-05	5	dUTP pyrophosphatase
3.61722156292e-05	5	anchor domain-containing protein
3.61722156292e-05	5	MULTISPECIES: cytochrome c553
3.61722156292e-05	5	undecaprenyl-galactosyl transferase
3.61722156292e-05	5	type II secretion system protein E, partial
3.61722156292e-05	5	Hpt protein
3.61722156292e-05	5	type IV secretion system protein IcmO
3.61722156292e-05	5	acetolactate synthase isozyme 1 small subunit
3.61722156292e-05	5	MULTISPECIES: class Ib ribonucleoside-diphosphate reductase assembly flavoprotein NrdI
3.61722156292e-05	5	MULTISPECIES: 1D-myo-inositol 2-acetamido-2-deoxy-alpha-D-glucopyranoside deacetylase
3.61722156292e-05	5	MULTISPECIES: glucuronyl hydrolase
3.61722156292e-05	5	MULTISPECIES: chemotaxis sensory transducer
3.61722156292e-05	5	NADH-ubiquinone oxidoreductase chain N
3.61722156292e-05	5	NADH-ubiquinone oxidoreductase chain M
3.61722156292e-05	5	DUF4831 domain-containing protein
3.61722156292e-05	5	formyl transferase N-terminus, partial
3.61722156292e-05	5	Pilus retraction protein PilT
3.61722156292e-05	5	MULTISPECIES: DUF4886 domain-containing protein
3.61722156292e-05	5	Cache sensor signal transduction histidine kinase
3.61722156292e-05	5	YidE/YbjL duplication
3.61722156292e-05	5	MULTISPECIES: glutamate--ammonia ligase
3.61722156292e-05	5	toxin YhaV
3.61722156292e-05	5	acetyl-CoA C-acetyltransferase, partial
3.61722156292e-05	5	NTPase (NACHT family)
3.61722156292e-05	5	MULTISPECIES: DUF3500 domain-containing protein
3.61722156292e-05	5	cyanophycin synthetase, partial
3.61722156292e-05	5	carbamoylphosphate synthase large subunit
3.61722156292e-05	5	phosphonates import ATP-binding protein PhnC 2
3.61722156292e-05	5	nickel ABC transporter permease subunit NikC
3.61722156292e-05	5	PTS glucitol/sorbitol transporter subunit IIB
3.61722156292e-05	5	MULTISPECIES: molybdenum cofactor biosynthesis family protein
3.61722156292e-05	5	MULTISPECIES: beta-hydroxydecanoyl-ACP dehydratase
3.61722156292e-05	5	MULTISPECIES: toll/interleukin-1 receptor domain-containing protein
3.61722156292e-05	5	nicotinamidase/pyrazinamidase
3.61722156292e-05	5	peptidase S8 and S53, subtilisin, kexin,sedolisin
3.61722156292e-05	5	phage SPO1 DNA polymerase-like protein
3.61722156292e-05	5	DNA photolyase FAD-binding protein, partial
3.61722156292e-05	5	putative type I polyketide synthase
3.61722156292e-05	5	lipoprotein-releasing protein
3.61722156292e-05	5	peptidase C11
3.61722156292e-05	5	heterodisulfide reductase subunit F
3.61722156292e-05	5	lysyl endopeptidase precursor
3.61722156292e-05	5	MULTISPECIES: peptidase S53
3.61722156292e-05	5	acetylornithine aminotransferase, partial
3.61722156292e-05	5	MULTISPECIES: gliding motility lipoprotein GldD
3.61722156292e-05	5	ribosylpyrimidine nucleosidase
3.61722156292e-05	5	TIGR02687 family protein, partial
3.61722156292e-05	5	MULTISPECIES: Fpg/Nei family DNA glycosylase
3.61722156292e-05	5	phenolic acid decarboxylase
3.61722156292e-05	5	exodeoxyribonuclease V, beta subunit
3.61722156292e-05	5	nitrilase, partial
3.61722156292e-05	5	molybdopterin converting factor, large subunit
3.61722156292e-05	5	type-F conjugative transfer system mating-pair stabilization protein TraN
3.61722156292e-05	5	MULTISPECIES: methenyltetrahydromethanopterin cyclohydrolase
3.61722156292e-05	5	fatty acid--CoA ligase, partial
3.61722156292e-05	5	MULTISPECIES: peptidyl-prolyl cis-trans isomerase A
3.61722156292e-05	5	flagellar basal-body P-ring protein FlgI
3.61722156292e-05	5	spermidine dehydrogenase
3.61722156292e-05	5	p-hydroxybenzoic acid efflux pump subunit AaeB
3.61722156292e-05	5	PTS mannitol transporter subunit IIC
3.61722156292e-05	5	purple acid phosphatase
3.61722156292e-05	5	GPH family sugar transporter
3.61722156292e-05	5	MULTISPECIES: xylanase
3.61722156292e-05	5	RnaseH, partial
3.61722156292e-05	5	IS5 family transposase ISMdi21
3.61722156292e-05	5	MULTISPECIES: K+/H+ antiporter NhaP2
3.61722156292e-05	5	anaerobic dehydrogenase typically selenocysteine-containing
3.61722156292e-05	5	ISL3 family transposase ISMae37
3.61722156292e-05	5	MULTISPECIES: ADP/ATP carrier protein
3.61722156292e-05	5	MULTISPECIES: glycosyl hydrolase family 5
3.61722156292e-05	5	ubiquinol cytochrome C oxidoreductase cytochrome C1 subunit
3.61722156292e-05	5	ATP-dependent DNA ligase, partial
3.61722156292e-05	5	DnaA regulatory inactivator Hda, partial
3.61722156292e-05	5	5-methyltetrahydrofolate S-homocysteine methyltransferase
3.61722156292e-05	5	YceG like protein
3.61722156292e-05	5	metX protein
3.61722156292e-05	5	MULTISPECIES: quinoprotein dehydrogenase-associated SoxYZ-like carrier
3.61722156292e-05	5	chlorophyll A-B binding protein
3.61722156292e-05	5	cobalt ABC transporter ATPase
3.61722156292e-05	5	fimbrial protein pilA
3.61722156292e-05	5	MULTISPECIES: SH3 domain-containing protein
3.61722156292e-05	5	dihydrolipoyllysine-residue acetyltransferase, partial
3.61722156292e-05	5	siderophore biosynthesis protein SbnG
3.61722156292e-05	5	membrane-fusion protein-like protein
3.61722156292e-05	5	nucleoside triphosphate pyrophosphohydrolase MazG-like protein
3.61722156292e-05	5	IS1380 family transposase ISPto6
3.61722156292e-05	5	MULTISPECIES: adenosine nucleotide hydrolase
3.61722156292e-05	5	phospholipid-binding protein MlaC
3.61722156292e-05	5	Ti-type conjugative transfer relaxase TraA, partial
3.61722156292e-05	5	bifunctional PTS fructose transporter subunit IIA/HPr protein
3.61722156292e-05	5	single-strand selective monofunctional uracil DNA glycosylase
3.61722156292e-05	5	NADP oxidoreductase coenzyme F420-dependent
3.61722156292e-05	5	MULTISPECIES: DUF1998 domain-containing protein
3.61722156292e-05	5	peptidase family S51
3.61722156292e-05	5	Lhr-like helicase
3.61722156292e-05	5	diacylglucosamine hydrolase like protein
3.61722156292e-05	5	DUF4020 domain-containing protein
3.61722156292e-05	5	MULTISPECIES: osmoprotectant NAGGN system M42 family peptidase
3.61722156292e-05	5	MULTISPECIES: DUF2164 domain-containing protein
3.61722156292e-05	5	MULTISPECIES: flagellar transcriptional regulator FlhD
3.61722156292e-05	5	DUF2851 domain-containing protein, partial
3.61722156292e-05	5	Sulfur carrier protein adenylyltransferase ThiF
3.61722156292e-05	5	cell division protein FtsN
3.61722156292e-05	5	MULTISPECIES: DUF1064 domain-containing protein
3.61722156292e-05	5	IS3 family transposase ISAba20
3.61722156292e-05	5	anti-ECFsigma factor, ChrR
3.61722156292e-05	5	putative fatty acid desaturase
3.61722156292e-05	5	MULTISPECIES: choline ABC transporter permease
3.61722156292e-05	5	dATP pyrophosphohydrolase
3.61722156292e-05	5	MULTISPECIES: L-rhamnonate dehydratase
3.61722156292e-05	5	MULTISPECIES: 4-hydroxy-2-oxo-heptane-1,7-dioate aldolase
3.61722156292e-05	5	DUF1804 domain-containing protein
3.61722156292e-05	5	ricin B lectin
3.61722156292e-05	5	MULTISPECIES: IS21 family transposase IS1600
3.61722156292e-05	5	purine or other phosphorylase family 1
3.61722156292e-05	5	MULTISPECIES: Photosystem I reaction center subunit II
3.61722156292e-05	5	glyoxalase family protein
3.61722156292e-05	5	thioredoxin, partial
3.61722156292e-05	5	gingipain R
3.61722156292e-05	5	outer hypothetical protein
3.61722156292e-05	5	Trk system potassium transporter TrkH
3.61722156292e-05	5	MULTISPECIES: AMP-dependent ligase
3.61722156292e-05	5	dinitrogenase iron-molybdenum cofactor
3.61722156292e-05	5	DNTP-hexose dehydratase-epimerase
3.61722156292e-05	5	glucosylglycerol-phosphate synthase
3.61722156292e-05	5	UmuC protein
3.61722156292e-05	5	MULTISPECIES: pteridine reductase
3.61722156292e-05	5	barbiturase
3.61722156292e-05	5	Sensory transduction histidine kinase
3.61722156292e-05	5	DUF1552 domain-containing protein, partial
3.61722156292e-05	5	siderophore biosynthesis protein
3.61722156292e-05	5	geranylgeranyl pyrophosphate synthetase
3.61722156292e-05	5	MULTISPECIES: acyloxyacyl hydrolase
3.61722156292e-05	5	2-oxoglutarate translocator
3.61722156292e-05	5	MULTISPECIES: N-methyltryptophan oxidase
3.61722156292e-05	5	DedA protein
3.61722156292e-05	5	MULTISPECIES: cobalt-precorrin-6A reductase
3.61722156292e-05	5	flagellin-like protein
3.61722156292e-05	5	energy transducer protein TonB
3.61722156292e-05	5	tartronate semialdehyde reductase
3.61722156292e-05	5	MULTISPECIES: nucleoside permease
3.61722156292e-05	5	microcystin dependent protein
3.61722156292e-05	5	Tetratricopeptide repeat family
3.61722156292e-05	5	MazG-like protein
3.61722156292e-05	5	Glycosyltransferase family 17
3.61722156292e-05	5	glutamate ABC transporter ATP-binding protein
3.61722156292e-05	5	beta-ketoadipate enol-lactone hydrolase
3.61722156292e-05	5	spore protein O
3.61722156292e-05	5	restriction endonuclease AlwI
3.61722156292e-05	5	AAA family ATPase, CDC48 subfamily
3.61722156292e-05	5	bifunctional nitrogenase iron-molybdenum cofactor biosynthesis protein NifEN
3.61722156292e-05	5	heme b synthase
3.61722156292e-05	5	hydroxy-3,4-dehydro-apo-8'-lycopene glucosyltransferase
3.61722156292e-05	5	sodium Bile acid symporter family protein
3.61722156292e-05	5	putative serine protease do-like (fragment)
3.61722156292e-05	5	outer membrane transport energization protein TonB
3.61722156292e-05	5	aerotolerance regulator BatD
3.61722156292e-05	5	cytidylate kinase/pantoate--beta-alanine ligase
3.61722156292e-05	5	DUF2703 domain-containing protein
3.61722156292e-05	5	CpaF pilus assembly protein, ATPase CpaF
3.61722156292e-05	5	thymidine kinase, partial
3.61722156292e-05	5	MULTISPECIES: DUF1476 domain-containing protein
3.61722156292e-05	5	MULTISPECIES: D-arabinose 5-phosphate isomerase
3.61722156292e-05	5	MULTISPECIES: levansucrase
3.61722156292e-05	5	DOPA 4,5-dioxygenase
3.61722156292e-05	5	MULTISPECIES: nodulation factor ABC transporter ATP-binding protein NodI
3.61722156292e-05	5	flagellar protein FlaB
3.61722156292e-05	5	MULTISPECIES: ADP-heptose--LPS heptosyltransferase
3.61722156292e-05	5	antiactivator of flagellar biosynthesis FleN protein
3.61722156292e-05	5	Multimodular transpeptidase-transglycosylase
3.61722156292e-05	5	dimethylallyltransferase
3.61722156292e-05	5	Blue light- and temperature-regulated antirepressor YcgF
3.61722156292e-05	5	MULTISPECIES: 1,4-alpha-glucan-branching protein
3.61722156292e-05	5	lipolytic protein
3.61722156292e-05	5	MULTISPECIES: AAC(3) family N-acetyltransferase
3.61722156292e-05	5	phosphonate transport system substrate-binding protein
3.61722156292e-05	5	MULTISPECIES: DUF547 domain-containing protein
3.61722156292e-05	5	carotenoid cleavage dioxygenase
3.61722156292e-05	5	M6 family metalloprotease
3.61722156292e-05	5	xanthine/uracil/vitamin C permease
3.61722156292e-05	5	CRISPR-associated protein Cas10
3.61722156292e-05	5	2-hydroxy-3-keto-5-methylthiopentenyl-1-phosphate phosphatase
3.61722156292e-05	5	OmpA domain protein
3.61722156292e-05	5	phosphoglycolate phosphatase, bacterial
3.61722156292e-05	5	MULTISPECIES: DUF5123 domain-containing protein
3.61722156292e-05	5	DUF2489 domain-containing protein
3.61722156292e-05	5	anti-sigma-factor antagonist and sugar transferase
3.61722156292e-05	5	ThiJ/PfpI family protein
3.61722156292e-05	5	iduronate-sulfatase or arylsulfatase A
3.61722156292e-05	5	MULTISPECIES: TIGR03790 family protein
3.61722156292e-05	5	ATPase associated with various cellular activities (AAA)
3.61722156292e-05	5	Replication protein P
3.61722156292e-05	5	miniconductance mechanosensitive channel MscM
3.61722156292e-05	5	MULTISPECIES: DUF1349 domain-containing protein
3.61722156292e-05	5	cysteine desulfurase, partial
3.61722156292e-05	5	PrgI family protein
3.61722156292e-05	5	molybdenum cofactor biosynthesis protein F
3.61722156292e-05	5	MULTISPECIES: DUF1745 domain-containing protein
3.61722156292e-05	5	Soluble ligand binding domain protein
3.61722156292e-05	5	succinate dehydrogenase subunit B protein
3.61722156292e-05	5	restriction endonuclease BsuBI
3.61722156292e-05	5	IS1595 family transposase ISCARN100
3.61722156292e-05	5	daunorubicin C-13 ketoreductase
3.61722156292e-05	5	MULTISPECIES: trimethylamine methyltransferase MttB
3.61722156292e-05	5	inner membrane insertion protein
3.61722156292e-05	5	MULTISPECIES: riboflavin synthase subunit alpha
3.61722156292e-05	5	methylthioribose-1-phosphate isomerase
3.61722156292e-05	5	protein-tyrosine phosphatase-like protein
3.61722156292e-05	5	RNase HI-like protein
3.61722156292e-05	5	MULTISPECIES: SspA protein
3.61722156292e-05	5	DUF218 domain-containing protein
3.61722156292e-05	5	Superfamily I DNA and RNA helicase
3.61722156292e-05	5	type 4 fimbrial biogenesis protein PilM
3.61722156292e-05	5	IS701 family transposase, partial
3.61722156292e-05	5	MULTISPECIES: D-aminoacyl-tRNA deacylase
3.61722156292e-05	5	pyridoxal-dependent decarboxylase, pyridoxal binding domain protein
3.61722156292e-05	5	DUF397 domain-containing protein
3.61722156292e-05	5	DUF2835 domain-containing protein
3.61722156292e-05	5	formimidoylglutamate deiminase, partial
3.61722156292e-05	5	DUF4186 domain-containing protein
3.61722156292e-05	5	molybdenum metabolism regulator
3.61722156292e-05	5	glycosyl hydrolase BNR repeat-containing protein
3.61722156292e-05	5	PTS fructose transporter subunit EIIBC
3.61722156292e-05	5	UvrD/REP helicase-like protein
3.61722156292e-05	5	aspartyl beta-hydroxylase, partial
3.61722156292e-05	5	fatty oxidation complex, subunit alpha
3.61722156292e-05	5	MULTISPECIES: plasmid replication initiator protein
3.61722156292e-05	5	CRISPR-associated endonuclease Cas4/Cas1
3.61722156292e-05	5	dCMP deaminase, putative
3.61722156292e-05	5	Peptidase family M48
3.61722156292e-05	5	IS5 family transposase ISSysp5
3.61722156292e-05	5	Glycosyl transferase, group 1 family protein
3.61722156292e-05	5	MULTISPECIES: quinoprotein ethanol dehydrogenase
3.61722156292e-05	5	nitrate ABC transporter substrate-binding proteins
3.61722156292e-05	5	MULTISPECIES: lysoplasmalogenase
3.61722156292e-05	5	RNA methyltransferase RsmE family
3.61722156292e-05	5	chemoreceptor
3.61722156292e-05	5	5-methylcytosine-specific restriction protein C
3.61722156292e-05	5	tripartite tricarboxylate transporter receptor protein, partial
3.61722156292e-05	5	protein of unknown function DUF185
3.61722156292e-05	5	xaa-Pro aminopeptidase
3.61722156292e-05	5	MULTISPECIES: DUF479 domain-containing protein
3.61722156292e-05	5	Kynurenine formamidase
3.61722156292e-05	5	MULTISPECIES: bifunctional glyoxylate/hydroxypyruvate reductase B
3.61722156292e-05	5	sfp protein
3.61722156292e-05	5	MurR/RpiR family transcriptional regulator, partial
3.61722156292e-05	5	ring-hydroxylating dioxygenase, large terminal subunit
3.61722156292e-05	5	vanillate O-demethylase oxygenase subunit
3.61722156292e-05	5	putative mu-like prophage Flumu protein gp28
3.61722156292e-05	5	2,3-diaminopropionate biosynthesis protein SbnA
3.61722156292e-05	5	type II restriction enzyme, methylase subunit
3.61722156292e-05	5	MULTISPECIES: TIGR03643 family protein
3.61722156292e-05	5	bifunctional glutamate synthase subunit beta/2-polyprenylphenol hydroxylase
3.61722156292e-05	5	trimethylamine dehydrogenase
3.61722156292e-05	5	biotin biosynthesis protein BioC
3.61722156292e-05	5	DUF3990 domain-containing protein
3.61722156292e-05	5	deoxyuridine 5'-triphosphate nucleotidohydrolase superfamily
3.61722156292e-05	5	cation efflux family transporter
3.61722156292e-05	5	MULTISPECIES: IS3 family transposase ISDsp4
3.61722156292e-05	5	FrgA protein
3.61722156292e-05	5	P-loop ATPase and inactivated derivative
3.61722156292e-05	5	DUF4156 domain-containing protein
3.61722156292e-05	5	MULTISPECIES: dipeptide ABC transporter permease DppC
3.61722156292e-05	5	sepiapterin reductase
3.61722156292e-05	5	MULTISPECIES: delta 9 acyl-lipid fatty acid desaturase
3.61722156292e-05	5	Lipid A export ATP-binding/permease MsbA
3.61722156292e-05	5	type III restriction-modification enzyme, R/helicase subunit
3.61722156292e-05	5	Ion transporter
3.61722156292e-05	5	cytochrome oxidase subunit III, partial
3.61722156292e-05	5	hypothetical protein; putative signal peptide
3.61722156292e-05	5	branched-chain amino acid transporter permease
3.61722156292e-05	5	Cryptochrome
3.61722156292e-05	5	Thrombospondin type 3 repeat-containing protein, partial
3.61722156292e-05	5	sucrose-6-phosphate hydrolase
3.61722156292e-05	5	oxygen-insensitive NAD(P)H-dependent nitroreductase NfsB
3.61722156292e-05	5	MULTISPECIES: transcription elongation factor
3.61722156292e-05	5	bacteriophage lambda NinG family protein
3.61722156292e-05	5	autotransporter secretion inner membrane protein TamB
3.61722156292e-05	5	amino acid adenylation domain protein
3.61722156292e-05	5	succinyl-CoA--3-ketoacid-CoA transferase subunit B
3.61722156292e-05	5	two-component system sensor histidine kinase/response, putative
3.61722156292e-05	5	protein with SnoaL 3 domain, NTF 2 superfamily
3.61722156292e-05	5	acyltransferase HtrB/MsbB family
3.61722156292e-05	5	DNA protecting protein DprA, partial
3.61722156292e-05	5	Tol-Pal system beta propeller repeat protein TolB, partial
3.61722156292e-05	5	MULTISPECIES: DUF2505 domain-containing protein
3.61722156292e-05	5	MULTISPECIES: excinuclease ATPase
3.61722156292e-05	5	DUF2505 domain-containing protein
3.61722156292e-05	5	MULTISPECIES: D-cysteine desulfhydrase
3.61722156292e-05	5	yitL protein
3.61722156292e-05	5	two-domain glycosyltransferase
3.61722156292e-05	5	cytochrome-c oxidase, cbb3-type subunit II, partial
3.61722156292e-05	5	MULTISPECIES: thiamine biosynthesis protein ThiJ
3.61722156292e-05	5	MULTISPECIES: ribonucleoside-diphosphate reductase, alpha chain
3.61722156292e-05	5	iron transporter FeoA
3.61722156292e-05	5	N-acetylneuraminic acid phosphate synthase
3.61722156292e-05	5	transglutaminase family protein, partial
3.61722156292e-05	5	MULTISPECIES: DUF3489 domain-containing protein
3.61722156292e-05	5	NAD-binding 3-hydroxyacyl-CoA dehydrogenase
3.61722156292e-05	5	MULTISPECIES: protein hesA
3.61722156292e-05	5	xanthine/uracil permease
3.61722156292e-05	5	type VI secretion system ATPase ClpV
3.61722156292e-05	5	phage-like protein tail component-like
3.61722156292e-05	5	MULTISPECIES: fused response regulator/phosphatase
3.61722156292e-05	5	tetrahydrodipicolinate succinyltransferase
3.61722156292e-05	5	putative Ribonucleoside-triphosphate reductase
3.61722156292e-05	5	cysteine ABC transporter ATP-binding protein
3.61722156292e-05	5	DNA exonuclease SbcCD subunit SbcD
3.61722156292e-05	5	MULTISPECIES: lipopolysaccharide core heptose(I) kinase RfaP
3.61722156292e-05	5	MULTISPECIES: stage V sporulation protein E
3.61722156292e-05	5	MULTISPECIES: DUF3313 domain-containing protein
3.61722156292e-05	5	ATPase associated with various cellular activities family protein
3.61722156292e-05	5	DUF3568 domain-containing protein
3.61722156292e-05	5	histidine ABC transporter substrate-binding protein HisJ
3.61722156292e-05	5	ATP-dependent protease La type II
3.61722156292e-05	5	MULTISPECIES: carnitine 3-dehydrogenase
3.61722156292e-05	5	preprotein translocase subunit SecG, partial
3.61722156292e-05	5	microcystin-dependent protein-like protein
3.61722156292e-05	5	Twin-arginine translocation pathway signal sequence domain-containing protein
3.61722156292e-05	5	ribosome-associated translation inhibitor RaiA
3.61722156292e-05	5	menaquinol-cytochrome C reductase
3.61722156292e-05	5	type II secretion system protein GspN
3.61722156292e-05	5	MULTISPECIES: recombinase RecB
3.61722156292e-05	5	chloromuconate cycloisomerase YkfB1
3.61722156292e-05	5	L-dehydroascorbate transporter large permease subunit, partial
3.61722156292e-05	5	acetyl/propionyl-CoA carboxylase subunit alpha, partial
3.61722156292e-05	5	histidine acid phosphatase
3.61722156292e-05	5	ubiquinol-cytochrome c reductase cytochrome c1 subunit
3.61722156292e-05	5	guanosine monophosphate reductase, partial
3.61722156292e-05	5	TrkA domain-containing protein
3.61722156292e-05	5	DUF5130 domain-containing protein
3.61722156292e-05	5	MULTISPECIES: glutamyl-tRNA synthetase
3.61722156292e-05	5	M61 glycyl aminopeptidase
3.61722156292e-05	5	type II/IV secretion system family protein
3.61722156292e-05	5	ketopantoate reductase
3.61722156292e-05	5	acyl-sn-glycerol-3-phosphate acyltransferase
3.61722156292e-05	5	MULTISPECIES: 6-chlorohydroxyquinol-1,2-dioxygenase
3.61722156292e-05	5	MULTISPECIES: DNA adenine methylase
3.61722156292e-05	5	MULTISPECIES: 3-phytase
3.61722156292e-05	5	N-acetylglucosaminyl-diphospho-decaprenol L-rhamnosyltransferase
3.61722156292e-05	5	MULTISPECIES: uracil-xanthine permease family protein
3.61722156292e-05	5	agmatinase, partial
3.61722156292e-05	5	DUF4269 domain-containing protein
3.61722156292e-05	5	Ice nucleation protein
3.61722156292e-05	5	MULTISPECIES: cytochrome bd-I oxidase subunit CydX
3.61722156292e-05	5	decaprenyl diphosphate synthase
3.61722156292e-05	5	DUF4431 domain-containing protein
3.61722156292e-05	5	DUF1444 domain-containing protein
3.61722156292e-05	5	L-alanyl-D-glutamate peptidase Lys
3.61722156292e-05	5	MULTISPECIES: glycerol-3-phosphate ABC transporter substrate-binding protein
3.61722156292e-05	5	iron (metal) dependent repressor, dtxr family protein
3.61722156292e-05	5	cobalamin ABC transporter permease
3.61722156292e-05	5	7-carboxy-7-deazaguanine synthase, partial
3.61722156292e-05	5	MULTISPECIES: TIGR02688 family protein
3.61722156292e-05	5	large-conductance mechanosensitive channel MscL
3.61722156292e-05	5	hydrolase or acyltransferase of alpha/beta superfamily
3.61722156292e-05	5	inorganic diphosphatase PpaC
3.61722156292e-05	5	aspartate kinase, partial
3.61722156292e-05	5	chlorophyllase
3.61722156292e-05	5	glutathione synthetase/glutathione synthetase
3.61722156292e-05	5	MULTISPECIES: 3-carboxyethylcatechol 2,3-dioxygenase
3.61722156292e-05	5	FIST domain containing protein
3.61722156292e-05	5	OprB family carbohydrate-selective porin
3.61722156292e-05	5	MULTISPECIES: ATP-dependent metallopeptidase HflB
3.61722156292e-05	5	MULTISPECIES: biotin carboxyl carrier protein
3.61722156292e-05	5	mycothione reductase
3.61722156292e-05	5	arginine/lysine/ornithine decarboxylase
3.61722156292e-05	5	haloacid dehalogenase, type II
3.61722156292e-05	5	capsular polysaccharide biosynthesis protein Cap8F
3.61722156292e-05	5	Vitamin K-dependent gamma-carboxylase
3.61722156292e-05	5	O-linked N-acetylglucosamine transferase, SPINDLY family protein, partial
3.61722156292e-05	5	MULTISPECIES: dipeptide ABC transporter ATP-binding protein
3.61722156292e-05	5	MULTISPECIES: D-xylose ABC transporter ATP-binding protein
3.61722156292e-05	5	tryptophan tryptophylquinone biosynthesis enzyme MauG
3.61722156292e-05	5	SleB-like protein
3.61722156292e-05	5	type I-MYXAN CRISPR-associated Cas8a1/Cmx1
3.61722156292e-05	5	phosphoesterase, partial
3.61722156292e-05	5	sensor protein atoS
3.61722156292e-05	5	biotin apo-protein ligase-related protein-like protein
3.61722156292e-05	5	type IV secretion system protein DotA
3.61722156292e-05	5	PTS trehalose transporter subunit IIBC
3.61722156292e-05	5	vitamin-B12 independent methionine synthase
3.61722156292e-05	5	serine/threonine dehydratase, partial
3.61722156292e-05	5	MULTISPECIES: squalene/phytoene synthase family protein
3.61722156292e-05	5	twitching motility protein PilI
3.61722156292e-05	5	sugar-1-phosphate guanyl transferase
3.61722156292e-05	5	serine/threonine protein kinases
3.61722156292e-05	5	formyl-coenzyme A transferase, partial
3.61722156292e-05	5	TIGR02186 family protein
3.61722156292e-05	5	MULTISPECIES: Fe-S cluster assembly scaffold SufA
3.61722156292e-05	5	tolB protein precursor, periplasmic protein involved in the tonb-independent uptake of group A colicins
3.61722156292e-05	5	molybdopterin-guanine dinucleotide biosynthesis protein A
3.61722156292e-05	5	MULTISPECIES: methyltransferase FkbM family
3.61722156292e-05	5	alpha-L-rhamnosidase, partial
3.61722156292e-05	5	DUF5117 domain-containing protein
3.61722156292e-05	5	flavodoxin/nitric oxide synthase
3.61722156292e-05	5	FHIPEP family type III secretion protein
3.61722156292e-05	5	MULTISPECIES: DUF1194 domain-containing protein
3.61722156292e-05	5	ectoine utilization protein EutA
3.61722156292e-05	5	MULTISPECIES: DUF1264 domain-containing protein
3.61722156292e-05	5	MULTISPECIES: aliphatic sulfonates ABC transporter ATP-binding protein
3.61722156292e-05	5	UDP-glucuronate 5'-epimerase
3.61722156292e-05	5	nitrogenase stabilizing/protective protein
3.61722156292e-05	5	flavin-binding monooxygenase subfamily
3.61722156292e-05	5	outer membrane protein OmpA
3.61722156292e-05	5	type II secretion protein
3.61722156292e-05	5	MULTISPECIES: TIGR00701 family protein
3.61722156292e-05	5	putative regulator of cell autolysis
3.61722156292e-05	5	hexapeptide repeat-containing transferase
3.61722156292e-05	5	MULTISPECIES: glucosaminidase
3.61722156292e-05	5	MULTISPECIES: 9-cis-epoxycarotenoid dioxygenase
3.61722156292e-05	5	MULTISPECIES: xylosidase
3.61722156292e-05	5	MULTISPECIES: DUF1173 domain-containing protein
3.61722156292e-05	5	MULTISPECIES: DUF2059 domain-containing protein
3.61722156292e-05	5	alternative thymidylate synthase
3.61722156292e-05	5	putative chaperone protein ClpB
3.61722156292e-05	5	mechanosensitive ion channel protein MscS, partial
3.61722156292e-05	5	L-lysine exporter
3.61722156292e-05	5	A/G-specific adenine glycosylase, partial
3.61722156292e-05	5	cytochrome cd1 nitrite reductase precursor
3.61722156292e-05	5	DUF3007 domain-containing protein
3.61722156292e-05	5	MULTISPECIES: Neuraminidase (sialidase)
3.61722156292e-05	5	exodeoxyribonuclease V gamma chain, partial
3.61722156292e-05	5	MULTISPECIES: iron-sulfur protein
3.61722156292e-05	5	MULTISPECIES: phage baseplate assembly protein V
3.61722156292e-05	5	acety-l/propionyl-CoA carboxylase subunit alpha
3.61722156292e-05	5	peptidase M13, partial
3.61722156292e-05	5	UvrABC system protein B
3.61722156292e-05	5	MULTISPECIES: dipeptide ABC transporter ATP-binding protein DppD
3.61722156292e-05	5	iron dependent repressor, metal binding/dimerization domain protein
3.61722156292e-05	5	site-specific DNA-methyltransferase (adenine-specific)
3.61722156292e-05	5	sugar translocase
3.61722156292e-05	5	MULTISPECIES: diguanylate kinase
3.61722156292e-05	5	MULTISPECIES: AlwI family type II restriction endonuclease
3.61722156292e-05	5	S1 family peptidase
3.61722156292e-05	5	phosphoglyceromutase, partial
3.61722156292e-05	5	isochorismate synthase MenF
3.61722156292e-05	5	outer membrane autotransporter barrel domain protein
3.61722156292e-05	5	lysine decarboxylase LdcC
3.61722156292e-05	5	sensor protein fixL
3.61722156292e-05	5	ImpA-like protein
3.61722156292e-05	5	peptidase M52
3.61722156292e-05	5	alpha-mannosidase, partial
3.61722156292e-05	5	molybdate ABC transporter ATP-binding protein
3.61722156292e-05	5	MULTISPECIES: sarcosine oxidase subunit delta family protein
3.61722156292e-05	5	potassium voltage-gated channel Shaker-related subfamily A, beta member 2
3.61722156292e-05	5	MULTISPECIES: phage baseplate protein
3.61722156292e-05	5	L-rhamnose isomerase, partial
3.61722156292e-05	5	cation transporter, partial
3.61722156292e-05	5	toxin secretion ABC transporter ATP-binding protein
3.61722156292e-05	5	ornithine-acyl-ACP acyltransferase
3.61722156292e-05	5	CRISPR system precrRNA processing endoribonuclease RAMP protein Cas6
3.61722156292e-05	5	UspA domain protein
3.61722156292e-05	5	type II secretion system protein, partial
3.61722156292e-05	5	MULTISPECIES: phycobilisome rod-core linker polypeptide CpcG2
3.61722156292e-05	5	Fe-S cluster assembly protein NifU
3.61722156292e-05	5	Pentaxin, partial
3.61722156292e-05	5	MULTISPECIES: peptidase S8 and S53 subtilisin kexin sedolisin
3.61722156292e-05	5	ABC-type polysaccharide/polyol phosphate export system, permease component
3.61722156292e-05	5	polyamine ABC transporter membrane spanning protein
3.61722156292e-05	5	4-hydroxyphenylacetate 3-hydroxylase, partial
3.61722156292e-05	5	DNA methylation and regulatory protein Ada
3.61722156292e-05	5	type III secretion system protein InvA
3.61722156292e-05	5	carbohydrate porin, partial
3.61722156292e-05	5	MULTISPECIES: cag pathogenicity island protein Cag5
3.61722156292e-05	5	DUF1090 domain-containing protein
3.61722156292e-05	5	restriction endonuclease LlaI
3.61722156292e-05	5	DUF3493 domain-containing protein
3.61722156292e-05	5	trehalose permease IIC protein
3.61722156292e-05	5	thiogalactoside acetyltransferase
3.61722156292e-05	5	ribosome biogenesis GTP-binding protein YsxC
3.61722156292e-05	5	MULTISPECIES: peptide ABC transporter ATPase
3.61722156292e-05	5	MULTISPECIES: xylose ABC transporter ATP-binding protein
3.61722156292e-05	5	thrombospondin-like domain-containing protein
3.61722156292e-05	5	GntP family permease
3.61722156292e-05	5	ParB-like protein
3.61722156292e-05	5	GDYXXLXY protein
3.61722156292e-05	5	MULTISPECIES: thiamine/thiamine pyrophosphate ABC transporter permease ThiP
3.61722156292e-05	5	bacilysin biosynthesis protein BacA
3.61722156292e-05	5	4-(cytidine 5'-diphospho)-2-C-methyl-D-erythritol kinase, partial
3.61722156292e-05	5	DUF3613 domain-containing protein
3.61722156292e-05	5	uroporphyrinogen-III decarboxylase-like protein
3.61722156292e-05	5	PLD-like domain protein
3.61722156292e-05	5	folate biosynthesis protein
3.61722156292e-05	5	MULTISPECIES: dolichol-phosphate mannosyltransferase
3.61722156292e-05	5	DUF990 domain-containing protein
3.61722156292e-05	5	ribosomal large subunit pseudouridine synthase A
3.61722156292e-05	5	ribonuclease E, partial
3.61722156292e-05	5	oxidoreductase-like protein
3.61722156292e-05	5	dihydrolipoamide acetyltransferase, partial
3.61722156292e-05	5	Acyl-CoA dehydrogenase, short-chain specific
3.61722156292e-05	5	beta-propeller repeat-containing to-pal system protein TolB
3.61722156292e-05	5	beta-xylosidase/endoglucanase
3.61722156292e-05	5	MULTISPECIES: choline ABC transporter ATP-binding protein
3.61722156292e-05	5	glycoside hydrolase 68 family protein
3.61722156292e-05	5	MULTISPECIES: cbb3-type cytochrome C oxidase subunit 3
3.61722156292e-05	5	electron transporter SCO1/SenC
3.61722156292e-05	5	transfer Agent
3.61722156292e-05	5	aspartate phosphatase
3.61722156292e-05	5	MULTISPECIES: cyclic peptide transporter
3.61722156292e-05	5	tryptophan oxidase
3.61722156292e-05	5	Cyanophycin synthase
3.61722156292e-05	5	tetracycline resistance ribosomal protection protein Tet(M)
3.61722156292e-05	5	zinc finger, SWIM-type
3.61722156292e-05	5	TIGR03986 family CRISPR-associated RAMP protein
3.61722156292e-05	5	MULTISPECIES: beta-glucanase
3.61722156292e-05	5	arsenate reductase (thioredoxin)
3.61722156292e-05	5	MULTISPECIES: nitrilase/cyanide hydratase
3.61722156292e-05	5	putative sugar ABC transporter sugar-binding protein
3.61722156292e-05	5	type II modification methyltransferase
3.61722156292e-05	5	capsule biosynthesis protein CapG
3.61722156292e-05	5	type III secretion system protein
3.61722156292e-05	5	MULTISPECIES: flagellar biosynthesis regulator FlhF
3.61722156292e-05	5	tRNA 5-methylaminomethyl-2-thiouridine biosynthesis bifunctional protein mnmC tRNA mnm(5)s(2)U biosynthesis bifunctional protein
3.61722156292e-05	5	NAD-binding D-isomer specific 2-hydroxyacid dehydrogenase
3.61722156292e-05	5	moaA/nifB/pqqE family protein
3.61722156292e-05	5	NADH-dependent dehydratase
3.61722156292e-05	5	GOB family subclass B3 metallo-beta-lactamase
3.61722156292e-05	5	MULTISPECIES: exosortase B
3.61722156292e-05	5	MULTISPECIES: DUF1957 domain-containing protein
3.61722156292e-05	5	protein translocase subunit SecA 1
3.61722156292e-05	5	MULTISPECIES: DUF4327 domain-containing protein
3.61722156292e-05	5	L-arabinose transport ATP-binding protein araG
3.61722156292e-05	5	fused nuclease/metallophosphatase/5'-nucleotidase/calcium-binding protein
3.61722156292e-05	5	MULTISPECIES: flagellar biosynthesis anti-sigma factor FlgM
3.61722156292e-05	5	Gly-Xaa carboxypeptidase
3.61722156292e-05	5	DNA recombination protein RmuC, partial
3.61722156292e-05	5	MULTISPECIES: DUF2782 domain-containing protein
3.61722156292e-05	5	secretion system protein, partial
3.61722156292e-05	5	MULTISPECIES: macrolide 2'-phosphotransferase
3.61722156292e-05	5	acylpyruvase
3.61722156292e-05	5	ssDNA exonuclease RecJ
3.61722156292e-05	5	cytochrome c biogenesis protein region
3.61722156292e-05	5	serine/threonine-protein kinase, partial
3.61722156292e-05	5	zinc-dependent metallopeptidase
3.61722156292e-05	5	(Fe-S)-cluster assembly protein
3.61722156292e-05	5	MULTISPECIES: transcription initiation protein
3.61722156292e-05	5	aspic/unbv domain protein
3.61722156292e-05	5	MULTISPECIES: N-acetylglutaminylglutamine synthetase
3.61722156292e-05	5	deoxyribonuclease I
3.61722156292e-05	5	alpha-beta hydrolase superfamily esterase
3.61722156292e-05	5	SusF/SusE family outer membrane protein
3.61722156292e-05	5	MULTISPECIES: DUF4276 domain-containing protein
3.61722156292e-05	5	S-adenosylmethionine decarboxylase-like protein
3.61722156292e-05	5	topoisomerase IV subunit A
3.61722156292e-05	5	dihydroxy-acid dehydratase2
3.61722156292e-05	5	minor spike protein H
3.61722156292e-05	5	deoxyuridinetriphosphatase
3.61722156292e-05	5	fused signal transduction protein/response regulator
3.61722156292e-05	5	DNA-binding protein SMUBP-2
3.61722156292e-05	5	MULTISPECIES: DUF1318 domain-containing protein
3.61722156292e-05	5	Monooxygenase FAD-binding
3.61722156292e-05	5	phosphonates import ATP-binding protein PhnC
3.61722156292e-05	5	MULTISPECIES: phage morphogenesis protein
3.61722156292e-05	5	protein serine/threonine/tyrosine phosphatase
3.61722156292e-05	5	cobinamide adenolsyltransferase
3.61722156292e-05	5	dimethylargininase
3.61722156292e-05	5	molybdenum-binding protein
3.61722156292e-05	5	MULTISPECIES: transcriptional regulator CysB
3.61722156292e-05	5	peroxidase/Serralysin
3.61722156292e-05	5	L,D-transpeptidase catalytic domain protein
3.61722156292e-05	5	KDPG and KHG aldolase
3.61722156292e-05	5	Tat pathway signal protein, partial
3.61722156292e-05	5	EDD domain protein
3.61722156292e-05	5	alpha amylase catalytic domain-containing protein
3.61722156292e-05	5	MULTISPECIES: DUF3318 domain-containing protein
3.61722156292e-05	5	putative hemagglutinin-related protein
3.61722156292e-05	5	transpeptidase-transglycosylase
3.61722156292e-05	5	PEP-utilizing enzyme, mobile domain protein
3.61722156292e-05	5	secretory apparatus
3.61722156292e-05	5	putative pimeloyl-CoA synthetase
3.61722156292e-05	5	molybdopterin cofactor synthesis protein
3.61722156292e-05	5	N-dimethylarginine dimethylaminohydrolase
3.61722156292e-05	5	peptidase, M48 family
3.61722156292e-05	5	MULTISPECIES: peptidylprolyl isomerase FKBP-type
3.61722156292e-05	5	putative pilus assembly-related protein
3.61722156292e-05	5	MULTISPECIES: nucleoid-associated protein YejK
3.61722156292e-05	5	DUF4232 domain-containing protein
3.61722156292e-05	5	SepL/TyeA/HrpJ family type III secretion system gatekeeper
3.61722156292e-05	5	MULTISPECIES: carbamate kinase
3.61722156292e-05	5	cyclolysin secretion/processing ATP-binding protein CyaB
3.61722156292e-05	5	UDP-N-acetyl-D-mannosaminuronate dehydrogenase
3.61722156292e-05	5	MULTISPECIES: lipid carrier--UDP-N-acetylgalactosaminyltransferase
3.61722156292e-05	5	IS3 family transposase ISAba18
3.61722156292e-05	5	mannosidase-related
3.61722156292e-05	5	glucose dehydrogenase-B
3.61722156292e-05	5	NodT family efflux transporter outer membrane factor (OMF) lipoprotein
3.61722156292e-05	5	MULTISPECIES: RelE/StbE family addiction module toxin
3.61722156292e-05	5	Rho termination factor domain-containing protein
3.61722156292e-05	5	DUF3148 domain-containing protein
3.61722156292e-05	5	MULTISPECIES: septum formation initiator
3.61722156292e-05	5	nucleoside hydrolase, partial
3.61722156292e-05	5	MULTISPECIES: ATP synthase subunit I
3.61722156292e-05	5	twitching mobility protein
3.61722156292e-05	5	IS3 family transposase ISSpu1
3.61722156292e-05	5	peptidase M3A and M3B thimet/oligopeptidase F
3.61722156292e-05	5	UDP-N-acetylhexosamine pyrophosphorylase
3.61722156292e-05	5	MlrC family protein
3.61722156292e-05	5	chromosome partition protein MukF
3.61722156292e-05	5	type I-D CRISPR-associated protein Cas10d/Csc3, partial
3.61722156292e-05	5	aminopeptidase C
3.61722156292e-05	5	cell envelope biogenesis protein AsmA
3.61722156292e-05	5	fumarate reductase/succinate dehydrogenase flavoprotein domain-containing protein
3.61722156292e-05	5	extradiol ring-cleavage dioxygenase class III protein subunit B
3.61722156292e-05	5	MULTISPECIES: OsmC family protein
3.61722156292e-05	5	LpxA family transferase
3.61722156292e-05	5	photosystem I assembly protein Ycf37
3.61722156292e-05	5	DUF768 domain-containing protein
3.61722156292e-05	5	MULTISPECIES: phosphate porin
3.61722156292e-05	5	translation elongation factor Ts, partial
3.61722156292e-05	5	putative aromatic amino acid decarboxylase
3.61722156292e-05	5	DUF3310 domain-containing protein, partial
3.61722156292e-05	5	c-type cytochrome
3.61722156292e-05	5	MULTISPECIES: NAD-binding protein
3.61722156292e-05	5	MULTISPECIES: ornithine decarboxylase
3.61722156292e-05	5	MULTISPECIES: phycocyanin subunit beta
3.61722156292e-05	5	MULTISPECIES: bifunctional cobalt-precorrin-7 (C(5))-methyltransferase/cobalt-precorrin-6B (C(15))-methyltransferase
3.61722156292e-05	5	excinuclease ABC, A subunit
3.61722156292e-05	5	MULTISPECIES: plasmid partitioning protein RepA
3.61722156292e-05	5	ribonuclease D, partial
3.61722156292e-05	5	cobalamin ABC transporter substrate-binding protein
3.61722156292e-05	5	secretion system protein TadA
3.61722156292e-05	5	secretion system protein TadC
3.61722156292e-05	5	class I SAM-dependent RNA methyltransferase, partial
3.61722156292e-05	5	5-methylcytosine restriction system component-like protein
3.61722156292e-05	5	virulence associated protein
3.61722156292e-05	5	MULTISPECIES: short-chain fatty acid transporter
3.61722156292e-05	5	IS3 family transposase ISGau4
3.61722156292e-05	5	2-succinyl-5-enolpyruvyl-6-hydroxy-3-cyclohexene-1-carboxylic-acid synthase, partial
3.61722156292e-05	5	anti-Sigm factor, ChrR
3.61722156292e-05	5	daunorubicin resistance ABC transporter, ATP-binding family protein
3.61722156292e-05	5	serine/threonine kinase
3.61722156292e-05	5	MULTISPECIES: DUF2851 domain-containing protein
3.61722156292e-05	5	RTX toxin, partial
3.61722156292e-05	5	hypothetical ToxR-regulated lipoprotein
3.61722156292e-05	5	Penicillin-binding protein E
3.61722156292e-05	5	threonine export protein RhtC
3.61722156292e-05	5	MULTISPECIES: OpcA protein
3.61722156292e-05	5	Precorrin-8X methylmutase CbiC/CobH
3.61722156292e-05	5	ATP-binding protein IstB
3.61722156292e-05	5	MULTISPECIES: type I restriction-modification system endonuclease
3.61722156292e-05	5	thiamin biosynthesis protein
3.61722156292e-05	5	mandelate dehydrogenase
3.61722156292e-05	5	uracil phosphoribosyltransferase, partial
3.61722156292e-05	5	molybdenum transport ATP-binding protein modF
3.61722156292e-05	5	MULTISPECIES: photosystem I reaction center subunit III
3.61722156292e-05	5	MULTISPECIES: (4Fe-4S)-binding protein
3.61722156292e-05	5	zinc finger, CHC2-family protein
3.61722156292e-05	5	maltose/maltodextrin transporter ATP-binding protein
3.61722156292e-05	5	gluconeogenesis factor
3.61722156292e-05	5	ribonucleotide-diphosphate reductase
3.61722156292e-05	5	DUF469 domain-containing protein
3.61722156292e-05	5	MULTISPECIES: 2,5-didehydrogluconate reductase B
3.61722156292e-05	5	lipopolysaccharide A protein
3.61722156292e-05	5	MULTISPECIES: ribose ABC transporter ATP-binding protein RbsA
3.61722156292e-05	5	AsmA protein
3.61722156292e-05	5	type II/IV secretion system protein, partial
3.61722156292e-05	5	uracil-DNA glycosylase superfamily protein
3.61722156292e-05	5	MULTISPECIES: arabinosidase
3.61722156292e-05	5	cadherin domain-containing protein
3.61722156292e-05	5	sliding clamp
3.61722156292e-05	5	DUF5045 domain-containing protein
3.61722156292e-05	5	Spermidine Putrescine ABC transporter permease component PotB
3.61722156292e-05	5	invasion protein IagB
3.61722156292e-05	5	metallopeptidase family M24
3.61722156292e-05	5	Redoxin domain protein
3.61722156292e-05	5	hydroquinone dioxygenase large subunit
3.61722156292e-05	5	putative blue copper protein
3.61722156292e-05	5	GDP-D-mannose dehydratase
3.61722156292e-05	5	porphobilinogen synthase, partial
3.61722156292e-05	5	MULTISPECIES: hopanoid biosynthesis associated radical SAM protein HpnH
3.61722156292e-05	5	IS3 family transposase ISEli1
3.61722156292e-05	5	beta-ketoacyl-ACP synthase I
3.61722156292e-05	5	polypeptide chain release factor methylase
3.61722156292e-05	5	single-stranded nucleic acid binding R3H domain-containing protein
3.61722156292e-05	5	PUCC protein
3.61722156292e-05	5	cyclohexanecarboxylate-CoA ligase, partial
3.61722156292e-05	5	galactosyl transferase
3.61722156292e-05	5	cysteine desulfhydrase
3.61722156292e-05	5	MULTISPECIES: fucose isomerase
3.61722156292e-05	5	bifunctional peptide chain release factor N(5)-glutamine methyltransferase PrmC/tRNA (guanosine(46)-N7)-methyltransferase TrmB
3.61722156292e-05	5	MULTISPECIES: dehydrogenase E1 component
3.61722156292e-05	5	5'-nucleotidase/2',3'-cyclic phosphodiesterase-like hydrolase
3.61722156292e-05	5	dockerin
3.61722156292e-05	5	Tfp pilus assembly protein PilY
3.61722156292e-05	5	histone methylation protein DOT1-like protein
3.61722156292e-05	5	teichoic acid ABC transporter ATPase
3.61722156292e-05	5	RTX toxin-activating lysine-acyltransferase
3.61722156292e-05	5	MULTISPECIES: phosphopantothenoylcysteine decarboxylase
3.61722156292e-05	5	MULTISPECIES: bifunctional 2-keto-4-hydroxyglutarate aldolase/2-keto-3-deoxy-6-phosphogluconate aldolase
3.61722156292e-05	5	PmbA
3.61722156292e-05	5	sugar phosphorylase
3.61722156292e-05	5	sigma E regulatory protein MucB/RseB
3.61722156292e-05	5	PmbA protein
3.61722156292e-05	5	D-alanine/D-serine/glycine permease
3.61722156292e-05	5	TIGR02679 family protein
3.61722156292e-05	5	flagellar hook assembly protein FlgD
3.61722156292e-05	5	ditrans,polycis-undecaprenyl-diphosphate synthase ((2E,6E)-farnesyl-diphosphate specific)
3.61722156292e-05	5	lysylphosphatidylglycerol synthetase
3.61722156292e-05	5	outer membrane transport energization protein ExbB
3.61722156292e-05	5	DUF615 domain-containing protein, partial
3.61722156292e-05	5	MULTISPECIES: cyclohexadienyl dehydrogenase
3.61722156292e-05	5	ATP synthase subunit b 1
3.61722156292e-05	5	molybdopterin binding aldehyde oxidase and xanthine dehydrogenase
3.61722156292e-05	5	MULTISPECIES: phage gp6-like head-tail connector protein
3.61722156292e-05	5	aryl sulfotransferase
3.61722156292e-05	5	F0F1-type ATP synthase subunit beta
3.61722156292e-05	5	myosin kinase
3.61722156292e-05	5	cytochrome C biogenesis protein CycK
3.61722156292e-05	5	dTDP-4-amino-4,6-dideoxy-D-glucose transaminase, partial
3.61722156292e-05	5	taurine-transporting ATPase
3.61722156292e-05	5	O-antigen polysaccharide polymerase Wzy
3.61722156292e-05	5	ATP adenylyltransferase
3.61722156292e-05	5	PsiE family protein
3.61722156292e-05	5	PTS sugar transporter subunit IIB
3.61722156292e-05	5	oxoglutarate dehydrogenase inhibitor
3.61722156292e-05	5	peptidase, S41 family
3.61722156292e-05	5	MULTISPECIES: acyl-CoA thioester hydrolase
3.61722156292e-05	5	Aas bifunctional protein
3.61722156292e-05	5	MULTISPECIES: excinuclease ABC subunit UvrA
3.61722156292e-05	5	lema family protein
3.61722156292e-05	5	mannosylfructose-phosphate synthase
3.61722156292e-05	5	nickel import ATP-binding protein NikD
3.61722156292e-05	5	phosphate starvation-inducible protein PhoH, partial
3.61722156292e-05	5	GXGXG motif-containing protein
3.61722156292e-05	5	glycosyl hydrolase family 39
3.61722156292e-05	5	ribonucleoside-triphosphate reductase, partial
3.61722156292e-05	5	Sua5/YciO/YrdC/YwlC
3.61722156292e-05	5	MULTISPECIES: DUF4870 domain-containing protein
3.61722156292e-05	5	2-oxoisovalerate dehydrogenase E1
3.61722156292e-05	5	desulfatase
3.61722156292e-05	5	MULTISPECIES: glucohydrolase
3.61722156292e-05	5	serine protease HtrA
3.61722156292e-05	5	High-affnity carbon uptake protein Hat/HatR
3.61722156292e-05	5	NADPH quinone reductase MdaB
3.61722156292e-05	5	alpha-1,4-glucan--alpha-1,4-glucan 6-glycosyltransferase
3.61722156292e-05	5	tRNA(Met) cytidine acetyltransferase
3.61722156292e-05	5	MULTISPECIES: toluene tolerance, Ttg2 family protein
3.61722156292e-05	5	MULTISPECIES: DUF3018 domain-containing protein
3.61722156292e-05	5	N-acetylmannosamine kinase
3.61722156292e-05	5	SMC-Scp complex subunit ScpB, partial
3.61722156292e-05	5	glycerol-3-phosphate ABC transporter ATPase
2.89377725034e-05	4	deoxyhypusine synthase-like protein
2.89377725034e-05	4	lipoprotein release ABC transporter permease
2.89377725034e-05	4	Mur1
2.89377725034e-05	4	Xylose isomerase domain protein TIM barrel
2.89377725034e-05	4	ornithine--oxo-acid aminotransferase, partial
2.89377725034e-05	4	tryptophan permease
2.89377725034e-05	4	TRAP-type transport system periplasmic component-like protein
2.89377725034e-05	4	D-xylose ABC transporter permease
2.89377725034e-05	4	DUF1847 domain-containing protein
2.89377725034e-05	4	heme/copper-type cytochrome/quinol oxidase subunit 2
2.89377725034e-05	4	IS1595 family transposase ISApr3
2.89377725034e-05	4	L,D-transpeptidase, partial
2.89377725034e-05	4	mucA
2.89377725034e-05	4	DUF2859 domain-containing protein
2.89377725034e-05	4	MULTISPECIES: sigma factor AlgU negative regulatory protein
2.89377725034e-05	4	flavodoxin reductase (ferredoxin-NADPH reductase) family 1
2.89377725034e-05	4	Invasion associated locus B family protein
2.89377725034e-05	4	restriction endonuclease S
2.89377725034e-05	4	RDD family protein, partial
2.89377725034e-05	4	FRG domain-containing protein, partial
2.89377725034e-05	4	thiol oxidoreductase with 2 cytochrome C heme-binding sites
2.89377725034e-05	4	gliding motility-related protein
2.89377725034e-05	4	phenylacetyl-CoA ligase (phenylacetic acid catabolism)
2.89377725034e-05	4	MULTISPECIES: poly(3-hydroxyalkanoate) depolymerase
2.89377725034e-05	4	aminotransferase, classes I and II superfamily
2.89377725034e-05	4	poly(3-hydroxybutyrate) depolymerase PhaZ
2.89377725034e-05	4	Flp pilus assembly protein TadC
2.89377725034e-05	4	putative Ppx/GppA phosphatase
2.89377725034e-05	4	MULTISPECIES: FAD-linked oxidoreductase
2.89377725034e-05	4	calcium-binding EF-hand-containing protein
2.89377725034e-05	4	N-methylhydantoinase B/acetone carboxylase, alpha subunit
2.89377725034e-05	4	MULTISPECIES: peroxiredoxin OsmC
2.89377725034e-05	4	MULTISPECIES: fatty acid methyltransferase
2.89377725034e-05	4	MULTISPECIES: exopolysaccharide biosynthesis protein ExoD
2.89377725034e-05	4	VOC family protein, partial
2.89377725034e-05	4	enterobactin ABC transporter permease
2.89377725034e-05	4	periplasmic protease
2.89377725034e-05	4	MULTISPECIES: dihydrolipoamide acyltransferase
2.89377725034e-05	4	heat-shock regulator
2.89377725034e-05	4	TIGR04290 family methyltransferase
2.89377725034e-05	4	YbgI/family dinuclear metal center protein
2.89377725034e-05	4	MULTISPECIES: hydrogenase expression protein HupH
2.89377725034e-05	4	precorrin-6y C5,15-methyltransferase (decarboxylating) subunit CbiE, partial
2.89377725034e-05	4	MULTISPECIES: nif-specific transcriptional activator NifA
2.89377725034e-05	4	MULTISPECIES: type VI secretion protein VasK
2.89377725034e-05	4	MULTISPECIES: molybdopterin molybdenumtransferase
2.89377725034e-05	4	ATP-binding protein, AAA family
2.89377725034e-05	4	Rieske (2Fe-2S) iron-sulfur domain-containing protein
2.89377725034e-05	4	CoA-binding domain protein, partial
2.89377725034e-05	4	calcineurin phosphoesterase
2.89377725034e-05	4	helicase/endonuclease
2.89377725034e-05	4	glycosyl hydrolase family 109 protein
2.89377725034e-05	4	putative N-acetylglucosamine-6-sulfatase
2.89377725034e-05	4	MULTISPECIES: calcium-translocating P-type ATPase, SERCA-type
2.89377725034e-05	4	Caspase-1, p20
2.89377725034e-05	4	2-oxoisovalerate dehydrogenase subunit alpha
2.89377725034e-05	4	patatin, partial
2.89377725034e-05	4	Undecaprenyl pyrophosphate synthetase
2.89377725034e-05	4	MULTISPECIES: Ni/Fe-hydrogenase, b-type cytochrome subunit
2.89377725034e-05	4	MULTISPECIES: selenocysteine-specific translation elongation factor
2.89377725034e-05	4	IS3 family transposase ISAs22
2.89377725034e-05	4	prophage L54a
2.89377725034e-05	4	MULTISPECIES: S1/P1 Nuclease
2.89377725034e-05	4	major capsid protein, N4-gp56 family
2.89377725034e-05	4	IS5 family transposase ISAzo38
2.89377725034e-05	4	putative arylsulfatase
2.89377725034e-05	4	serine/threonine-protein phosphatase 2
2.89377725034e-05	4	VacB and RNase II family 3'-5' exoribonuclease
2.89377725034e-05	4	MULTISPECIES: branched-chain amino acid ABC transporter periplasmic protein
2.89377725034e-05	4	MULTISPECIES: ATP-dependent Lon protease
2.89377725034e-05	4	phycocyanin operon protein Y
2.89377725034e-05	4	MULTISPECIES: DUF4338 domain-containing protein
2.89377725034e-05	4	trans-hexaprenyltranstransferase
2.89377725034e-05	4	chromosome partition protein Smc
2.89377725034e-05	4	MULTISPECIES: arsenical pump-driving ATPase
2.89377725034e-05	4	DDE domain-containing protein
2.89377725034e-05	4	molybdopterin synthase subunit MoaE
2.89377725034e-05	4	MULTISPECIES: antirestriction protein
2.89377725034e-05	4	putative dienelactone hydrolase
2.89377725034e-05	4	ATPase (AAA+ superfamily)
2.89377725034e-05	4	altronate oxidoreductase, partial
2.89377725034e-05	4	carbamoyltransferase HypF, partial
2.89377725034e-05	4	soluble aldose sugar dehydrogenase YliI
2.89377725034e-05	4	7-cyano-7-deazaguanine synthase, partial
2.89377725034e-05	4	MULTISPECIES: NADH-quinone oxidoreductase
2.89377725034e-05	4	conserved hypothetical protein, putative acetyltransferase/transglutaminase
2.89377725034e-05	4	MULTISPECIES: branched-chain amino acid ABC transporter permease LivH
2.89377725034e-05	4	GTP-sensing pleiotropic transcriptional regulator CodY
2.89377725034e-05	4	MULTISPECIES: malto-oligosyltrehalose synthase
2.89377725034e-05	4	galactose 1-dehydrogenase
2.89377725034e-05	4	NurA domain-containing protein
2.89377725034e-05	4	3-methylitaconate isomerase
2.89377725034e-05	4	MULTISPECIES: D-ribose pyranase
2.89377725034e-05	4	peptidase M14, partial
2.89377725034e-05	4	DUF4423 domain-containing protein
2.89377725034e-05	4	DUF1343 domain-containing protein, partial
2.89377725034e-05	4	response regulator receiver modulated diguanylate cyclase/phosphodiesterase with PAS/PAC sensor(s)
2.89377725034e-05	4	MchE protein
2.89377725034e-05	4	MULTISPECIES: DNA topoisomerase (ATP-hydrolyzing) subunit A
2.89377725034e-05	4	paratose synthase
2.89377725034e-05	4	sugar (glycoside-Pentoside-Hexuronide) transporter
2.89377725034e-05	4	MULTISPECIES: tRNA/rRNA methyltransferase SpoU
2.89377725034e-05	4	MULTISPECIES: substrate-binding protein
2.89377725034e-05	4	MULTISPECIES: arsenical efflux pump membrane protein ArsB
2.89377725034e-05	4	IS5 family transposase ISCARN14
2.89377725034e-05	4	OLD family ATP-dependent endonuclease
2.89377725034e-05	4	ShlB/FhaC/HecB family hemolysin secretion/activation protein, partial
2.89377725034e-05	4	DUF4479 domain-containing protein
2.89377725034e-05	4	MULTISPECIES: glutamine ABC transporter ATP-binding protein
2.89377725034e-05	4	replication restart DNA helicase PriA
2.89377725034e-05	4	rhamnan synthesis protein F
2.89377725034e-05	4	gamma-aminobutyrate permease
2.89377725034e-05	4	type I secretion outer membrane protein TolC
2.89377725034e-05	4	rRNA small subunit methyltransferase 1
2.89377725034e-05	4	thiol-disulfide isomerase-like thioredoxin
2.89377725034e-05	4	ABC transport ATP-binding protein
2.89377725034e-05	4	general secretion pathway protein E
2.89377725034e-05	4	oligopeptide transporter ATP-binding component
2.89377725034e-05	4	DUF1460 domain-containing protein, partial
2.89377725034e-05	4	histidine utilization protein HutD
2.89377725034e-05	4	MULTISPECIES: DUF4394 domain-containing protein
2.89377725034e-05	4	MULTISPECIES: 3',5'-cyclic-AMP phosphodiesterase
2.89377725034e-05	4	DUF4369 domain-containing protein, partial
2.89377725034e-05	4	excinuclease ABC, partial
2.89377725034e-05	4	MULTISPECIES: ATPase P
2.89377725034e-05	4	IS3 family transposase ISXac4
2.89377725034e-05	4	FAD/NAD(P)-binding oxidoreductase, partial
2.89377725034e-05	4	purM protein
2.89377725034e-05	4	mannose-6-phosphate isomerase RfbM
2.89377725034e-05	4	Phytochrome, two-component sensor histidine kinase
2.89377725034e-05	4	tetracycline resistance protein
2.89377725034e-05	4	nitrate reductase formation protein NapD
2.89377725034e-05	4	MULTISPECIES: secondary thiamine-phosphate synthase enzyme
2.89377725034e-05	4	condensation domain-containing protein
2.89377725034e-05	4	glycine--tRNA ligase, partial
2.89377725034e-05	4	virulence effector SrfC
2.89377725034e-05	4	phage lysozyme family protein
2.89377725034e-05	4	MULTISPECIES: DUF4445 domain-containing protein
2.89377725034e-05	4	MULTISPECIES: hydrogenase maturation protease
2.89377725034e-05	4	DUF2764 domain-containing protein
2.89377725034e-05	4	sensor kinase for the kdp operon
2.89377725034e-05	4	global cell cycle regulator GcrA-like protein
2.89377725034e-05	4	penicillin synthase
2.89377725034e-05	4	MULTISPECIES: serine/threonine transporter
2.89377725034e-05	4	MULTISPECIES: sugar hydrolase
2.89377725034e-05	4	arsenate reductase, glutathione/glutaredoxin type
2.89377725034e-05	4	aromatic 1,2-dioxygenase subunit beta
2.89377725034e-05	4	acetoin:2,6-dichlorophenolindophenol oxidoreductase subunit beta
2.89377725034e-05	4	beta-1,4-galactosyltransferase
2.89377725034e-05	4	MULTISPECIES: N-carbamoylsarcosine amidase
2.89377725034e-05	4	chlororespiratory reduction protein 7
2.89377725034e-05	4	chromate transporter chromate ion transporter family protein
2.89377725034e-05	4	nucleotide-binding protein implicated in inhibition of septum formation
2.89377725034e-05	4	AfsR family transcriptional regulator
2.89377725034e-05	4	histidine ABC transporter ATP-binding protein
2.89377725034e-05	4	spermine/spermidine synthase
2.89377725034e-05	4	alpha-1,4 polygalactosaminidase, partial
2.89377725034e-05	4	amino acid permease-associated region
2.89377725034e-05	4	excinuclease ABC C subunit domain protein
2.89377725034e-05	4	major tail sheath protein
2.89377725034e-05	4	primosomal protein DnaI
2.89377725034e-05	4	cytidine and deoxycytidylate deaminase zinc-binding region
2.89377725034e-05	4	monovalent cation/H+ antiporter subunit B
2.89377725034e-05	4	MULTISPECIES: glycosyl hydrolase family 43
2.89377725034e-05	4	Sterol-4-alpha-carboxylate 3-dehydrogenase
2.89377725034e-05	4	polysaccharide chain length determinant protein
2.89377725034e-05	4	DUF2828 domain-containing protein, partial
2.89377725034e-05	4	MULTISPECIES: DUF5107 domain-containing protein
2.89377725034e-05	4	MULTISPECIES: UDP-glucuronate 5-epimerase
2.89377725034e-05	4	Putative Ig domain family
2.89377725034e-05	4	YceK/YidQ family lipoprotein
2.89377725034e-05	4	DNA encapsidation protein
2.89377725034e-05	4	aliphatic amidase expression-regulating protein
2.89377725034e-05	4	Asp23/Gls24 family protein
2.89377725034e-05	4	MULTISPECIES: trypsin
2.89377725034e-05	4	Flp pilus assembly protein TadB
2.89377725034e-05	4	bidirectional hydrogenase complex protein HoxE
2.89377725034e-05	4	DUF4976 domain-containing protein
2.89377725034e-05	4	MULTISPECIES: DUF2358 domain-containing protein
2.89377725034e-05	4	carbon dioxide concentrating mechanism protein
2.89377725034e-05	4	UMP kinase, partial
2.89377725034e-05	4	ADP-glyceromanno-heptose 6-epimerase, partial
2.89377725034e-05	4	putative sugar dehydratase/epimerase yfnG
2.89377725034e-05	4	tail fiber assembly protein
2.89377725034e-05	4	methoxymalonyl-ACP biosynthesis protein
2.89377725034e-05	4	IS21 family transposase ISPa63
2.89377725034e-05	4	methanol--corrinoid methyltransferase
2.89377725034e-05	4	MULTISPECIES: acyltransferase 3
2.89377725034e-05	4	High molecular weight rubredoxin
2.89377725034e-05	4	MULTISPECIES: acetoin utilization protein
2.89377725034e-05	4	exported protein
2.89377725034e-05	4	methylcrotonoyl-CoA carboxylase, partial
2.89377725034e-05	4	MULTISPECIES: SNF family Na+-dependent transporter
2.89377725034e-05	4	cytochrome oxidase subunit I
2.89377725034e-05	4	iron-hydroxamate transporter ATP-binding subunit
2.89377725034e-05	4	glutamine-synthetase adenylyltransferase, partial
2.89377725034e-05	4	ChrB protein
2.89377725034e-05	4	Type cbb3 cytochrome oxidase biogenesis protein CcoI
2.89377725034e-05	4	PRTRC system protein E
2.89377725034e-05	4	PRTRC system protein D
2.89377725034e-05	4	LmbZ
2.89377725034e-05	4	Rieske
2.89377725034e-05	4	MULTISPECIES: N6 adenine-specific DNA methyltransferase
2.89377725034e-05	4	MULTISPECIES: adenine glycosylase
2.89377725034e-05	4	M48 family membrane-associated zinc metalloprotease
2.89377725034e-05	4	Vi polysaccharide biosynthesis protein VipB/TviC, partial
2.89377725034e-05	4	nuclear transport factor 2 family protein, partial
2.89377725034e-05	4	fatty acyl-CoA reductase
2.89377725034e-05	4	MULTISPECIES: diguanylate cyclase AdrA
2.89377725034e-05	4	MULTISPECIES: malonate decarboxylase subunit delta
2.89377725034e-05	4	alpha-N-acetylgalactosaminidase
2.89377725034e-05	4	ribulose-phosphate 3-epimerase, partial
2.89377725034e-05	4	4-hydroxyphenylacetate catabolism regulatory protein HpaA
2.89377725034e-05	4	SPP1 gp7 family phage head morphogenesis protein
2.89377725034e-05	4	cytochrome (ubi)quinol oxidase subunit III
2.89377725034e-05	4	tungsten formylmethanofuran dehydrogenase subunit E
2.89377725034e-05	4	MULTISPECIES: branched-chain amino acid ABC transporter permease/ATP-binding protein
2.89377725034e-05	4	MULTISPECIES: DUF952 domain-containing protein
2.89377725034e-05	4	MULTISPECIES: tRNA U-34 5-methylaminomethyl-2-thiouridine biosynthesis protein
2.89377725034e-05	4	regulatory protein GntR HTH
2.89377725034e-05	4	sodium transporter, partial
2.89377725034e-05	4	pilus biosynthesis protein PilP
2.89377725034e-05	4	gene transfer agent (GTA)
2.89377725034e-05	4	IS1595 family transposase ISPssp3
2.89377725034e-05	4	flagellin protein, partial
2.89377725034e-05	4	MULTISPECIES: toxin-antitoxin system, toxin component
2.89377725034e-05	4	ATP-dependent RNA helicase, partial
2.89377725034e-05	4	metallothionein
2.89377725034e-05	4	MULTISPECIES: flippase
2.89377725034e-05	4	MULTISPECIES: DUF2076 domain-containing protein
2.89377725034e-05	4	CDP-diacylglycerol diphosphatase
2.89377725034e-05	4	DUF3593 domain-containing protein
2.89377725034e-05	4	aldehyde oxidase, partial
2.89377725034e-05	4	transcription antiterminator NusB
2.89377725034e-05	4	MULTISPECIES: general secretion pathway protein GspD
2.89377725034e-05	4	MULTISPECIES: general secretion pathway protein GspH
2.89377725034e-05	4	MULTISPECIES: capsule biosynthesis protein CapA
2.89377725034e-05	4	ribosylglycohydrolase, partial
2.89377725034e-05	4	serine--pyruvate aminotransferase
2.89377725034e-05	4	Toprim sub domain-containing protein
2.89377725034e-05	4	putative Mitogen-activated protein kinase kinase kinase
2.89377725034e-05	4	distant relative of cell wall-associated hydrolase
2.89377725034e-05	4	sensor protein hoxX
2.89377725034e-05	4	MULTISPECIES: redoxin domain-containing protein
2.89377725034e-05	4	antifreeze protein, type I
2.89377725034e-05	4	tetrathionate reductase subunit B
2.89377725034e-05	4	phenolic acid decarboxylase subunit B
2.89377725034e-05	4	addiction module toxin, RelE/StbE family
2.89377725034e-05	4	Ser-tRNA(Ala) deacylase AlaX
2.89377725034e-05	4	peptidase M18
2.89377725034e-05	4	K+ transport system, NAD-binding protein
2.89377725034e-05	4	Subtilisin DY
2.89377725034e-05	4	MULTISPECIES: p-hydroxycinnamoyl CoA hydratase/lyase
2.89377725034e-05	4	adenylyl-sulfate reductase subunit beta
2.89377725034e-05	4	Acr/RND family transmembrane transporter
2.89377725034e-05	4	MULTISPECIES: DUF1150 domain-containing protein
2.89377725034e-05	4	SNF2-related Helicase
2.89377725034e-05	4	MULTISPECIES: cell surface protein
2.89377725034e-05	4	ABC transporter nitrate-binding protein
2.89377725034e-05	4	riboflavin biosynthesis protein RibC
2.89377725034e-05	4	MULTISPECIES: flagellar protein FlaI
2.89377725034e-05	4	MULTISPECIES: RimK family alpha-L-glutamate ligase
2.89377725034e-05	4	sterol C5-desaturase
2.89377725034e-05	4	RNase HII
2.89377725034e-05	4	type IV secretion protein DotI
2.89377725034e-05	4	type IV secretion protein DotC
2.89377725034e-05	4	MULTISPECIES: DUF1214 domain-containing protein
2.89377725034e-05	4	mannosyl-3-phosphoglycerate phosphatase-related protein
2.89377725034e-05	4	MULTISPECIES: DUF2282 domain-containing protein
2.89377725034e-05	4	beta tubulin, autoregulation binding site
2.89377725034e-05	4	LpqC, poly
2.89377725034e-05	4	IS256 family transposase ISRba10
2.89377725034e-05	4	sucrose-phosphate synthase
2.89377725034e-05	4	DUF1292 domain-containing protein
2.89377725034e-05	4	type I-E CRISPR-associated protein Cse2/CasB
2.89377725034e-05	4	HsdS protein
2.89377725034e-05	4	isochorismatase domain-containing protein
2.89377725034e-05	4	malate:quinone oxidoreductase 1
2.89377725034e-05	4	transcription antiterminator BglG
2.89377725034e-05	4	ABC-type organic solvent resistance transport system permease protein
2.89377725034e-05	4	multifunctional CCA tRNA nucleotidyl transferase/2'3'-cyclic phosphodiesterase/2'nucleotidase/phosphatase, partial
2.89377725034e-05	4	phosphatidylcholine--retinol O-acyltransferase
2.89377725034e-05	4	MULTISPECIES: aspartokinase
2.89377725034e-05	4	secreted protein containing Ubiquitin
2.89377725034e-05	4	toxin HipA, partial
2.89377725034e-05	4	flagellar brake protein YcgR
2.89377725034e-05	4	Na+-transporting NADH:ubiquinone oxidoreductase subunit NqrB
2.89377725034e-05	4	sodium-independent anion transporter, partial
2.89377725034e-05	4	MULTISPECIES: geranylgeranyl diphosphate synthase
2.89377725034e-05	4	(R)-phenoxypropionate/alpha-ketoglutarate-dioxygenase
2.89377725034e-05	4	oxidoreductase molybdopterin-binding protein
2.89377725034e-05	4	HpcH/HpaI aldolase
2.89377725034e-05	4	5-exo-alcohol dehydrogenase
2.89377725034e-05	4	DUF4880 domain-containing protein
2.89377725034e-05	4	outer membrane receptor for Fe3+-dicitrate
2.89377725034e-05	4	gliding motility protein GldM, partial
2.89377725034e-05	4	Orange carotenoid-binding protein
2.89377725034e-05	4	DNA mismatch repair protein MutS domain protein
2.89377725034e-05	4	magnesium chelatase accessory protein
2.89377725034e-05	4	SAF domain protein
2.89377725034e-05	4	oxalate:formate antiporter
2.89377725034e-05	4	MULTISPECIES: glucosyltransferase I RfaG
2.89377725034e-05	4	MULTISPECIES: type III secretion system protein
2.89377725034e-05	4	NDP-sugar epimerase
2.89377725034e-05	4	metalloendopeptidase PepO
2.89377725034e-05	4	alpha/beta hydrolase fold family protein
2.89377725034e-05	4	HD domain protein
2.89377725034e-05	4	DUF2813 domain-containing protein
2.89377725034e-05	4	MULTISPECIES: cytotoxic translational repressor of toxin-antitoxin stability system
2.89377725034e-05	4	ADP-heptose--LPS heptosyltransferase I
2.89377725034e-05	4	GDP-mannose-dependent alpha-mannosyltransferase
2.89377725034e-05	4	Vitamin K epoxide reductase
2.89377725034e-05	4	hlyA-like protein
2.89377725034e-05	4	DNA topoisomerase 3
2.89377725034e-05	4	4-hydroxybenzoate polyprenyltransferase, partial
2.89377725034e-05	4	Na(+)-translocating NADH-quinone reductase subunit F
2.89377725034e-05	4	cytochrome c551 peroxidase
2.89377725034e-05	4	thiJ/pfpI-family protein
2.89377725034e-05	4	MULTISPECIES: type VI secretion protein IcmF
2.89377725034e-05	4	acetolactate synthase II large subunit
2.89377725034e-05	4	MULTISPECIES: elongation factor G-like protein EF-G2
2.89377725034e-05	4	fumarylacetoacetase, partial
2.89377725034e-05	4	competence damage-inducible protein A, partial
2.89377725034e-05	4	MULTISPECIES: naphthoate synthase
2.89377725034e-05	4	glycosyl hydrolase 53 domain protein
2.89377725034e-05	4	germination protein YpeB
2.89377725034e-05	4	aminoglycoside 3-N-acetyltransferase
2.89377725034e-05	4	electron transporter RnfA
2.89377725034e-05	4	MULTISPECIES: conjugative transfer ATPase
2.89377725034e-05	4	DUF1641 domain-containing protein
2.89377725034e-05	4	MULTISPECIES: pilus assembly protein TadC
2.89377725034e-05	4	MULTISPECIES: pilus assembly protein TadG
2.89377725034e-05	4	MULTISPECIES: trehalose-phosphatase
2.89377725034e-05	4	diguanylate cyclase (GGDEF) domain-containing protein
2.89377725034e-05	4	peptidyl-arginine deiminase
2.89377725034e-05	4	peptidase M12A astacin
2.89377725034e-05	4	Sec-C motif domain protein
2.89377725034e-05	4	MULTISPECIES: dipeptidyl-peptidase 7
2.89377725034e-05	4	ATP synthase subunit delta, partial
2.89377725034e-05	4	ABC superfamily ATP-binding cassette transporter -binding protein
2.89377725034e-05	4	flagellin biosynthesis protein FlgE
2.89377725034e-05	4	FxsB family radical SAM/SPASM domain protein
2.89377725034e-05	4	chromosome partitioning protein Smc
2.89377725034e-05	4	nickel-dependent hydrogenase small subunit
2.89377725034e-05	4	MULTISPECIES: flagellar hook-basal body protein
2.89377725034e-05	4	outer membrane protein assembly factor YaeT precursor
2.89377725034e-05	4	MULTISPECIES: photosystem II chlorophyll-binding protein CP47
2.89377725034e-05	4	SAM-dependent DNA methyltransferase, partial
2.89377725034e-05	4	MULTISPECIES: restriction endonuclease-like
2.89377725034e-05	4	MULTISPECIES: DUF2167 domain-containing protein
2.89377725034e-05	4	ompa-related protein
2.89377725034e-05	4	MULTISPECIES: galactose mutarotase
2.89377725034e-05	4	UvrB/UvrC protein
2.89377725034e-05	4	virion morphogenesis protein
2.89377725034e-05	4	K+-transporting ATPase subunit A
2.89377725034e-05	4	flagellin and related hook-associated proteins
2.89377725034e-05	4	O-succinylbenzoate-CoA ligase
2.89377725034e-05	4	citrate lyase
2.89377725034e-05	4	bifunctional oxepin-CoA hydrolase/3-oxo-5,6-dehydrosuberyl-CoA semialdehyde dehydrogenase, partial
2.89377725034e-05	4	fumarylacetoacetate hydrolase, partial
2.89377725034e-05	4	calcineurin-like phosphoesterase 5
2.89377725034e-05	4	amidohydrolase family protein, partial
2.89377725034e-05	4	M61 family peptidase precursor
2.89377725034e-05	4	periplasmic serine protease Do/DeqQ family
2.89377725034e-05	4	tetratricopeptide TPR_2
2.89377725034e-05	4	DNA injection protein
2.89377725034e-05	4	fructan beta-fructosidase
2.89377725034e-05	4	TonB-dependent outer membrane transporter
2.89377725034e-05	4	MULTISPECIES: putrescine ABC transporter permease PotH
2.89377725034e-05	4	succinylglutamic semialdehyde dehydrogenase
2.89377725034e-05	4	transcriptional antiterminator Rof
2.89377725034e-05	4	putative electron transfer flavoprotein, beta subunit
2.89377725034e-05	4	lactate dehydrogenase-like oxidoreductase
2.89377725034e-05	4	MULTISPECIES: segregation and condensation protein A
2.89377725034e-05	4	type III secretion ATPase inhibitor
2.89377725034e-05	4	DUF2344 domain-containing protein
2.89377725034e-05	4	Lipocalin family protein
2.89377725034e-05	4	hydrolase or metal-binding protein
2.89377725034e-05	4	fatty acid transporter
2.89377725034e-05	4	peptidase M42 family protein
2.89377725034e-05	4	succinyl-CoA synthetase
2.89377725034e-05	4	putative low-complexity protein
2.89377725034e-05	4	MULTISPECIES: DNA N-6-adenine-methyltransferase
2.89377725034e-05	4	MULTISPECIES: RNA polymerase sigma24 factor
2.89377725034e-05	4	AlpA family transcriptional regulator
2.89377725034e-05	4	arsenate reductase ArsC, partial
2.89377725034e-05	4	folate-binding FAD dependent oxidoreductase with glycine cleavage system aminomethyltransferase-like T-protein
2.89377725034e-05	4	MULTISPECIES: sn-glycerol-3-phosphate ABC transporter ATP-binding protein
2.89377725034e-05	4	D-galactoside/L-rhamnose binding SUEL lectin
2.89377725034e-05	4	MULTISPECIES: cytochrome c-550 PedF
2.89377725034e-05	4	protein NinG, partial
2.89377725034e-05	4	iron complex outermembrane receptor protein
2.89377725034e-05	4	MULTISPECIES: succinate-semialdehyde dehydrogenase I
2.89377725034e-05	4	StbA family protein
2.89377725034e-05	4	NAD(P)H-quinone oxidoreductase subunit N
2.89377725034e-05	4	pilus assembly protein TapA
2.89377725034e-05	4	MULTISPECIES: IS3 family transposase ISMtsp18
2.89377725034e-05	4	MULTISPECIES: glycine dehydrogenase subunit 2
2.89377725034e-05	4	MULTISPECIES: DUF447 domain-containing protein
2.89377725034e-05	4	Tetrapyrrole (Corrin-Porphyrin) methylase
2.89377725034e-05	4	non-ribosomal peptide synthetase/polyketide synthase
2.89377725034e-05	4	ribonucleoside-triphosphate reductase activating protein
2.89377725034e-05	4	ATP-dependent protease, Lon family
2.89377725034e-05	4	CRISPR-associated helicase Cas3'
2.89377725034e-05	4	DUF4625 domain-containing protein
2.89377725034e-05	4	glycogen debranching enzyme, type
2.89377725034e-05	4	MULTISPECIES: flagellar L-ring protein FlgH
2.89377725034e-05	4	quinate/shikimate dehydrogenase
2.89377725034e-05	4	DUF1285 domain-containing protein, partial
2.89377725034e-05	4	P-type conjugative transfer protein TrbJ
2.89377725034e-05	4	peptidase M28, partial
2.89377725034e-05	4	branched-chain amino acid aminotransferase/4-amino-4-deoxychorismate lyase
2.89377725034e-05	4	MULTISPECIES: bacterial alpha-L-rhamnosidase
2.89377725034e-05	4	phosphatase PAP2 family protein, partial
2.89377725034e-05	4	glycosyl hydrolase family 53
2.89377725034e-05	4	MULTISPECIES: DUF2242 domain-containing protein
2.89377725034e-05	4	Sulfate adenylyltransferase subunit 1 and adenylylsulfate kinase (bifunctional enzyme)
2.89377725034e-05	4	hydrocarbon degradation protein
2.89377725034e-05	4	Peptidase family C25
2.89377725034e-05	4	MULTISPECIES: ATP F0F1 synthase subunit C
2.89377725034e-05	4	2-octaprenyl-6-methoxyphenol 4-monooxygenase
2.89377725034e-05	4	MULTISPECIES: salicylate 1-monooxygenase
2.89377725034e-05	4	NADH:flavorubredoxin oxidoreductase
2.89377725034e-05	4	MULTISPECIES: formamidase
2.89377725034e-05	4	MULTISPECIES: plastocyanin
2.89377725034e-05	4	pyruvate dehydrogenase, partial
2.89377725034e-05	4	MULTISPECIES: chemoreceptor glutamine deamidase CheD
2.89377725034e-05	4	50S ribosomal protein L37ae
2.89377725034e-05	4	Cytochrome c-like protein
2.89377725034e-05	4	FCD domain-containing protein
2.89377725034e-05	4	MULTISPECIES: non-ribosomal peptide synthase/polyketide synthase
2.89377725034e-05	4	type II and III secretion system family protein
2.89377725034e-05	4	50S ribosomal protein L1, partial
2.89377725034e-05	4	Mg(2+) Chelatase Family protein
2.89377725034e-05	4	TIGR00153 family protein
2.89377725034e-05	4	glycine cleavage system regulatory protein
2.89377725034e-05	4	phage shock protein A (IM30), suppresses sigma54-dependent transcription
2.89377725034e-05	4	nitrogen fixation protein NifQ
2.89377725034e-05	4	Fe-hydrogenase large subunit family protein
2.89377725034e-05	4	UDP-N-acetylmuramyl-tripeptide synthetase
2.89377725034e-05	4	saccharopine dehydrogenase (NADP(+), L-lysine-forming)
2.89377725034e-05	4	MULTISPECIES: DUF4164 domain-containing protein
2.89377725034e-05	4	peptidase M22
2.89377725034e-05	4	phosphoribosylglycinamide formyltransferase, partial
2.89377725034e-05	4	bifunctional metallophosphatase/5'-nucleotidase, partial
2.89377725034e-05	4	putative basal-body rod modification protein
2.89377725034e-05	4	MULTISPECIES: DGQHR domain-containing protein
2.89377725034e-05	4	cell surface glycoprotein
2.89377725034e-05	4	homoaconitase
2.89377725034e-05	4	MULTISPECIES: potassium-transporting ATPase subunit F
2.89377725034e-05	4	MULTISPECIES: potassium-transporting ATPase subunit A
2.89377725034e-05	4	magnesium transporter accessory protein
2.89377725034e-05	4	S-type Pyocin
2.89377725034e-05	4	DNA N-6-adenine-methyltransferase (Dam)
2.89377725034e-05	4	DUF4366 domain-containing protein
2.89377725034e-05	4	7-beta-(4-carbaxybutanamido)cephalosporanic acid acylase
2.89377725034e-05	4	phosphonate metabolism PhnG
2.89377725034e-05	4	recombinase XerD, partial
2.89377725034e-05	4	asparagine synthetase A
2.89377725034e-05	4	Mg-chelatase subunit ChlI-like protein
2.89377725034e-05	4	aryl-phospho-beta-D-glucosidase
2.89377725034e-05	4	chemotaxis protein R
2.89377725034e-05	4	ectoine/hydroxyectoine ABC transporter permease subunit EhuC
2.89377725034e-05	4	MULTISPECIES: RNAse
2.89377725034e-05	4	MULTISPECIES: peptidase C39 family protein
2.89377725034e-05	4	Holliday junction resolvasome endonuclease subunit
2.89377725034e-05	4	MULTISPECIES: DUF3871 domain-containing protein
2.89377725034e-05	4	PTS lactose/cellobiose transporter subunit IIA
2.89377725034e-05	4	metallophosphoesterase, partial
2.89377725034e-05	4	L-arabinose isomerase, partial
2.89377725034e-05	4	SpoIVB peptidase
2.89377725034e-05	4	heparan-alpha-glucosaminide N-acetyltransferase
2.89377725034e-05	4	methyltransferase domain-containing protein
2.89377725034e-05	4	precorrin-6Y methyltransferase
2.89377725034e-05	4	phosphoadenosine phosphosulfate reductase, partial
2.89377725034e-05	4	HAMP domain-containing protein, partial
2.89377725034e-05	4	DNA base-flipping protein YbaZ
2.89377725034e-05	4	membrane carboxypeptidase
2.89377725034e-05	4	MULTISPECIES: NADH:ubiquinone reductase (Na(+)-transporting) subunit B
2.89377725034e-05	4	MULTISPECIES: NADH:ubiquinone reductase (Na(+)-transporting) subunit D
2.89377725034e-05	4	ATP synthase F0 subunit I
2.89377725034e-05	4	DUF4346 domain-containing protein
2.89377725034e-05	4	MULTISPECIES: mesaconyl-CoA isomerase
2.89377725034e-05	4	MULTISPECIES: Na/Pi cotransporter
2.89377725034e-05	4	MULTISPECIES: DUF389 domain-containing protein
2.89377725034e-05	4	MULTISPECIES: DUF1439 domain-containing protein
2.89377725034e-05	4	MULTISPECIES: nucleotide excision repair endonuclease
2.89377725034e-05	4	siderophore synthetase
2.89377725034e-05	4	SWIB/MDM2 domain protein
2.89377725034e-05	4	decaheme c-type cytochrome, DmsE family
2.89377725034e-05	4	tRNA ligase class II (D, K and N)
2.89377725034e-05	4	LuxR family transcriptional regulator, partial
2.89377725034e-05	4	MULTISPECIES: effector protein
2.89377725034e-05	4	slyX protein
2.89377725034e-05	4	DUF3152 domain-containing protein
2.89377725034e-05	4	beta-Ala-Xaa dipeptidase
2.89377725034e-05	4	MULTISPECIES: sensor of ECF-type sigma factor
2.89377725034e-05	4	magnesium/cobalt efflux protein, partial
2.89377725034e-05	4	methionine transporter
2.89377725034e-05	4	DUF2812 domain-containing protein
2.89377725034e-05	4	TerC family membrane protein
2.89377725034e-05	4	protocatechuate 4,5-dioxygenase
2.89377725034e-05	4	delayed-early response protein/equilibrative nucleoside transporter
2.89377725034e-05	4	FtsH-interacting integral membrane protein
2.89377725034e-05	4	MULTISPECIES: DUF2848 domain-containing protein
2.89377725034e-05	4	protein UmuC
2.89377725034e-05	4	Glutathione S-transferase domain protein
2.89377725034e-05	4	phenylalanine racemase (ATP-hydrolyzing), Mycocerosate synthase
2.89377725034e-05	4	Mo-dependent nitrogenase
2.89377725034e-05	4	protocatechuate dioxygenase
2.89377725034e-05	4	cytochrome C biogenesis protein CcmF, partial
2.89377725034e-05	4	S-adenosyl-l-methionine transferase
2.89377725034e-05	4	MULTISPECIES: DUF4349 domain-containing protein
2.89377725034e-05	4	ATP synthase subunit J
2.89377725034e-05	4	ATP synthase subunit K
2.89377725034e-05	4	heat shock protein DnaJ domain protein
2.89377725034e-05	4	diguanylate phosphodiesterase, partial
2.89377725034e-05	4	carboxypeptidase T domain protein
2.89377725034e-05	4	putative SAM-dependent methyltransferase
2.89377725034e-05	4	hemolysin activator protein, HlyB family
2.89377725034e-05	4	S-adenosylmethionine:tRNA ribosyltransferase-isomerase, partial
2.89377725034e-05	4	putative poly-gamma-glutamate biosynthesis protein
2.89377725034e-05	4	MULTISPECIES: L-cystine transporter
2.89377725034e-05	4	cyclic nucleotide-binding protein, partial
2.89377725034e-05	4	MULTISPECIES: Fe-S cluster biogenesis protein NfuA
2.89377725034e-05	4	ABC-F type ribosomal protection protein Vga(D)
2.89377725034e-05	4	N-methylhydantoinase B
2.89377725034e-05	4	phosphonomutase
2.89377725034e-05	4	pimeloyl-CoA dehydrogenase
2.89377725034e-05	4	MutL protein
2.89377725034e-05	4	phosphate ABC transporter ATPase
2.89377725034e-05	4	putative fucosyl transferase
2.89377725034e-05	4	murein biosynthesis protein MurJ
2.89377725034e-05	4	MULTISPECIES: plasmid maintenance system antidote protein
2.89377725034e-05	4	2-hydroxyhepta-2,4-diene-1,7-dioate isomerase, partial
2.89377725034e-05	4	MULTISPECIES: OmpA/MotB domain-containing protein
2.89377725034e-05	4	MULTISPECIES: L-seryl-tRNA(Sec) selenium transferase
2.89377725034e-05	4	bifunctional murein DD-endopeptidase/murein LD-carboxypeptidase
2.89377725034e-05	4	DNA-binding transcriptional regulator DsdC
2.89377725034e-05	4	polya polymerase
2.89377725034e-05	4	MULTISPECIES: IS982 family transposase
2.89377725034e-05	4	Surfeit locus 1
2.89377725034e-05	4	lipopolysaccharide transport periplasmic protein LptA, partial
2.89377725034e-05	4	ATP F0F1 synthase subunit delta
2.89377725034e-05	4	type II restriction endonuclease PaeR7I
2.89377725034e-05	4	MULTISPECIES: DUF480 domain-containing protein
2.89377725034e-05	4	hopanoid biosynthesis protein HpnM
2.89377725034e-05	4	DUF2862 domain-containing protein
2.89377725034e-05	4	oxidoreductase, short chain dehydrogenase/reductase family
2.89377725034e-05	4	MULTISPECIES: DUF533 domain-containing protein
2.89377725034e-05	4	GTP cyclohydrolase N-terminal domain protein
2.89377725034e-05	4	MULTISPECIES: DUF2271 domain-containing protein
2.89377725034e-05	4	rieske iron sulfur protein subunit of cytochrome bc complex petc
2.89377725034e-05	4	Surfeit locus 1 family protein
2.89377725034e-05	4	blue (type 1) copper domain-containing protein
2.89377725034e-05	4	SsmT
2.89377725034e-05	4	LamG domain protein jellyroll fold domain protein
2.89377725034e-05	4	MULTISPECIES: 37L
2.89377725034e-05	4	Raf kinase inhibitor-like protein, YbhB/YbcL family
2.89377725034e-05	4	NAD(P)H-flavin oxidoreductase
2.89377725034e-05	4	PTS ascorbate transporter subunit IIBC
2.89377725034e-05	4	putative alpha-glucosidase
2.89377725034e-05	4	MULTISPECIES: CopY family transcriptional regulator
2.89377725034e-05	4	transcription regulator protein
2.89377725034e-05	4	MULTISPECIES: DeoR/GlpR family transcriptional regulator
2.89377725034e-05	4	V-type ATP synthase subunit B, partial
2.89377725034e-05	4	beta-fructosidase
2.89377725034e-05	4	MULTISPECIES: dATP pyrophosphohydrolase
2.89377725034e-05	4	peptidase M48, Ste24p
2.89377725034e-05	4	carbohydrate esterase family protein
2.89377725034e-05	4	class II aldolase, partial
2.89377725034e-05	4	divalent metal ion transporter
2.89377725034e-05	4	Ribosomal large subunit pseudouridine synthase F
2.89377725034e-05	4	branched-chain amino acid permease (azaleucine resistance)
2.89377725034e-05	4	MULTISPECIES: acetylesterase
2.89377725034e-05	4	fic family toxin-antitoxin system
2.89377725034e-05	4	protein PrkA
2.89377725034e-05	4	MULTISPECIES: penicillin-insensitive murein endopeptidase
2.89377725034e-05	4	translation elongation factor EF-P
2.89377725034e-05	4	MULTISPECIES: methylenetetrahydrofolate--tRNA-(uracil(54)-C(5))-methyltransferase (FADH(2)-oxidizing) TrmFO
2.89377725034e-05	4	receptor ligand binding region family protein
2.89377725034e-05	4	sugar-phosphatase
2.89377725034e-05	4	MULTISPECIES: capsule biosynthesis protein
2.89377725034e-05	4	MULTISPECIES: alginate lyase
2.89377725034e-05	4	achromobactin-binding protein
2.89377725034e-05	4	MULTISPECIES: cytochrome c biogenesis protein CcsA
2.89377725034e-05	4	glutamine synthetase type III, GlnN
2.89377725034e-05	4	RNAse G
2.89377725034e-05	4	surface adhesin
2.89377725034e-05	4	Teichoic acids export ATP-binding protein TagH
2.89377725034e-05	4	DUF3772 domain-containing protein, partial
2.89377725034e-05	4	MULTISPECIES: ectoine/hydroxyectoine ABC transporter permease subunit EhuD
2.89377725034e-05	4	ribokinase, partial
2.89377725034e-05	4	MULTISPECIES: pilus (MSHA type) biogenesis protein MshL
2.89377725034e-05	4	cytochrome b6, partial
2.89377725034e-05	4	restriction endonuclease EcoPI subunit R
2.89377725034e-05	4	acyl CoA--acetate/3-ketoacid CoA transferase
2.89377725034e-05	4	MULTISPECIES: GntR family transcriptional regulator, partial
2.89377725034e-05	4	D-alanyl-D-alanine carboxypeptidase/D-alanyl-D-alanine-endopeptidase, partial
2.89377725034e-05	4	MULTISPECIES: N-acetyltransferase, partial
2.89377725034e-05	4	YggW family oxidoreductase, partial
2.89377725034e-05	4	MULTISPECIES: SGNH hydrolase
2.89377725034e-05	4	complement C1q protein
2.89377725034e-05	4	MULTISPECIES: Xaa-Pro dipeptidase
2.89377725034e-05	4	phage protein large terminase
2.89377725034e-05	4	GP60 protein
2.89377725034e-05	4	2-oxo-hept-3-ene-1,7-dioate hydratase
2.89377725034e-05	4	tetraacyldisaccharide kinase
2.89377725034e-05	4	thiamin-regulated outer membrane receptor Omr1
2.89377725034e-05	4	filamentation protein
2.89377725034e-05	4	Ger(x)C family spore germination protein
2.89377725034e-05	4	TrkA-N domain protein
2.89377725034e-05	4	fatty acid hydroxylase superfamily protein
2.89377725034e-05	4	glycosyltransferase family 17
2.89377725034e-05	4	rubsico expression protein CbbX
2.89377725034e-05	4	MULTISPECIES: UPF0280 family protein
2.89377725034e-05	4	penicillin tolerance protein
2.89377725034e-05	4	class F sortase
2.89377725034e-05	4	DUF2207 domain-containing protein, partial
2.89377725034e-05	4	MULTISPECIES: guanine permease
2.89377725034e-05	4	bifunctional glutamine-synthetase adenylyltransferase/deadenyltransferase, partial
2.89377725034e-05	4	type VI secretion protein VasK, partial
2.89377725034e-05	4	MULTISPECIES: phage tail assembly protein
2.89377725034e-05	4	MULTISPECIES: ubiquinol-cytochrome-c reductase cytochrome b
2.89377725034e-05	4	MULTISPECIES: DUF4376 domain-containing protein
2.89377725034e-05	4	putative ThiO:disulfide interchange protein
2.89377725034e-05	4	Vault protein inter-alpha-trypsin domain-containing protein
2.89377725034e-05	4	type IV secretion system protein VirB11
2.89377725034e-05	4	MULTISPECIES: monovalent cation/H+ antiporter subunit D
2.89377725034e-05	4	MULTISPECIES: Anthranilate synthase component I
2.89377725034e-05	4	TIGR00645 family protein, partial
2.89377725034e-05	4	glycosyltransferase sugar-binding domain-conteining protein
2.89377725034e-05	4	NADH dehydrogenase I chain N
2.89377725034e-05	4	formyl-CoA transferase, partial
2.89377725034e-05	4	MULTISPECIES: CRISPR-associated protein Csn1
2.89377725034e-05	4	cellulose synthase regulator protein
2.89377725034e-05	4	MULTISPECIES: ferredoxin--nitrite reductase
2.89377725034e-05	4	RNA-binding protein RbpA
2.89377725034e-05	4	TRAP transporter large permease, partial
2.89377725034e-05	4	glycosyl hydrolase 108
2.89377725034e-05	4	MULTISPECIES: glycosyltransferase, exosortase A system-associated
2.89377725034e-05	4	chemotaxis protein chel
2.89377725034e-05	4	ATP synthase subunit b'
2.89377725034e-05	4	thermolysin
2.89377725034e-05	4	nif11-class peptide radical SAM maturase 3
2.89377725034e-05	4	O-methyltransferase family 3 protein
2.89377725034e-05	4	cytochrome-related protein
2.89377725034e-05	4	MamI family restriction endonuclease
2.89377725034e-05	4	cellobiose ABC transporter solute-binding protein
2.89377725034e-05	4	MULTISPECIES: PhoPQ-activated pathogenicity-like protein PqaA type
2.89377725034e-05	4	L-lysine 6-monooxygenase
2.89377725034e-05	4	LLPSF_ family NAD dependent epimerase/dehydratase
2.89377725034e-05	4	proton-translocating NADH-quinone oxidoreductase chain L
2.89377725034e-05	4	proton-translocating NADH-quinone oxidoreductase chain N
2.89377725034e-05	4	MULTISPECIES: phage terminase, large subunit, PBSX family
2.89377725034e-05	4	DNA topoisomerase 1
2.89377725034e-05	4	SirA domain-containing protein
2.89377725034e-05	4	lysM domain protein
2.89377725034e-05	4	polysaccharide ABC transporter ATPase
2.89377725034e-05	4	putative motility protein
2.89377725034e-05	4	xanthine and CO dehydrogenase maturation factor, XdhC/CoxF family
2.89377725034e-05	4	MULTISPECIES: membrane receptor protein
2.89377725034e-05	4	peptide synthetase, partial
2.89377725034e-05	4	DUF2840 domain-containing protein
2.89377725034e-05	4	MULTISPECIES: DUF4055 domain-containing protein
2.89377725034e-05	4	DO Serine protease
2.89377725034e-05	4	ABC-1 domain protein
2.89377725034e-05	4	16S rRNA (guanine(527)-N(7))-methyltransferase GidB
2.89377725034e-05	4	DegT/DnrJ/EryC1/StrS family protein
2.89377725034e-05	4	transporter SSS family protein
2.89377725034e-05	4	cobalamin biosynthesis protein CobT, partial
2.89377725034e-05	4	tRNA (5-aminomethyl-2-thiouridylate) methyltransferase
2.89377725034e-05	4	translation factor
2.89377725034e-05	4	MULTISPECIES: 2-octaprenylphenol hydroxylase
2.89377725034e-05	4	2-hydroxy-6-ketonona-2,4-dienedioic acid hydrolase
2.89377725034e-05	4	ISKra4 family transposase ISMae42
2.89377725034e-05	4	DUF3085 domain-containing protein
2.89377725034e-05	4	muropeptide MFS transporter AmpG
2.89377725034e-05	4	MULTISPECIES: 2-iminoacetate synthase ThiH
2.89377725034e-05	4	diacylglycerol O-acyltransferase
2.89377725034e-05	4	type VI secretion-associated protein, ImpA family
2.89377725034e-05	4	IS982 family transposase, partial
2.89377725034e-05	4	PAS/PAC and Chase sensor-containing diguanylate cyclase/phosphodiesterase
2.89377725034e-05	4	c-di-GMP phosphodiesterase
2.89377725034e-05	4	MULTISPECIES: DUF726 domain-containing protein
2.89377725034e-05	4	type 4 fimbrial assembly protein PilC
2.89377725034e-05	4	conserved hypothetical protein-signal peptide and prediction
2.89377725034e-05	4	ribosomal small subunit pseudouridine synthase A
2.89377725034e-05	4	DNA damage-inducible protein DnaD
2.89377725034e-05	4	Na+ dependent nucleoside transporter, partial
2.89377725034e-05	4	MULTISPECIES: GntP family transporter
2.89377725034e-05	4	imidazole glycerol phosphate synthase
2.89377725034e-05	4	efflux transporter periplasmic adaptor subunit, partial
2.89377725034e-05	4	protein of unknown function DUF477
2.89377725034e-05	4	MULTISPECIES: S-adenosylmethionine-binding protein
2.89377725034e-05	4	MULTISPECIES: proteasome subunit beta
2.89377725034e-05	4	MULTISPECIES: DUF2000 domain-containing protein
2.89377725034e-05	4	Bbp29
2.89377725034e-05	4	aminotransferase III
2.89377725034e-05	4	coenzyme A pyrophosphatase, partial
2.89377725034e-05	4	MULTISPECIES: DUF3307 domain-containing protein
2.89377725034e-05	4	DUF4738 domain-containing protein
2.89377725034e-05	4	MULTISPECIES: ADP,ATP carrier protein 2
2.89377725034e-05	4	Vi polysaccharide biosynthesis protein VipA/TviB, partial
2.89377725034e-05	4	NYN domain-containing protein, partial
2.89377725034e-05	4	conjugation transfer protein
2.89377725034e-05	4	formyl transferase, C-terminal domain protein
2.89377725034e-05	4	ectoine/hydroxyectoine ABC transporter substrate-binding protein EhuB
2.89377725034e-05	4	MULTISPECIES: type I-U CRISPR-associated protein Cas7
2.89377725034e-05	4	pur operon repressor
2.89377725034e-05	4	MULTISPECIES: transcriptional regulator BetI
2.89377725034e-05	4	putative cellulase 1 (Endo-1,4-beta-glucanase)
2.89377725034e-05	4	NAD(P)H-quinone oxidoreductase subunit 2, partial
2.89377725034e-05	4	Primase C terminal 2 (PriCT-2)
2.89377725034e-05	4	tRNA (adenine(58)-N(1))-methyltransferase TrmI
2.89377725034e-05	4	phycobilisome core-membrane linker protein
2.89377725034e-05	4	pyruvate phosphate dikinase
2.89377725034e-05	4	rhamnose isomerase
2.89377725034e-05	4	helicase HelZ
2.89377725034e-05	4	rhizobiocin RzcA
2.89377725034e-05	4	MULTISPECIES: DUF1820 domain-containing protein
2.89377725034e-05	4	thiol:disulfide interchange protein, partial
2.89377725034e-05	4	dimethylhistidine N-methyltransferase
2.89377725034e-05	4	ADP-heptose:LPS heptosyltransferase, putative
2.89377725034e-05	4	MULTISPECIES: asparagine synthase
2.89377725034e-05	4	serine dehydrogenasease
2.89377725034e-05	4	MULTISPECIES: hydrolase, NUDIX family
2.89377725034e-05	4	outer membrane protein A
2.89377725034e-05	4	transferase LIC12162 family
2.89377725034e-05	4	MULTISPECIES: MSHA biogenesis protein MshG
2.89377725034e-05	4	PTS glucose component IIC / IIB / IIA
2.89377725034e-05	4	3-oxoacyl-ACP reductase FabG, partial
2.89377725034e-05	4	IS701 family transposase ISAba11
2.89377725034e-05	4	mycofactocin system heme/flavin oxidoreductase MftD
2.89377725034e-05	4	MULTISPECIES: transcriptional regulator MntR
2.89377725034e-05	4	NADH-quinone oxidoreductase subunit N 2
2.89377725034e-05	4	MULTISPECIES: phage prohead protease HK97 family
2.89377725034e-05	4	pre-peptidase C family protein
2.89377725034e-05	4	MULTISPECIES: sugar epimerase
2.89377725034e-05	4	MULTISPECIES: DUF4230 domain-containing protein
2.89377725034e-05	4	MULTISPECIES: thiol reductant ABC exporter subunit CydC
2.89377725034e-05	4	multi anti extrusion protein MatE
2.89377725034e-05	4	Melibiase subfamily
2.89377725034e-05	4	MULTISPECIES: DUF4170 domain-containing protein
2.89377725034e-05	4	MULTISPECIES: tyrosine recombinase
2.89377725034e-05	4	intein-containing ATP-dependent DNA helicase PcrA
2.89377725034e-05	4	MULTISPECIES: flagellar biosynthesis protein FlgB
2.89377725034e-05	4	Bsp6I family restriction endonuclease
2.89377725034e-05	4	carbamoyl-phosphate-synthetase, partial
2.89377725034e-05	4	inorganic phosphate transporter, partial
2.89377725034e-05	4	micrococcal nuclease-like nuclease
2.89377725034e-05	4	MULTISPECIES: tellurium resistance protein TerE
2.89377725034e-05	4	MULTISPECIES: flavocytochrome C sulfide dehydrogenase
2.89377725034e-05	4	MULTISPECIES: sex pilus assembly
2.89377725034e-05	4	MULTISPECIES: DUF3826 domain-containing protein
2.89377725034e-05	4	MYXO-CTERM sorting domain-containing protein
2.89377725034e-05	4	HtrA protease/chaperone protein
2.89377725034e-05	4	IroE protein
2.89377725034e-05	4	galactose oxidase, central domain protein
2.89377725034e-05	4	MULTISPECIES: aromatic-ring-hydroxylating dioxygenase subunit beta
2.89377725034e-05	4	MULTISPECIES: DUF1795 domain-containing protein
2.89377725034e-05	4	prenylyltransferase
2.89377725034e-05	4	lanthionine synthetase C-like family protein
2.89377725034e-05	4	pyridoxamine 5'-phosphate oxidase, partial
2.89377725034e-05	4	response regulator PleD
2.89377725034e-05	4	HAD superfamily P-type ATPase
2.89377725034e-05	4	MULTISPECIES: DUF2975 domain-containing protein
2.89377725034e-05	4	DNA breaking-rejoining protein
2.89377725034e-05	4	MULTISPECIES: aldehyde dehydrogenase iron-sulfur subunit
2.89377725034e-05	4	DNA processing protein DprA, partial
2.89377725034e-05	4	molybdenum transport ATP-binding protein
2.89377725034e-05	4	pyruvate dehydrogenase complex dihydrolipoamide acetyltransferase, partial
2.89377725034e-05	4	DUF3156 domain-containing protein
2.89377725034e-05	4	ring canal Kelch protein
2.89377725034e-05	4	MULTISPECIES: EF-P beta-lysylation protein EpmB
2.89377725034e-05	4	transcriptional regulatory protein cseB
2.89377725034e-05	4	LemA domain-containing protein
2.89377725034e-05	4	3-hydroxyadipyl-CoA dehydrogenase
2.89377725034e-05	4	dipeptide ABC transporter ATP-binding protein, partial
2.89377725034e-05	4	taurine catabolism dioxygenase, TauD/TfdA family
2.89377725034e-05	4	MULTISPECIES: cytochrome C class I
2.89377725034e-05	4	nitrogen fixation negative regulator NifL
2.89377725034e-05	4	NADH-quinone oxidoreductase subunit B 2
2.89377725034e-05	4	bacteriocin-processing peptidase
2.89377725034e-05	4	RNA polymerase sigma70 factor
2.89377725034e-05	4	TPP-dependent acetoin dehydrogenase complex, E1 protein subunit beta
2.89377725034e-05	4	MULTISPECIES: rhamnosyltransferase
2.89377725034e-05	4	MULTISPECIES: restriction endonuclease or methylase
2.89377725034e-05	4	alpha-amylase precursor, partial
2.89377725034e-05	4	tetracycline resistance ribosomal protection protein Tet(Q)
2.89377725034e-05	4	flagellar basal body L-ring protein FlgH
2.89377725034e-05	4	DUF2158 domain-containing protein
2.89377725034e-05	4	peptide transporter TolQ
2.89377725034e-05	4	MULTISPECIES: cystathionine gamma-lyase
2.89377725034e-05	4	MULTISPECIES: bugT protein
2.89377725034e-05	4	RTX toxins and related Ca2+-binding protein
2.89377725034e-05	4	transcriptional regulator AraC family
2.89377725034e-05	4	transcriptional regulator CadC
2.89377725034e-05	4	MULTISPECIES: DUF3325 domain-containing protein
2.89377725034e-05	4	DUF4392 domain-containing protein
2.89377725034e-05	4	phosphoadenosine phosphosulfate sulfurtransferase DndC
2.89377725034e-05	4	membrane-bound O-acyltransferase family protein, partial
2.89377725034e-05	4	photosystem II reaction center protein PsbZ
2.89377725034e-05	4	Rieske iron-sulfur protein
2.89377725034e-05	4	ICE-like protease
2.89377725034e-05	4	import inner membrane translocase subunit Tim44
2.89377725034e-05	4	2-oxoisovalerate dehydrogenase E1 subunit beta
2.89377725034e-05	4	MULTISPECIES: inner membrane protein YpjD
2.89377725034e-05	4	DNA polymerase III subunit epsilon, partial
2.89377725034e-05	4	ankyrin repeat domain-containing protein, partial
2.89377725034e-05	4	undecaprenyl diphosphate synthase
2.89377725034e-05	4	F-box protein
2.89377725034e-05	4	ribosomal RNA adenine dimethylase
2.89377725034e-05	4	MULTISPECIES: phage N-6-adenine-methyltransferase
2.89377725034e-05	4	spermidine/putrescine transport system permease potB
2.89377725034e-05	4	tellurite resistance protein
2.89377725034e-05	4	photosystem I chlorophyll a apoprotein
2.89377725034e-05	4	MULTISPECIES: photosystem I reaction center subunit XII
2.89377725034e-05	4	O-antigen transporter
2.89377725034e-05	4	phosphoethanolamine transferase EptA
2.89377725034e-05	4	MULTISPECIES: polynucleotide phosphorylase/polyadenylase
2.89377725034e-05	4	MULTISPECIES: N(5)-hydroxyornithine transformylase PvdF
2.89377725034e-05	4	MMPL domain protein
2.89377725034e-05	4	50S ribosomal protein L7
2.89377725034e-05	4	phage putative head morphogenesis protein, SPP1 gp7
2.89377725034e-05	4	exoaminopeptidase
2.89377725034e-05	4	mannose-6-phosphate isomerase type I
2.89377725034e-05	4	MULTISPECIES: DUF1353 domain-containing protein
2.89377725034e-05	4	ABC-type bacteriocin/lantibiotic exporter
2.89377725034e-05	4	VCBS repeat protein
2.89377725034e-05	4	MULTISPECIES: alpha-L-fucosidase, partial
2.89377725034e-05	4	MULTISPECIES: GMP synthetase
2.89377725034e-05	4	penicillin-binding protein 1B, partial
2.89377725034e-05	4	Mur1 protein
2.89377725034e-05	4	HemY protein
2.89377725034e-05	4	YaeQ family protein
2.89377725034e-05	4	pyruvate dehydrogenase E2 component
2.89377725034e-05	4	MULTISPECIES: DUF1269 domain-containing family protein
2.89377725034e-05	4	phosphate starvation protein PhoH, partial
2.89377725034e-05	4	type IIS restriction/modification enzyme
2.89377725034e-05	4	MULTISPECIES: CRISPR-associated endonuclease Cas1
2.89377725034e-05	4	lipopolysaccharide biosynthesis protein-like
2.89377725034e-05	4	MULTISPECIES: carboxylic ester hydrolase
2.89377725034e-05	4	secretion protein HlyD family protein
2.89377725034e-05	4	MULTISPECIES: caspase
2.89377725034e-05	4	MULTISPECIES: thioredoxin reductase
2.89377725034e-05	4	DUF1640 domain-containing protein
2.89377725034e-05	4	20S proteasome subunit alpha
2.89377725034e-05	4	MULTISPECIES: DUF4270 domain-containing protein
2.89377725034e-05	4	MULTISPECIES: P-type conjugative transfer ATPase TrbB
2.89377725034e-05	4	MULTISPECIES: ketose-bisphosphate aldolase
2.89377725034e-05	4	GDP-mannose 3,5-epimerase
2.89377725034e-05	4	MULTISPECIES: acyl-CoA dehydrogenase-like protein
2.89377725034e-05	4	tape measure domain-containing protein, partial
2.89377725034e-05	4	histamine dehydrogenase
2.89377725034e-05	4	cyclic nucleotide-regulated ABC bacteriocin/lantibiotic exporter protein
2.89377725034e-05	4	parallel beta-helix repeat-containing protein
2.89377725034e-05	4	mechanosensitive ion channel family protein, partial
2.89377725034e-05	4	MULTISPECIES: LexA family transcriptional repressor
2.89377725034e-05	4	putative Oxidoreductase molybdopterin binding
2.89377725034e-05	4	Type III restriction-modification system methylation subunit
2.89377725034e-05	4	Na/Pi-cotransporter II-related protein
2.89377725034e-05	4	L-fuculokinase
2.89377725034e-05	4	MULTISPECIES: poly-gamma-glutamate biosynthesis protein
2.89377725034e-05	4	hemolysin activation protein
2.89377725034e-05	4	molybdenum cofactor biosynthesis protein MoaF
2.89377725034e-05	4	MULTISPECIES: pyruvate dehydrogenase complex dihydrolipoyllysine-residue acetyltransferase
2.89377725034e-05	4	FAD/NAD(P)-binding oxidoreductase subunit
2.89377725034e-05	4	peptidoglycan transglycosylase
2.89377725034e-05	4	DUF3147 domain-containing protein
2.89377725034e-05	4	protein exod
2.89377725034e-05	4	2-dehydro-3-deoxyglucarate aldolase HpaI
2.89377725034e-05	4	type VII secretion protein EssC
2.89377725034e-05	4	serine-aspartate repeat-containing protein D
2.89377725034e-05	4	mvaD protein
2.89377725034e-05	4	parvulin peptidyl-prolyl isomerase
2.89377725034e-05	4	dipicolinate synthase subunit B
2.89377725034e-05	4	capsid scaffolding protein
2.89377725034e-05	4	thioesterase-like protein
2.89377725034e-05	4	Holliday junction branch migration protein RuvA, partial
2.89377725034e-05	4	MULTISPECIES: DUF4265 domain-containing protein
2.89377725034e-05	4	sulfopyruvate decarboxylase
2.89377725034e-05	4	putative Crp/Fnr family transcriptional regulator
2.89377725034e-05	4	MULTISPECIES: oleate hydratase
2.89377725034e-05	4	haloacid dehalogenase superfamily protein
2.89377725034e-05	4	NAD subunit H 5
2.89377725034e-05	4	polyamine oxidase
2.89377725034e-05	4	MULTISPECIES: diacylglycerol kinase catalytic subunit
2.89377725034e-05	4	MULTISPECIES: stage II sporulation protein E
2.89377725034e-05	4	Macrolide export ATP-binding/permease MacB
2.89377725034e-05	4	TldE/PmbA family protein
2.89377725034e-05	4	L-Ala-D/L-Glu epimerase
2.89377725034e-05	4	ethyl tert-butyl ether degradation EthD
2.89377725034e-05	4	NAD/FAD-utilizing enzyme
2.89377725034e-05	4	DUF2534 domain-containing protein
2.89377725034e-05	4	ferredoxin/ferredoxin--NADP reductase
2.89377725034e-05	4	anaerobic nitric oxide reductase flavorubredoxin
2.89377725034e-05	4	DipZ protein, thioredoxin related to cytochrome c
2.89377725034e-05	4	parB-like partition protein
2.89377725034e-05	4	polysaccharide/chitin/xylan deacetylase
2.89377725034e-05	4	methanol oxidase
2.89377725034e-05	4	MULTISPECIES: aldehyde dehydrogenase EutE
2.89377725034e-05	4	nitrate ABC transporter ATPase C and D
2.89377725034e-05	4	sulfatase atsG, partial
2.89377725034e-05	4	MULTISPECIES: bacitracin ABC transporter ATP-binding protein
2.89377725034e-05	4	PTS N-acetylmuramic acid transporter subunits IIBC
2.89377725034e-05	4	semialdehyde dehydrogenase NAD-binding protein
2.89377725034e-05	4	type VI secretion system lysozyme-like protein
2.89377725034e-05	4	MULTISPECIES: cytoplasmic chaperone TorD family protein
2.89377725034e-05	4	HIRAN protein
2.89377725034e-05	4	P-type ATPase, translocating
2.89377725034e-05	4	DUF5048 domain-containing protein
2.89377725034e-05	4	IS630 family transposase ISAli3
2.89377725034e-05	4	MULTISPECIES: DUF2891 domain-containing protein
2.89377725034e-05	4	MULTISPECIES: 16S RNA G1207 methylase RsmC
2.89377725034e-05	4	murein transglycosylase C
2.89377725034e-05	4	cyclic pyranopterin monophosphate synthase MoaC, partial
2.89377725034e-05	4	MULTISPECIES: stringent starvation transcription regulator A protein
2.89377725034e-05	4	putative PQQ-dependent polyvinyl alcohol dehydrogenase precursor
2.89377725034e-05	4	MULTISPECIES: electron transport complex subunit A
2.89377725034e-05	4	ScyD/ScyE family protein
2.89377725034e-05	4	baseplate assembly protein, partial
2.89377725034e-05	4	conserved protein of unknown function; RTX toxins and related Ca2+-binding domain
2.89377725034e-05	4	MULTISPECIES: histidine-type phosphatase
2.89377725034e-05	4	phosphate regulon protein
2.89377725034e-05	4	bifunctional acyl-ACP--phospholipid O-acyltransferase/long-chain-fatty-acid--ACP ligase
2.89377725034e-05	4	putative alkaline phosphatase
2.89377725034e-05	4	3-deoxy-8-phosphooctulonate synthase, partial
2.89377725034e-05	4	MULTISPECIES: DUF1636 domain-containing protein
2.89377725034e-05	4	type 1 citrate synthase
2.89377725034e-05	4	putative N-acetyltransferase
2.89377725034e-05	4	putative xanthine dehydrogenase, small subunit
2.89377725034e-05	4	ADA regulatory protein
2.89377725034e-05	4	pH-dependent sodium/proton antiporter, partial
2.89377725034e-05	4	butanol dehydrogenase, partial
2.89377725034e-05	4	DNA translocase
2.89377725034e-05	4	Prokaryotic N-terminal methylation motif domain protein
2.89377725034e-05	4	epimerase/dehydratase
2.89377725034e-05	4	YqaJ viral recombinase family
2.89377725034e-05	4	immunoglobulin-binding regulator B
2.89377725034e-05	4	SynChlorMet cassette radical SAM/SPASM protein ScmF
2.89377725034e-05	4	MULTISPECIES: Large integral membrane transporter
2.89377725034e-05	4	flagellin and related hook-associated protein
2.89377725034e-05	4	DUF3575 domain-containing protein, partial
2.89377725034e-05	4	aromatic ring-cleaving dioxygenase
2.89377725034e-05	4	Cyclic beta-1,2-glucan synthase
2.89377725034e-05	4	MULTISPECIES: type VI secretion system-associated lipoprotein
2.89377725034e-05	4	MULTISPECIES: metal-transporting ATPase
2.89377725034e-05	4	MULTISPECIES: maleylpyruvate isomerase
2.89377725034e-05	4	MULTISPECIES: cadmium-translocating P-type ATPase
2.89377725034e-05	4	sulfate-transporting ATPase
2.89377725034e-05	4	conjugation TrbI family protein
2.89377725034e-05	4	MULTISPECIES: transcriptional regulator FtrA
2.89377725034e-05	4	methane/phenol/toluene hydroxylase
2.89377725034e-05	4	Shikimate 5-dehydrogenase I alpha
2.89377725034e-05	4	MULTISPECIES: bifunctional pyrazinamidase/nicotinamidase
2.89377725034e-05	4	molybdopterin dehydrogenase, partial
2.89377725034e-05	4	Superfamily II RNA helicase
2.89377725034e-05	4	MULTISPECIES: nitrogen fixation protein FixH
2.89377725034e-05	4	MULTISPECIES: NADP-dependent malic enzyme 3
2.89377725034e-05	4	antitoxin HicB
2.89377725034e-05	4	MULTISPECIES: cell division protein FtsX
2.89377725034e-05	4	MULTISPECIES: sensor histidine kinase KdpD
2.89377725034e-05	4	MULTISPECIES: aminocarboxymuconate-semialdehyde decarboxylase
2.89377725034e-05	4	4-diphosphocytidyl-2C-methyl-D-erythritol 2-phosphate synthase
2.89377725034e-05	4	O-succinylhomoserine sulfhydrylase, partial
2.89377725034e-05	4	molybdenum hydroxylase
2.89377725034e-05	4	MULTISPECIES: isoprenoid biosynthesis protein ElbB
2.89377725034e-05	4	recombination protein RecO
2.89377725034e-05	4	MULTISPECIES: ParB-like protein
2.89377725034e-05	4	MULTISPECIES: thiosulfate sulfurtransferase
2.89377725034e-05	4	TRAP-type C4-dicarboxylate transport system, periplasmic component
2.89377725034e-05	4	enzyme
2.89377725034e-05	4	MULTISPECIES: dicarboxylate--CoA ligase PimA
2.89377725034e-05	4	hemolysin-type calcium-binding repeat (2 copies)
2.89377725034e-05	4	MULTISPECIES: ArsC family transcriptional regulator
2.89377725034e-05	4	organic solvent tolerance ABC transporter substrate-binding protein
2.89377725034e-05	4	aldolase, partial
2.89377725034e-05	4	Virulence-associated E
2.89377725034e-05	4	sugar-phosphate nucleotidyltransferase
2.89377725034e-05	4	molybdenum cofactor biosynthesis protein MoeC
2.89377725034e-05	4	heme biosynthesis protein HemY, partial
2.89377725034e-05	4	Roadblock/LC7 family protein
2.89377725034e-05	4	TraE family protein
2.89377725034e-05	4	type II secretion system protein L
2.89377725034e-05	4	MULTISPECIES: SWIB/MDM2 domain protein
2.89377725034e-05	4	protein RsbP
2.89377725034e-05	4	multi- copper enzyme maturation ABC transporter permease-like protein
2.89377725034e-05	4	protein prkA
2.89377725034e-05	4	IS3 family transposase ISMdi16
2.89377725034e-05	4	MULTISPECIES: A-band LPS transporter
2.89377725034e-05	4	MULTISPECIES: SCP-2 sterol transfer family protein
2.89377725034e-05	4	MULTISPECIES: ribose ABC transporter
2.89377725034e-05	4	MULTISPECIES: alpha-N-acetylglucosaminidase
2.89377725034e-05	4	MULTISPECIES: copper resistance protein
2.89377725034e-05	4	MULTISPECIES: 5,6-dimethylbenzimidazole synthase
2.89377725034e-05	4	Rho termination factor domain protein
2.89377725034e-05	4	MULTISPECIES: DUF4292 domain-containing protein
2.89377725034e-05	4	peptidase domain-containing protein
2.89377725034e-05	4	quinone-reactive Ni/Fe-hydrogenase small chain
2.89377725034e-05	4	DUF3240 domain-containing protein
2.89377725034e-05	4	MULTISPECIES: D-threitol dehydrogenase
2.89377725034e-05	4	superfamily II DNA/RNA helicase, SNF2 family
2.89377725034e-05	4	zeaxanthin epoxidase, partial
2.89377725034e-05	4	MULTISPECIES: microcystin degradation protein MlrC
2.89377725034e-05	4	MULTISPECIES: UDP-diphosphatase
2.89377725034e-05	4	flagellar hook-filament junction protein FlgL
2.89377725034e-05	4	peptidoglycan binding domain-containing protein
2.89377725034e-05	4	repeat domain protein
2.89377725034e-05	4	gamma-aminobutyrate transporter
2.89377725034e-05	4	ribonuclease T(2)
2.89377725034e-05	4	MULTISPECIES: glycosyl transferase family A
2.89377725034e-05	4	MULTISPECIES: DUF4917 domain-containing protein
2.89377725034e-05	4	MULTISPECIES: flavin-dependent monooxygenase
2.89377725034e-05	4	MULTISPECIES: amino acid regulated cytosolic protein
2.89377725034e-05	4	short-chain dehydrogenase DltE
2.89377725034e-05	4	IS3 family transposase ISEc14
2.89377725034e-05	4	MULTISPECIES: endonuclease MutS2
2.89377725034e-05	4	MULTISPECIES: APH(6)-I family aminoglycoside O-phosphotransferase
2.89377725034e-05	4	spore protein
2.89377725034e-05	4	gamma carboxymuconolactone decarboxylase
2.89377725034e-05	4	glucokinase, partial
2.89377725034e-05	4	stress response serine/threonine protein kinase YihE, partial
2.89377725034e-05	4	inositol utilization protein
2.89377725034e-05	4	MULTISPECIES: photosystem II reaction center protein PsbN
2.89377725034e-05	4	Putative threonine aldolase (ltaE)
2.89377725034e-05	4	DUF3875 domain-containing protein
2.89377725034e-05	4	type IV secretion protein IcmK
2.89377725034e-05	4	Putative peptidase (fragment)
2.89377725034e-05	4	bifunctional hydroxymethylpyrimidine kinase/phosphomethylpyrimidine kinase, partial
2.89377725034e-05	4	phage antirepressor KilAC domain-containing protein
2.89377725034e-05	4	ISAzo13 family transposase ISKra3
2.89377725034e-05	4	type III restriction-modification system subunit R
2.89377725034e-05	4	GpE family phage tail protein
2.89377725034e-05	4	acetylglucosaminylphosphatidylinositol deacetylase
2.89377725034e-05	4	pyruvate formate lyase 1-activating protein
2.89377725034e-05	4	mixed type I polyketide synthase - peptide synthetase
2.89377725034e-05	4	C-methyltransferase (fragment)
2.89377725034e-05	4	putative thioesterase
2.89377725034e-05	4	galactose ABC transporter substrate-binding protein
2.89377725034e-05	4	MULTISPECIES: methyl-accepting chemotaxis sensory transducer
2.89377725034e-05	4	putative Alkaline phosphatase D
2.89377725034e-05	4	hemolysin activation/secretion protein
2.89377725034e-05	4	lysine transporter LysE, partial
2.89377725034e-05	4	tagatose-bisphosphate aldolase subunit KbaZ
2.89377725034e-05	4	S41 family peptidase
2.89377725034e-05	4	putative deoxynucleotide monophosphate kinase
2.89377725034e-05	4	receptor ligand binding family protein
2.89377725034e-05	4	fimbrial assembly
2.89377725034e-05	4	bifunctional DNA primase/polymerase famiily protein
2.89377725034e-05	4	MULTISPECIES: pyrroloquinoline quinone biosynthesis peptide chaperone PqqD
2.89377725034e-05	4	catecholic dioxygenase
2.89377725034e-05	4	bacteriohemerythrin
2.89377725034e-05	4	MULTISPECIES: RNA polymerase ECF-type sigma factor SigX
2.89377725034e-05	4	MULTISPECIES: sodium solute transporter family protein
2.89377725034e-05	4	PspA/IM30 family protein
2.89377725034e-05	4	N-methyltryptophan oxidase, partial
2.89377725034e-05	4	protein-L-isoaspartate carboxylmethyltransferase
2.89377725034e-05	4	Por secretion system sorting domain-containing protein
2.89377725034e-05	4	Mrp-like protein
2.89377725034e-05	4	mycofactocin system GMC family oxidoreductase MftG
2.89377725034e-05	4	KAP family P-loop domain-containing protein
2.89377725034e-05	4	MULTISPECIES: ribosomal RNA large subunit methyltransferase E
2.89377725034e-05	4	NDP-hexose 4-ketoreductase, partial
2.89377725034e-05	4	Root adhesin
2.89377725034e-05	4	uroporphyrinogen III methylase
2.89377725034e-05	4	adenosine deaminase, partial
2.89377725034e-05	4	CreA
2.89377725034e-05	4	heptose kinase WapP
2.89377725034e-05	4	MULTISPECIES: UPF0261 family protein
2.89377725034e-05	4	DNA-7-methylguanine glycosylase
2.89377725034e-05	4	cysteine desulfurase/selenocysteine lyase
2.89377725034e-05	4	Phasin
2.89377725034e-05	4	FdhC protein
2.89377725034e-05	4	DUF3305 domain-containing protein, partial
2.89377725034e-05	4	MULTISPECIES: D-galactonate dehydratase
2.89377725034e-05	4	MULTISPECIES: molybdopterin converting factor subunit 1
2.89377725034e-05	4	hypothetical ATPase
2.89377725034e-05	4	fimbrial chaperone
2.89377725034e-05	4	Photosystem I reaction center subunit II, partial
2.89377725034e-05	4	antibiotic transporter
2.89377725034e-05	4	general secretion pathway protein GspD, partial
2.89377725034e-05	4	type IV secretion protein IcmL
2.89377725034e-05	4	3-keto-L-gulonate-6-phosphate decarboxylase
2.89377725034e-05	4	molecular chaperone GrpE
2.89377725034e-05	4	MULTISPECIES: N-acetylglucosamine-6-phosphate isomerase
2.89377725034e-05	4	EGF domain-containing protein
2.89377725034e-05	4	Wzm
2.89377725034e-05	4	putative transport-related membrane protein
2.89377725034e-05	4	MULTISPECIES: flagellar hook protein 2
2.89377725034e-05	4	IS5 family transposase ISGNB1-1
2.89377725034e-05	4	MULTISPECIES: baseplate protein
2.89377725034e-05	4	methyl-accepting chemotaxis sensory transducer with Cache sensor
2.89377725034e-05	4	MULTISPECIES: tetratricopeptide repeat family protein
2.89377725034e-05	4	IS5 family transposase ISSysp4
2.89377725034e-05	4	L-cystine transporter tcyP
2.89377725034e-05	4	secreted outer membrane protein
2.89377725034e-05	4	sortase, marine proteobacterial type
2.89377725034e-05	4	subtilisin like protease
2.89377725034e-05	4	amino acid ABC transporter amino acid-binding protein
2.89377725034e-05	4	ABC exporter membrane fusion protein, DevB family
2.89377725034e-05	4	1,4-dihydroxy-6-naphthoate synthase, partial
2.89377725034e-05	4	ribosome small subunit-dependent GTPase A, partial
2.89377725034e-05	4	DUF3379 domain-containing protein
2.89377725034e-05	4	periplasmic ligand-binding sensor domain protein
2.89377725034e-05	4	MULTISPECIES: conjugative relaxase
2.89377725034e-05	4	surface carbohydrate biosynthesis protein, TIGR04326 family
2.89377725034e-05	4	exonuclease I
2.89377725034e-05	4	peptidase, M61 (glycyl aminopeptidase) family protein
2.89377725034e-05	4	ABC transporter permease/ATP-binding protein
2.89377725034e-05	4	oxidoreductase LLM family
2.89377725034e-05	4	disulfide bond corrector protein DsbC
2.89377725034e-05	4	MULTISPECIES: zinc ABC transporter ATP-binding protein
2.89377725034e-05	4	Rho termination factor
2.89377725034e-05	4	MULTISPECIES: phosphoribosylformimino-5-aminoimidazole carboxamide ribotide isomerase
2.89377725034e-05	4	two-component system sensor histidine kinase RstB
2.89377725034e-05	4	HMGL-like protein
2.89377725034e-05	4	rRNA large subunit m3Psi methyltransferase RlmH
2.89377725034e-05	4	methyl-accepting chemotaxis protein McpH
2.89377725034e-05	4	hydrogen-peroxide-inducible genes activator
2.89377725034e-05	4	tricarboxylic transport TctC
2.89377725034e-05	4	type I glyceraldehyde-3-phosphate dehydrogenase, partial
2.89377725034e-05	4	MULTISPECIES: thiamine monophosphate synthase
2.89377725034e-05	4	VBCS repeat-containing protein
2.89377725034e-05	4	thiamine biosynthesis lipoprotein ApbE
2.89377725034e-05	4	alpha-L-rhamnosidase domain protein
2.89377725034e-05	4	antibiotic ABC transporter ATP-binding protein, partial
2.89377725034e-05	4	glutamate synthase subunit beta, partial
2.89377725034e-05	4	MSHA biogenesis protein MshI
2.89377725034e-05	4	RNA polymerase sigma factor SigK
2.89377725034e-05	4	dTDP-4-rhamnose reductase
2.89377725034e-05	4	cytochrome bd oxidase small subunit, CydX/CbdX family
2.89377725034e-05	4	MULTISPECIES: CoA synthetase
2.89377725034e-05	4	NAD binding site
2.89377725034e-05	4	dTDP-D-glucose 4,6-dehydratase
2.89377725034e-05	4	Zn-dependent oligopeptidase, partial
2.89377725034e-05	4	MULTISPECIES: sugar transporter permease
2.89377725034e-05	4	peptide deformylase, partial
2.89377725034e-05	4	ferrichrome porin FhuA
2.89377725034e-05	4	peptidase M10A and M12B matrixin and adamalysin
2.89377725034e-05	4	UDP-sugar epimerase, partial
2.89377725034e-05	4	MULTISPECIES: DNA-directed RNA polymerase
2.89377725034e-05	4	RNA methylase PF01170 family
2.89377725034e-05	4	MULTISPECIES: lipase class 3
2.89377725034e-05	4	transcriptional regulator GalR
2.89377725034e-05	4	MULTISPECIES: DUF3516 domain-containing protein
2.89377725034e-05	4	MULTISPECIES: TrpB-like pyridoxal phosphate-dependent enzyme
2.89377725034e-05	4	MULTISPECIES: pullulanase-type alpha-1,6-glucosidase
2.89377725034e-05	4	lignostilbene-alpha,beta-dioxygenase-like protein
2.89377725034e-05	4	MULTISPECIES: DegV family protein
2.89377725034e-05	4	MULTISPECIES: DUF3228 domain-containing protein
2.89377725034e-05	4	glycosyl transferase, family 2
2.89377725034e-05	4	flagellar protein FlaF
2.89377725034e-05	4	baseplate J-like family protein
2.89377725034e-05	4	NADH dehydrogenase subunit F
2.89377725034e-05	4	NrfD family oxidoreductase membrane subunit
2.89377725034e-05	4	PTS alpha-glucoside transporter subunit IIBC
2.89377725034e-05	4	DNA modification methylase, partial
2.89377725034e-05	4	MULTISPECIES: DUF2610 domain-containing protein
2.89377725034e-05	4	MULTISPECIES: DUF5103 domain-containing protein
2.89377725034e-05	4	penicillin-binding protein 3
2.89377725034e-05	4	selenoprotein B glycine/betaine/sarcosine/D-proline reductase
2.89377725034e-05	4	pyridoxal phosphate-dependent aminotransferase epsN
2.89377725034e-05	4	MULTISPECIES: C4-dicarboxylate transporter
2.89377725034e-05	4	Nif3-like dinuclear metal center protein
2.89377725034e-05	4	GPR endopeptidase
2.89377725034e-05	4	IS1182 family transposase ISThph1
2.89377725034e-05	4	AcsD protein
2.89377725034e-05	4	MULTISPECIES: gliding motility-associated protein GldE
2.89377725034e-05	4	MULTISPECIES: maltose alpha-D-glucosyltransferase
2.89377725034e-05	4	conserved hypothetical cytosolic protein
2.89377725034e-05	4	aminoglycoside phosphotransferase, partial
2.89377725034e-05	4	alkaline phosphatase superfamily protein
2.89377725034e-05	4	MULTISPECIES: anthranilate 1,2-dioxygenase large subunit
2.89377725034e-05	4	phosphonate catabolism associated alcohol dehydrogenase
2.89377725034e-05	4	MULTISPECIES: 2-oxoglutarate ferredoxin oxidoreductase subunit gamma
2.89377725034e-05	4	cysteine dioxygenase, partial
2.89377725034e-05	4	citrate (pro-3S)-lyase subunit beta
2.89377725034e-05	4	MULTISPECIES: preprotein translocase subunit TatA
2.89377725034e-05	4	MULTISPECIES: 2,3-diketo-5-methylthio-1-phosphopentane phosphatase
2.89377725034e-05	4	thiosulfate sulfurtransferase, partial
2.89377725034e-05	4	LLM class oxidoreductase
2.89377725034e-05	4	dialkylrecorsinol condensing enzyme
2.89377725034e-05	4	protein of unknown function DUF847
2.89377725034e-05	4	MULTISPECIES: fuculose phosphate aldolase
2.89377725034e-05	4	polysaccharide export outer membrane protein
2.89377725034e-05	4	MULTISPECIES: flagellin modification protein FlmC
2.89377725034e-05	4	squalene/oxidosqualene cyclase
2.89377725034e-05	4	Similar to tr|Q8YRU7|Q8YRU7 (fragment)
2.89377725034e-05	4	YhfC family intramembrane metalloprotease
2.89377725034e-05	4	adenylate kinase, partial
2.89377725034e-05	4	nucleotidase
2.89377725034e-05	4	phage recombination protein Bet, partial
2.89377725034e-05	4	MULTISPECIES: Retron-type reverse transcriptase
2.89377725034e-05	4	MULTISPECIES: sensor histidine kinase efflux regulator BaeS
2.89377725034e-05	4	Sigma-70 region 4 type 2
2.89377725034e-05	4	FMN adenylyltransferase
2.89377725034e-05	4	peptide amidase
2.89377725034e-05	4	metalloprotease TldD, partial
2.89377725034e-05	4	flavin-dependent dehydrogenase
2.89377725034e-05	4	4Fe-4S dicluster domain protein
2.89377725034e-05	4	MULTISPECIES: high-affinity branched-chain amino acid ABC transporter ATP-binding protein LivG
2.89377725034e-05	4	Putative phage terminase protein
2.89377725034e-05	4	glycine amidinotransferase
2.89377725034e-05	4	putative phage tail protein
2.89377725034e-05	4	type II secretory pathway pseudopilin PulG
2.89377725034e-05	4	MULTISPECIES: copper resistance protein CopA
2.89377725034e-05	4	MULTISPECIES: formate dehydrogenase accessory protein FdhE
2.89377725034e-05	4	FAD dependent oxidoreductase
2.89377725034e-05	4	iron-regulated protein FrpC
2.89377725034e-05	4	galactose mutarotase-like enzyme
2.89377725034e-05	4	long-chain acyl-CoA synthetase-like protein
2.89377725034e-05	4	stage V sporulation protein T
2.89377725034e-05	4	MULTISPECIES: RNA 2'-phosphotransferase
2.89377725034e-05	4	large secreted protein
2.89377725034e-05	4	MULTISPECIES: PPOX class F420-dependent enzyme
2.89377725034e-05	4	phage/plasmid primase P4
2.89377725034e-05	4	BNR repeat-containing protein
2.89377725034e-05	4	YHS domain protein
2.89377725034e-05	4	membrane protein Pan1
2.89377725034e-05	4	hydroxyneurosporene methyltransferase
2.89377725034e-05	4	Tol biopolymer transporter
2.89377725034e-05	4	PLP-dependent enzyme, histidinol-phosphate/aromatic aminotransferase or cobyric acid decarboxylase
2.89377725034e-05	4	hydrolase CocE/NonD family
2.89377725034e-05	4	chlorinating enzyme
2.89377725034e-05	4	RNB domain-containing ribonuclease, partial
2.89377725034e-05	4	cytochrome c biogenesis ABC transporter permease
2.89377725034e-05	4	methyltransferase domain protein
2.89377725034e-05	4	enterobactin synthase
2.89377725034e-05	4	6-phosphofructokinase, partial
2.89377725034e-05	4	putative TonB-dependent receptor
2.89377725034e-05	4	lactoylglutathione lyase-like lyase
2.89377725034e-05	4	phospholipase C
2.89377725034e-05	4	DRB0094 family RNA ligase
2.89377725034e-05	4	PTS beta-glucoside transporter subunit EIIBCA
2.89377725034e-05	4	toluene ABC transporter ATP-binding protein
2.89377725034e-05	4	HrpA-like helicase
2.89377725034e-05	4	large-conductance mechanosensitive channel protein, partial
2.89377725034e-05	4	DUF2617 domain-containing protein
2.89377725034e-05	4	S-methyltransferase
2.89377725034e-05	4	electron transporter RsxE
2.89377725034e-05	4	reaction center protein L chain
2.89377725034e-05	4	D-galactose 1-dehydrogenase
2.89377725034e-05	4	3-dehydroquinate synthetase
2.89377725034e-05	4	MULTISPECIES: DUF1156 domain-containing protein
2.89377725034e-05	4	microcompartment protein EutL
2.89377725034e-05	4	type II secretion pathway pseudopilin PulG-like protein
2.89377725034e-05	4	O-antigen export system permease RfbD
2.89377725034e-05	4	biotin/lipoate A/B protein ligase family
2.89377725034e-05	4	SH3 domain-containing protein,NLPC/P60 family protein
2.89377725034e-05	4	Pdl protein
2.89377725034e-05	4	iron-dicitrate transporter ATP-binding subunit
2.89377725034e-05	4	MULTISPECIES: stage V sporulation protein K
2.89377725034e-05	4	N-acetylneuraminate synthase, partial
2.89377725034e-05	4	4-alpha-L-fucosyltransferase
2.89377725034e-05	4	nodulation protein NodT
2.89377725034e-05	4	MULTISPECIES: HPr(Ser) kinase/phosphatase
2.89377725034e-05	4	cytochrome D1
2.89377725034e-05	4	replication initiation protein RepC
2.89377725034e-05	4	MULTISPECIES: methyltransferase, FkbM family protein
2.89377725034e-05	4	aerotaxis receptor
2.89377725034e-05	4	MULTISPECIES: DNA sulfur modification protein DndB
2.89377725034e-05	4	MULTISPECIES: DNA sulfur modification protein DndD
2.89377725034e-05	4	F0F1 ATP synthase subunit B/delta
2.89377725034e-05	4	ferredoxin-1
2.89377725034e-05	4	TIGR01906 family membrane protein
2.89377725034e-05	4	nucleotidyl transferase AbiEii/AbiGii toxin family protein, partial
2.89377725034e-05	4	UDP-N-acetyl-D-glucosamine 4-epimerase
2.89377725034e-05	4	MULTISPECIES: recombinase RecT
2.89377725034e-05	4	cellulosome anchor protein
2.89377725034e-05	4	MULTISPECIES: nitrile hydratase subunit alpha
2.89377725034e-05	4	conjugal transfer protein TraV
2.89377725034e-05	4	MULTISPECIES: heme oxygenase
2.89377725034e-05	4	molecular chaperone HscA, partial
2.89377725034e-05	4	MULTISPECIES: NTPase domain
2.89377725034e-05	4	type III-A CRISPR-associated RAMP protein Csm5
2.89377725034e-05	4	type III-A CRISPR-associated RAMP protein Csm4
2.89377725034e-05	4	D-alanyl-lipoteichoic acid biosynthesis protein DltD
2.89377725034e-05	4	MULTISPECIES: SCPU domain-containing protein
2.89377725034e-05	4	signal transduction protein with Nacht domain
2.89377725034e-05	4	RND efflux membrane fusion protein
2.89377725034e-05	4	MULTISPECIES: benzaldehyde dehydrogenase
2.89377725034e-05	4	indole-3-pyruvate decarboxylase
2.89377725034e-05	4	L-serine ammonia-lyase, partial
2.89377725034e-05	4	membrane channel protein
2.89377725034e-05	4	MULTISPECIES: bifunctional transcriptional activator/DNA repair protein Ada
2.89377725034e-05	4	hydrophobe/amphiphile efflux-1 (HAE1) family RND transporter
2.89377725034e-05	4	nicotinamide N-methyase
2.89377725034e-05	4	protein kinase domain
2.89377725034e-05	4	6-phosphogluconate dehydrogenase, partial
2.89377725034e-05	4	MULTISPECIES: S-adenosylmethionine synthetase
2.89377725034e-05	4	N-(5'-phosphoribosyl)anthranilate isomerase, partial
2.89377725034e-05	4	DUF2895 domain-containing protein
2.89377725034e-05	4	IS3 family transposase ISAeca4
2.89377725034e-05	4	addiction module antitoxin RelB, partial
2.89377725034e-05	4	purine-nucleoside phosphorylase, partial
2.89377725034e-05	4	cytochrome b/b6 protein
2.89377725034e-05	4	glucose-methanol-choline oxidoreductase, partial
2.89377725034e-05	4	ABC exporter
2.89377725034e-05	4	CadC-family transcriptional regulator
2.89377725034e-05	4	MULTISPECIES: diacylglyceryl transferase
2.89377725034e-05	4	NgoFVII family restriction endonuclease, partial
2.89377725034e-05	4	host specificity protein J, partial
2.89377725034e-05	4	MULTISPECIES: N-acetylglutaminylglutamine amidotransferase
2.89377725034e-05	4	ATP synthase F1, delta subunit
2.89377725034e-05	4	hydrolase TatD family
2.89377725034e-05	4	restriction enzyme and N-6 adenine-specific DNA methylase
2.89377725034e-05	4	MULTISPECIES: ribonuclease N1
2.89377725034e-05	4	2-oxoacid:ferredoxin/flavodoxin oxidoreductase, gamma subunit
2.89377725034e-05	4	MULTISPECIES: photosystem II reaction center protein K
2.89377725034e-05	4	MULTISPECIES: thiamine pyrophosphate enzyme-like protein
2.89377725034e-05	4	eicosanoid and glutathione metabolism membrane-associated protein
2.89377725034e-05	4	acyl-protein thioesterase 1
2.89377725034e-05	4	putative Folylpolyglutamate synthase
2.89377725034e-05	4	MULTISPECIES: NADPH--cytochrome P450 reductase
2.89377725034e-05	4	response regulator receiver:ATP-binding region, ATPase-like:histidine kinase A, N-terminal, partial
2.89377725034e-05	4	MULTISPECIES: inorganic triphosphatase
2.89377725034e-05	4	glucosyltransferase, partial
2.89377725034e-05	4	oxidoreductase FAD-dependent
2.89377725034e-05	4	protein of unknown function methylase
2.89377725034e-05	4	MULTISPECIES: DUF302 domain-containing protein
2.89377725034e-05	4	MULTISPECIES: lactate permease
2.89377725034e-05	4	MULTISPECIES: DUF2292 domain-containing protein
2.89377725034e-05	4	ankyrin
2.89377725034e-05	4	MULTISPECIES: hydantoin utilization protein
2.89377725034e-05	4	MULTISPECIES: plasmid maintenance system killer
2.89377725034e-05	4	RNA polymerase sigma subunit ECF family
2.89377725034e-05	4	MULTISPECIES: pyrimidine utilization protein B
2.89377725034e-05	4	poly(ADP-ribose) polymerase catalytic domain protein
2.89377725034e-05	4	MULTISPECIES: DUF4198 domain-containing protein
2.89377725034e-05	4	DNA/RNA helicase, superfamily II, SNF2 family
2.89377725034e-05	4	activator of prop osmoprotectant transporter
2.89377725034e-05	4	MULTISPECIES: tryptophanase
2.89377725034e-05	4	MULTISPECIES: GDP-mannose pyrophosphatase
2.89377725034e-05	4	MULTISPECIES: IS4/IS5 family transposase
2.89377725034e-05	4	Psychrophilic metalloprotease Fpp1 precursor
2.89377725034e-05	4	type IV secretion system protein DotC
2.89377725034e-05	4	MULTISPECIES: DUF2827 domain-containing protein
2.89377725034e-05	4	cobalt ABC transporter ATP-binding protein, partial
2.89377725034e-05	4	glycosyltransferase group I
2.89377725034e-05	4	N-acetylglucosamine-binding protein GbpA
2.89377725034e-05	4	glutathione S-transferase-like protein
2.89377725034e-05	4	AcsC protein
2.89377725034e-05	4	Ubiquinone biosynthesis monooxygenase UbiB
2.89377725034e-05	4	cytochrome C-type biogenesis protein
2.89377725034e-05	4	DUF2142 domain-containing protein, partial
2.89377725034e-05	4	integrase core domain protein
2.89377725034e-05	4	MULTISPECIES: PTS mannitol transporter subunit IIB
2.89377725034e-05	4	beta-mannosidase, partial
2.89377725034e-05	4	MULTISPECIES: rhamnogalacturonan lyase
2.89377725034e-05	4	anti-sigma K factor
2.89377725034e-05	4	3-oxoacid CoA-transferase subunit A
2.89377725034e-05	4	biotin-protein ligase, N-terminal domain protein
2.89377725034e-05	4	cytochrome oxidase biogenesis protein Surf1, facilitates heme A insertion
2.89377725034e-05	4	DUF2474 domain-containing protein
2.89377725034e-05	4	putative sodium-dependent dicarboxylate transporter
2.89377725034e-05	4	integral membrane protein MviN
2.89377725034e-05	4	T7 exonuclease
2.89377725034e-05	4	BJP family subclass B3 metallo-beta-lactamase
2.89377725034e-05	4	MULTISPECIES: tRNA hydroxylase
2.89377725034e-05	4	type II restriction enzyme, methylase subunits
2.89377725034e-05	4	GST-like protein
2.89377725034e-05	4	isoquinoline 1-oxidoreductase, partial
2.89377725034e-05	4	DNA gyrase inhibitor
2.89377725034e-05	4	alkaline phytoceramidase
2.89377725034e-05	4	poly-gamma-glutamate biosynthesis protein PgsC
2.89377725034e-05	4	MULTISPECIES: DNA polymerase/3'-5' exonuclease PolX
2.89377725034e-05	4	b-glycosidase
2.89377725034e-05	4	arginine:ornithine antiporter
2.89377725034e-05	4	MULTISPECIES: carboxypeptidase regulatory-like domain-containing protein
2.89377725034e-05	4	single-stranded DNA exonuclease
2.89377725034e-05	4	nodulation protein L
2.89377725034e-05	4	receptor family ligand-binding protein
2.89377725034e-05	4	MULTISPECIES: phenol degradation protein
2.89377725034e-05	4	type IV pilus assembly protein PilW
2.89377725034e-05	4	MULTISPECIES: TIGR02186 family protein
2.89377725034e-05	4	DNase TatD
2.89377725034e-05	4	alpha-1,4-glucan--maltose-1-phosphate maltosyltransferase, partial
2.89377725034e-05	4	MULTISPECIES: threonine/serine exporter
2.89377725034e-05	4	MULTISPECIES: endoglucanase
2.89377725034e-05	4	heptose 1-phosphate adenyltransferase
2.89377725034e-05	4	phenylacetic acid degradation b
2.89377725034e-05	4	formylglycine-generating sulfatase enzyme
2.89377725034e-05	4	undecaprenyl-phosphate alpha-N-acetylglucosaminyl 1-phosphate transferase, partial
2.89377725034e-05	4	MULTISPECIES: SDR family mycofactocin-dependent oxidoreductase
2.89377725034e-05	4	Mur ligase central domain protein
2.89377725034e-05	4	N-hydroxyarylamine O-acetyltransferase
2.89377725034e-05	4	multidrug efflux RND transporter permease
2.89377725034e-05	4	MULTISPECIES: redox-sensitive transcriptional activator SoxR
2.89377725034e-05	4	putative acetyltransferase
2.89377725034e-05	4	D-serine dehydratase
2.89377725034e-05	4	acetolactate synthase large subunit, partial
2.89377725034e-05	4	MULTISPECIES: tRNA synthetase class II
2.89377725034e-05	4	outermembrane transporter
2.89377725034e-05	4	MULTISPECIES: malonate transporter
2.89377725034e-05	4	Ferric reductase transmembrane component domain
2.89377725034e-05	4	Iron-dependent repressor IdeR
2.89377725034e-05	4	sodium pump decarboxylase subunit gamma
2.89377725034e-05	4	cyclodehydratase
2.89377725034e-05	4	Lsa family ABC-F type ribosomal protection protein
2.89377725034e-05	4	stearoyl-CoA desaturase (delta-9 desaturase)
2.89377725034e-05	4	MULTISPECIES: tRNA (adenosine(37)-N6)-methyltransferase TrmM
2.89377725034e-05	4	IS3 family transposase ISBp1
2.89377725034e-05	4	type I restriction modification protein
2.89377725034e-05	4	acyl-CoA dehydrogenase domain-containing
2.89377725034e-05	4	MULTISPECIES: teichoic acid ABC transporter ATP-binding protein
2.89377725034e-05	4	Na+/H+-exchanging protein
2.89377725034e-05	4	General L-amino acid-binding periplasmic protein AapJ precursor
2.89377725034e-05	4	protein PilI
2.89377725034e-05	4	Murein tetrapeptide carboxypeptidase
2.89377725034e-05	4	DUF4430 domain-containing protein
2.89377725034e-05	4	ATP-dependent helicase Lhr
2.89377725034e-05	4	chemoreceptor glutamine deamidase CheD
2.89377725034e-05	4	MULTISPECIES: DUF3577 domain-containing protein
2.89377725034e-05	4	PhoPQ-activated pathogenicity protein
2.89377725034e-05	4	Fatty acid desaturase; Delta-9 fatty acid desaturase
2.89377725034e-05	4	hpaIIM protein
2.89377725034e-05	4	capsular polysaccharide biosynthesis protein D
2.89377725034e-05	4	MULTISPECIES: carboxylate-amine ligase
2.89377725034e-05	4	septum formation inhibitor Maf, partial
2.89377725034e-05	4	potassium uptake protein
2.89377725034e-05	4	MULTISPECIES: IS1380 family transposase ISCku9
2.89377725034e-05	4	MULTISPECIES: MerC domain-containing protein
2.89377725034e-05	4	MULTISPECIES: Tat pathway signal sequence domain protein
2.89377725034e-05	4	MULTISPECIES: hydrogenase expression/formation protein HypE
2.89377725034e-05	4	type VI secretion protein, lysozyme-like protein
2.89377725034e-05	4	UDP-phosphate N-acetylglucosaminyl 1-phosphate transferase
2.89377725034e-05	4	ISLre2 family transposase ISRsl1
2.89377725034e-05	4	MULTISPECIES: two-component system response regulator GlrR
2.89377725034e-05	4	cutinase family protein
2.89377725034e-05	4	MULTISPECIES: DtxR family transcriptional regulator
2.89377725034e-05	4	lipid-A-disaccharide synthetase
2.89377725034e-05	4	MULTISPECIES: NAD(P)H-dependent glycerol-3-phosphate dehydrogenase
2.89377725034e-05	4	alpha-D-glucose phosphate-specific phosphoglucomutase, partial
2.89377725034e-05	4	MULTISPECIES: DUF4330 domain-containing protein
2.89377725034e-05	4	MULTISPECIES: thioredoxin-disulfide reductase, partial
2.89377725034e-05	4	thioredoxin-disulfide reductase, partial
2.89377725034e-05	4	1-carboxy-3-chloro-3,4-dihydroxycyclo hexa-1,5-diene dehydrogenase
2.89377725034e-05	4	protocatechuate 3,4-dioxygenase, partial
2.89377725034e-05	4	MULTISPECIES: DUF1775 domain-containing protein
2.89377725034e-05	4	MULTISPECIES: DUF1294 domain-containing protein
2.89377725034e-05	4	multidrug efflux system outer membrane protein
2.89377725034e-05	4	DUF3626 domain-containing protein
2.89377725034e-05	4	preprotein translocase subunit Tim44, partial
2.89377725034e-05	4	fibronectin
2.89377725034e-05	4	multidrug export protein EmrA
2.89377725034e-05	4	MULTISPECIES: glycoside hydrolase family 15
2.89377725034e-05	4	GlcNAc-PI de-N-acetylase, partial
2.89377725034e-05	4	UDP-glucuronate 4-epimerase
2.89377725034e-05	4	radical SAM family protein
2.89377725034e-05	4	secretion protein HlyD, partial
2.89377725034e-05	4	DUF3053 domain-containing protein
2.89377725034e-05	4	DoxX-like family protein
2.89377725034e-05	4	phosphoserine transaminase, partial
2.89377725034e-05	4	NADH ubiquinone oxidoreductase chain A
2.89377725034e-05	4	ferrous iron transporter B, partial
2.89377725034e-05	4	putative flavoprotein involved in K+ transport
2.89377725034e-05	4	nodulation protein NodU
2.89377725034e-05	4	PAS:GGDEF
2.89377725034e-05	4	NAD-dependent formate dehydrogenase iron-sulfur protein
2.89377725034e-05	4	16S rRNA (cytidine(1402)-2'-O)-methyltransferase, partial
2.89377725034e-05	4	MULTISPECIES: DUF3008 domain-containing protein
2.89377725034e-05	4	Signal Transduction Histidine Kinase (STHK) with CheB and CheR activity
2.89377725034e-05	4	MULTISPECIES: carboxy-S-adenosyl-L-methionine synthase CmoA
2.89377725034e-05	4	putative surface membrane protein
2.89377725034e-05	4	MULTISPECIES: DUF4194 domain-containing protein
2.89377725034e-05	4	DUF2255 domain-containing protein
2.89377725034e-05	4	MdsD protein
2.89377725034e-05	4	MULTISPECIES: IS3 family transposase ISRosp5
2.89377725034e-05	4	C-terminal processing peptidase
2.89377725034e-05	4	MULTISPECIES: outer envelope protein
2.89377725034e-05	4	MULTISPECIES: WxcM domain-containing protein
2.89377725034e-05	4	MULTISPECIES: bifunctional regulator KidO
2.89377725034e-05	4	MULTISPECIES: L-valine transporter subunit YgaH
2.89377725034e-05	4	MULTISPECIES: zinc chelation protein SecC
2.89377725034e-05	4	IS1182 family transposase ISCARN109
2.89377725034e-05	4	ATPase, histidine kinase-, DNA gyrase B-, and HSP90-like domain protein
2.89377725034e-05	4	molybdate transport system substrate-binding protein
2.89377725034e-05	4	MULTISPECIES: cytochrome C biogenesis protein CcmH
2.89377725034e-05	4	UDP-2,3-diacylglucosamine hydrolase, partial
2.89377725034e-05	4	Sarcosine oxidase gamma subunit
2.89377725034e-05	4	MULTISPECIES: bifunctional tRNA (adenosine(37)-N6)-threonylcarbamoyltransferase complex ATPase subunit type 1 TsaE/phosphotransferase
2.89377725034e-05	4	MULTISPECIES: LmbE family protein
2.89377725034e-05	4	methionine synthase (B12-independent)
2.89377725034e-05	4	thiol methyltransferase
2.89377725034e-05	4	MULTISPECIES: arginyl-tRNA-protein transferase
2.89377725034e-05	4	2-methylcitrate synthase/citrate synthase II
2.89377725034e-05	4	dipeptide epimerase, partial
2.89377725034e-05	4	alanine--glyoxylate aminotransferase family protein, partial
2.89377725034e-05	4	MULTISPECIES: anaerobic sulfatase maturase
2.89377725034e-05	4	MULTISPECIES: NrdJb
2.89377725034e-05	4	copper resistance protein CopZ
2.89377725034e-05	4	NAD(P)-dependent alcohol dehydrogenase, partial
2.89377725034e-05	4	citrate-proton symporter
2.89377725034e-05	4	acetyl-CoA decarbonylase/synthase complex subunit delta
2.89377725034e-05	4	MutS-related protein, family 1
2.89377725034e-05	4	integrin/UnbV like protein
2.89377725034e-05	4	conjugation TrbI-like protein
2.89377725034e-05	4	two-component system response regulator, partial
2.89377725034e-05	4	MULTISPECIES: TldD protein
2.89377725034e-05	4	type IV pilin accessory protein
2.89377725034e-05	4	MULTISPECIES: dioxygenase hydroxylase small subunit
2.89377725034e-05	4	cytochrome C6
2.89377725034e-05	4	YHYH protein, partial
2.89377725034e-05	4	DUF3275 domain-containing protein
2.89377725034e-05	4	methyltransferase, FkbM family domain protein
2.89377725034e-05	4	MULTISPECIES: glucose sorbosone dehydrogenase
2.89377725034e-05	4	MULTISPECIES: selenoprotein O
2.89377725034e-05	4	MULTISPECIES: sphingosine kinase
2.89377725034e-05	4	UDP-phosphate glucose phosphotransferase
2.89377725034e-05	4	MULTISPECIES: photosystem I reaction center subunit II
2.89377725034e-05	4	MULTISPECIES: phage terminase
2.89377725034e-05	4	pyruvate kinase II
2.89377725034e-05	4	MULTISPECIES: DUF202 domain-containing protein
2.89377725034e-05	4	glycoside hydrolase family 68 protein
2.89377725034e-05	4	putative LPS biosynthesis related glycosyltransferase
2.89377725034e-05	4	NUMOD1 domain-containing protein,endonuclease
2.89377725034e-05	4	IS256 family transposase ISMca5
2.89377725034e-05	4	copper oxidase, partial
2.89377725034e-05	4	alkaline D-peptidase, partial
2.89377725034e-05	4	MULTISPECIES: phospholipid-binding protein
2.89377725034e-05	4	benzoyl-CoA reductase subunit D
2.89377725034e-05	4	IS1595 family transposase ISUnb1
2.89377725034e-05	4	DUF3187 domain-containing protein
2.89377725034e-05	4	repressor LexA, partial
2.89377725034e-05	4	MULTISPECIES: pyrroloquinoline quinone biosynthesis protein PqqF
2.89377725034e-05	4	IS3 family transposase ISStma5
2.89377725034e-05	4	MULTISPECIES: PDZ/DHR/GLGF domain-containing protein
2.89377725034e-05	4	IS3 family transposase ISIlo12
2.89377725034e-05	4	MULTISPECIES: polysaccharide pyruvyl transferase CsaB
2.89377725034e-05	4	MULTISPECIES: DUF4242 domain-containing protein
2.89377725034e-05	4	MULTISPECIES: teichoic acid transporter
2.89377725034e-05	4	phenylacetic acid catabolic family protein
2.89377725034e-05	4	MULTISPECIES: 7-beta-(4-carbaxybutanamido)cephalosporanic acid acylase
2.89377725034e-05	4	D-cysteine desulfhydrase PLP-dependent enzyme
2.89377725034e-05	4	putative PHB depolymerase
2.89377725034e-05	4	phycobilisome rod-core linker protein 1
2.89377725034e-05	4	RteC protein
2.89377725034e-05	4	MULTISPECIES: XylR family transcriptional regulator
2.89377725034e-05	4	MULTISPECIES: homoserine O-succinyltransferase
2.89377725034e-05	4	RNA polymerase sporulation sigma factor SigE
2.89377725034e-05	4	extracellular ligand-binding receptor
2.89377725034e-05	4	ligand-binding protein SH3
2.89377725034e-05	4	coenzyme F420 biosynthesis-associated protein
2.89377725034e-05	4	MULTISPECIES: RNA polymerase sigma-70 factor
2.89377725034e-05	4	MULTISPECIES: pyocin activator protein PrtN
2.89377725034e-05	4	MULTISPECIES: DUF1090 domain-containing protein
2.89377725034e-05	4	sulfide dehydrogenase (flavocytochrome), flavoprotein subunit
2.89377725034e-05	4	DUF129 domain-containing protein
2.89377725034e-05	4	hemolysin-like protein
2.89377725034e-05	4	Contact-dependent inhibitor A
2.89377725034e-05	4	MULTISPECIES: acireductone synthase
2.89377725034e-05	4	MULTISPECIES: IS5/IS1182 family transposase, partial
2.89377725034e-05	4	putative Glutathione-binding protein GsiB
2.89377725034e-05	4	phage regulatory protein
2.89377725034e-05	4	Isoquinoline 1-oxidoreductase
2.89377725034e-05	4	succinate dehydrogenase, hydrophobic membrane anchor protein, partial
2.89377725034e-05	4	peptidase M14 family protein
2.89377725034e-05	4	MULTISPECIES: 3-hydroxybenzoate 6-hydroxylase
2.89377725034e-05	4	MULTISPECIES: HEPN domain-containing protein
2.89377725034e-05	4	oxidoreductase GMC family protein
2.89377725034e-05	4	MULTISPECIES: alpha-L-glutamate ligase-like protein
2.89377725034e-05	4	linoleoyl-CoA desaturase
2.89377725034e-05	4	response regulator receiver domain-containing protein
2.89377725034e-05	4	Mn-dependent transcriptional regulator MntR
2.89377725034e-05	4	branched-chain amino acid transporter permease subunit LivH
2.89377725034e-05	4	mobilization protein (MobL-like)
2.89377725034e-05	4	baseplate assembly protein W
2.89377725034e-05	4	conjugal transfer protein TraD, partial
2.89377725034e-05	4	cell surface receptor ipt/tig domain protein
2.89377725034e-05	4	cytochrome-c oxidase, partial
2.89377725034e-05	4	MULTISPECIES: flagellin-related hook-associated protein
2.89377725034e-05	4	N-acetylmannosamine-6-phosphate epimerase
2.89377725034e-05	4	MULTISPECIES: conjugal transfer protein TraW
2.89377725034e-05	4	MULTISPECIES: conjugal transfer protein TraC
2.89377725034e-05	4	glycolate oxidase subunit GlcD, partial
2.89377725034e-05	4	protein-(glutamine-N5) methyltransferase, release factor-specific, partial
2.89377725034e-05	4	protein of unknown function DUF1037
2.89377725034e-05	4	iron-hydroxamate ABC transporter substrate-binding protein
2.89377725034e-05	4	MULTISPECIES: DUF4178 domain-containing protein
2.89377725034e-05	4	hydrogenase 2 protein HybA
2.89377725034e-05	4	outer membrane transport protein
2.89377725034e-05	4	putative carboxylesterase
2.89377725034e-05	4	DUF2345 domain-containing protein
2.89377725034e-05	4	restriction alleviation protein, Lar family
2.89377725034e-05	4	cobyric acid synthase CobQ, partial
2.89377725034e-05	4	MULTISPECIES: glutathione ABC transporter substrate-binding protein GsiB
2.89377725034e-05	4	DNA-binding protein, excisionase family
2.89377725034e-05	4	integrase catalytic subunit
2.89377725034e-05	4	carbamoyl-phosphate synthase small chain
2.89377725034e-05	4	MULTISPECIES: homoprotocatechuate degradation operon regulator HpaR
2.89377725034e-05	4	cysteine/glutathione ABC transporter permease/ATP-binding protein CydD
2.89377725034e-05	4	oxidoreductase, 2OG-Fe(II) oxygenase family protein
2.89377725034e-05	4	flavodoxin FldB
2.89377725034e-05	4	MULTISPECIES: bifunctional transcriptional regulator/O6-methylguanine-DNA methyltransferase
2.89377725034e-05	4	MULTISPECIES: cytosol aminopeptidase
2.89377725034e-05	4	MULTISPECIES: itaconyl-CoA hydratase
2.89377725034e-05	4	stage III sporulation protein AA
2.89377725034e-05	4	MULTISPECIES: deacylase
2.89377725034e-05	4	Thiol:disulfide interchange lipoprotein precursor
2.89377725034e-05	4	tetraacyldisaccharide-1-P 4'-kinase
2.89377725034e-05	4	DEAD-like helicase superfamily protein
2.89377725034e-05	4	bacteriophytochrome (light-regulated signal transduction histidine kinase)
2.89377725034e-05	4	MULTISPECIES: ribonuclease 3
2.89377725034e-05	4	flagellar biogenesis protein FliO
2.89377725034e-05	4	UDP-N-acetylglucosamine 1-carboxyvinyltransferase, partial
2.89377725034e-05	4	fusion protein
2.89377725034e-05	4	succinyl-CoA synthetase subunit alpha
2.89377725034e-05	4	endonuclease SmrB
2.89377725034e-05	4	peptidase M60-like domain protein
2.89377725034e-05	4	DUF4116 domain-containing protein
2.89377725034e-05	4	NAD(P)H dehydrogenase subunit NdhF3
2.89377725034e-05	4	MULTISPECIES: endonuclease domain-containing protein
2.89377725034e-05	4	ISAzo13 family transposase ISCap1
2.89377725034e-05	4	N-acyl-D-glutamate amidohydrolase
2.89377725034e-05	4	efflux ABC transporter permease
2.89377725034e-05	4	ribulose-bisphosphate carboxylase large chain
2.89377725034e-05	4	MULTISPECIES: Flp pilus assembly ATPase CpaF
2.89377725034e-05	4	MULTISPECIES: S-methyl-5-thioribose kinase
2.89377725034e-05	4	putative cystathionine beta-synthase
2.89377725034e-05	4	MULTISPECIES: DNA-binding transcriptional regulator FabR
2.89377725034e-05	4	MULTISPECIES: prtrc system protein e
2.89377725034e-05	4	N-acetylmuramoyl-L-alanine amidase AmiB
2.89377725034e-05	4	MULTISPECIES: glycosyl transferase group 1
2.89377725034e-05	4	2,3-diaminopropionate biosynthesis protein SbnAB
2.89377725034e-05	4	chloramphenicol phosphotransferase
2.89377725034e-05	4	dihydroneopterin triphosphate 2'-epimerase
2.89377725034e-05	4	salicylyl-CoA 5-hydroxylase, partial
2.89377725034e-05	4	MULTISPECIES: DUF4296 domain-containing protein
2.89377725034e-05	4	Na+:neurotransmitter symporter (Snf) family protein
2.89377725034e-05	4	MULTISPECIES: calcineurin-like phosphoesterase 5
2.89377725034e-05	4	Tetratricopeptide repeat-containing protein
2.89377725034e-05	4	capsule biosynthesis phosphatase
2.89377725034e-05	4	phosphate starvation protein
2.89377725034e-05	4	peptidase S1 and S6, chymotrypsin/Hap
2.89377725034e-05	4	cpaF protein
2.89377725034e-05	4	MULTISPECIES: 2-dehydro-3-deoxygalactonokinase
2.89377725034e-05	4	spore cortex-lytic protein
2.89377725034e-05	4	DUF962 family protein
2.89377725034e-05	4	MULTISPECIES: peptidase C1
2.89377725034e-05	4	toluene tolerance type protein
2.89377725034e-05	4	sun protein
2.89377725034e-05	4	MULTISPECIES: ABC transporter auxiliary substrate-binding protein involved in toluene tolerance
2.89377725034e-05	4	MULTISPECIES: manganese ABC transporter ATP-binding protein
2.89377725034e-05	4	SPASM domain peptide maturase, grasp-with-spasm system
2.89377725034e-05	4	cholesterol oxidase, partial
2.89377725034e-05	4	condensation protein
2.89377725034e-05	4	MULTISPECIES: hemolysin secretion protein D
2.89377725034e-05	4	N- superfamily bifunctional DNA primase/polymerase
2.89377725034e-05	4	IS3 family transposase ISRso12
2.89377725034e-05	4	MULTISPECIES: class V aminotransferase
2.89377725034e-05	4	serine protease inhibitor
2.89377725034e-05	4	3-isopropylmalate dehydratase large subunit LeuC
2.89377725034e-05	4	MULTISPECIES: spore coat protein
2.89377725034e-05	4	restriction enzyme
2.89377725034e-05	4	bifunctional dihydroneopterin aldolase/7,8-dihydroneopterin epimerase
2.89377725034e-05	4	DNA polymerase III subunit tau
2.89377725034e-05	4	SNF family Na+-dependent transporter
2.89377725034e-05	4	siderophore biosynthesis protein IucC
2.89377725034e-05	4	MULTISPECIES: IS3 family transposase ISSusp1
2.89377725034e-05	4	ABC-F family ATPase, partial
2.89377725034e-05	4	4-hydroxybutyrate CoA-transferase, partial
2.89377725034e-05	4	MULTISPECIES: L-cystine ABC transporter ATP-binding protein YecC
2.89377725034e-05	4	MULTISPECIES: fatty acid oxidation complex subunit alpha
2.89377725034e-05	4	general stress protein 69
2.89377725034e-05	4	Kazal-type serine protease inhibitor domain protein
2.89377725034e-05	4	MULTISPECIES: IS3 family transposase ISDsp1
2.89377725034e-05	4	MULTISPECIES: hydrolase, partial
2.89377725034e-05	4	MULTISPECIES: isoquinoline 1-oxidoreductase subunit beta
2.89377725034e-05	4	DUF3252 domain-containing protein
2.89377725034e-05	4	TIGR02597 family protein
2.89377725034e-05	4	mercuric transport protein periplasmic component
2.89377725034e-05	4	MULTISPECIES: molybdopterin-guanine dinucleotide biosynthesis protein B
2.89377725034e-05	4	NADH-ubiquinone oxidoreductase subunit 4L
2.89377725034e-05	4	type 1 periplasmic binding fold superfamily protein
2.89377725034e-05	4	MULTISPECIES: terminase small subunit protein
2.89377725034e-05	4	MULTISPECIES: PKD domain-containing protein
2.89377725034e-05	4	DNA-binding transcriptional regulator TyrR
2.89377725034e-05	4	pyrimidine monooxygenase RutA
2.89377725034e-05	4	flagellin domain protein
2.89377725034e-05	4	glutamine-hydrolyzing GMP synthase
2.89377725034e-05	4	exo-beta-1,3-glucanase
2.89377725034e-05	4	GDP-mannose 4,6 dehydratase, partial
2.89377725034e-05	4	nitrogen fixation protein FixA
2.89377725034e-05	4	outer membrane assembly protein AsmA
2.89377725034e-05	4	MULTISPECIES: DUF3775 domain-containing protein
2.89377725034e-05	4	DUF4401 domain-containing protein
2.89377725034e-05	4	MULTISPECIES: ATP synthase subunit delta, partial
2.89377725034e-05	4	replication initiation protein RepC, partial
2.89377725034e-05	4	MULTISPECIES: ferric reductase
2.89377725034e-05	4	molecular chaperone Hsp70
2.89377725034e-05	4	DUF2301 domain-containing protein
2.89377725034e-05	4	aminodeoxychorismate/anthranilate synthase component I
2.89377725034e-05	4	MULTISPECIES: peptidyl-prolyl cis-trans isomerase, EpsD family
2.89377725034e-05	4	MULTISPECIES: FAD-dependent catabolic D-arginine dehydrogenase DauA
2.89377725034e-05	4	terminase small subunit, Nu1
2.89377725034e-05	4	MULTISPECIES: UDP-4-amino-4,6-dideoxy-N-acetyl-beta-L-altrosamine N-acetyltransferase
2.89377725034e-05	4	two-component system sensor histidine kinase EvgS
2.89377725034e-05	4	High-affinity leucine-specific transport system, periplasmic binding protein LivK
2.89377725034e-05	4	MULTISPECIES: nitric oxide reductase
2.89377725034e-05	4	MULTISPECIES: 3-methyladenine DNA glycosylase 2
2.89377725034e-05	4	L-lactate transport
2.89377725034e-05	4	2-ketogluconate reductase
2.89377725034e-05	4	oxidoreductase FAD/NAD(P)-binding subunit
2.89377725034e-05	4	OstA organic solvent tolerance protein
2.89377725034e-05	4	site-specific DNA inversion stimulation factor
2.89377725034e-05	4	EAL/GGDEF/PAS domain-containing protein
2.89377725034e-05	4	transporter CPA2 family
2.89377725034e-05	4	phosphatidylethanolamine N-methyltransferase
2.89377725034e-05	4	MULTISPECIES: TusA-like sulfurtransferase
2.89377725034e-05	4	KAP family P-loop domain protein
2.89377725034e-05	4	FmdB family regulatory protein
2.89377725034e-05	4	phage / plasmid primase P4
2.89377725034e-05	4	MULTISPECIES: threonine transporter RhtB
2.89377725034e-05	4	phospholipase A(2)
2.89377725034e-05	4	DUF1236 domain-containing protein
2.89377725034e-05	4	Fructosamine/Ketosamine-3-kinase
2.89377725034e-05	4	glutathione-regulated potassium-efflux system protein
2.89377725034e-05	4	phosphoglucomutase (alpha-D-glucose-1,6-bisphosphate-dependent)
2.89377725034e-05	4	MULTISPECIES: transporter SSS family
2.89377725034e-05	4	tellurium resistance protein TerA
2.89377725034e-05	4	Phosphoesterase MutT/NUDIX family
2.89377725034e-05	4	nitrate oxidoreductase subunit alpha, partial
2.89377725034e-05	4	lysozyme M1
2.89377725034e-05	4	precorrin 3B synthase CobZ
2.89377725034e-05	4	hydroxyatrazine ethylaminohydrolase
2.89377725034e-05	4	cation transport P-type ATPase E1-E2 family
2.89377725034e-05	4	phosphatidylserine/phosphatidylglycerophosphate/cardiolipin synthase
2.89377725034e-05	4	cytochrome aa3 quinol oxidase subunit I
2.89377725034e-05	4	MULTISPECIES: HpaII family restriction endonuclease
2.89377725034e-05	4	putative NADH dehydrogenase subunit H
2.89377725034e-05	4	MULTISPECIES: DsrE family protein
2.89377725034e-05	4	outer membrane protein OmpH
2.89377725034e-05	4	sugar-phosphate kinase
2.89377725034e-05	4	surface protein
2.89377725034e-05	4	MULTISPECIES: lipoprotein ABC transporter ATP-binding protein LolD
2.89377725034e-05	4	reverse transcriptase domain protein
2.89377725034e-05	4	phage tail tape measure protein, TP901 family
2.89377725034e-05	4	phage-related terminase
2.89377725034e-05	4	radical SAM superfamily protein
2.89377725034e-05	4	MULTISPECIES: NADH:ubiquinone oxidoreductase subunit NDUFA12
2.89377725034e-05	4	3-methylcrotonoyl-CoA carboxylase subunit alpha
2.89377725034e-05	4	bacillithiol system disulfide isomerase
2.89377725034e-05	4	sigma-54 dependent transcriptional regulator
2.89377725034e-05	4	pyridoxamine 5'-phosphate oxidase-like protein
2.89377725034e-05	4	Putrescine importer PuuP
2.89377725034e-05	4	MULTISPECIES: molybdopterin-binding oxidoreductase
2.89377725034e-05	4	M20/M25/M40 family peptidase
2.89377725034e-05	4	MULTISPECIES: Ti-type conjugative transfer relaxase TraA
2.89377725034e-05	4	MULTISPECIES: addiction module killer protein
2.89377725034e-05	4	YebC/PmpR family DNA-binding transcriptional regulator, partial
2.89377725034e-05	4	multicopper oxidase, type 3
2.89377725034e-05	4	3-methylcrotonoyl-CoA carboxylase subunit beta
2.89377725034e-05	4	peptidase U62 modulator of DNA gyrase
2.89377725034e-05	4	glycerol uptake facilitator or related permease (Major Intrinsic protein Family)
2.89377725034e-05	4	MULTISPECIES: reactive intermediate/imine deaminase
2.89377725034e-05	4	UDP-glucose/GDP-mannose dehydrogenase-like protein
2.89377725034e-05	4	RmlD substrate-binding protein
2.89377725034e-05	4	MULTISPECIES: DUF2281 domain-containing protein
2.89377725034e-05	4	MULTISPECIES: tail assembly protein
2.89377725034e-05	4	MULTISPECIES: EmrA/EmrK family multidrug efflux transporter periplasmic adaptor subunit
2.89377725034e-05	4	cell division transport system ATP-binding protein
2.89377725034e-05	4	cell wall hydrolase, partial
2.89377725034e-05	4	MULTISPECIES: transcriptional regulator FNR
2.89377725034e-05	4	Para-aminobenzoate synthase component 1
2.89377725034e-05	4	alkanesulfonate monooxygenase, partial
2.89377725034e-05	4	putative ATPase (AAA+ superfamily)
2.89377725034e-05	4	osmotically inducible protein C, partial
2.89377725034e-05	4	outer membrane protein with a TonB box
2.89377725034e-05	4	tRNA pseudouridine(32) synthase
2.89377725034e-05	4	colicin V biosynthesis protein, partial
2.89377725034e-05	4	glyoxal reductase
2.89377725034e-05	4	lauroyl-Kdo(2)-lipid IV(A) myristoyltransferase
2.89377725034e-05	4	IbrB
2.89377725034e-05	4	glycosyltrehalose trehalohydrolase with Por secretion system sorting domain
2.89377725034e-05	4	NtrC family transcriptional regulator
2.89377725034e-05	4	MULTISPECIES: carbon-nitrogen hydrolase family protein
2.89377725034e-05	4	putative Galactokinase
2.89377725034e-05	4	RNAse R
2.89377725034e-05	4	multiple antibiotic resistance protein
2.89377725034e-05	4	metallocarboxypeptidase M14 peptidase superfamily protein
2.89377725034e-05	4	MULTISPECIES: conjugal transfer protein TrbA
2.89377725034e-05	4	poly-gamma-glutamate system protein
2.89377725034e-05	4	LinF
2.89377725034e-05	4	2,6-beta-D-fructofuranosidase precursor
2.89377725034e-05	4	high-affinity branched-chain amino acid ABC transporter permease LivM, partial
2.89377725034e-05	4	FHA domain protein
2.89377725034e-05	4	dipeptide transport binding protein
2.89377725034e-05	4	IS3 family transposase ISAca1
2.89377725034e-05	4	DUF2711 domain-containing protein
2.89377725034e-05	4	MULTISPECIES: 2-dehydro-3-deoxyglucarate aldolase
2.89377725034e-05	4	MULTISPECIES: LPS glycosyltransferase
2.89377725034e-05	4	MULTISPECIES: phosphomannose isomerase
2.89377725034e-05	4	putative nuleotide-utilizing enzyme, moeA
2.89377725034e-05	4	rarD protein
2.89377725034e-05	4	peptidase C58
2.89377725034e-05	4	acetylglucosaminyldiphospho-UDP acetyl-beta-D-mannosaminyltransferase
2.89377725034e-05	4	type I-MYXAN CRISPR-associated endonuclease Cas4/Cas1
2.89377725034e-05	4	MULTISPECIES: phage/plasmid primase P4
2.89377725034e-05	4	PTS ascorbate transporter subunit IIA
2.89377725034e-05	4	thymidylate synthase complementing protein
2.89377725034e-05	4	carbon dioxide-concentrating mechanism protein CcmK
2.89377725034e-05	4	tRNA-specific adenosine deaminase, partial
2.89377725034e-05	4	phage/plasmid primase P4 family C-terminal domain-containing protein, partial
2.89377725034e-05	4	DNA repair and recombination protein helicase
2.89377725034e-05	4	MULTISPECIES: cytochrome C oxidase subunit II
2.89377725034e-05	4	50S ribosomal protein L25, partial
2.89377725034e-05	4	MULTISPECIES: TIGR03842 family LLM class F420-dependent oxidoreductase
2.89377725034e-05	4	4-hydroxybutyrate--acetyl-CoA CoA transferase
2.89377725034e-05	4	surA protein
2.89377725034e-05	4	DNA integration/recombination/inversion protein
2.89377725034e-05	4	TPP-binding protein
2.89377725034e-05	4	peptide-modifying radical SAM enzyme CbpB
2.89377725034e-05	4	nitrate/nitrite two-component system sensor histidine kinase NarQ
2.89377725034e-05	4	DUF4253 domain-containing protein
2.89377725034e-05	4	MULTISPECIES: DUF1304 domain-containing protein
2.17033293775e-05	3	capsular polysaccharide biosynthesis protein CapD
2.17033293775e-05	3	MULTISPECIES: light-harvesting protein B-870 subunit beta
2.17033293775e-05	3	amino-acid metabolite efflux pump EamA-like protein
2.17033293775e-05	3	C-5 sterol desaturase, partial
2.17033293775e-05	3	protein MraZ
2.17033293775e-05	3	type I-B CRISPR-associated protein Cas7/Csh2
2.17033293775e-05	3	protein LphA
2.17033293775e-05	3	ABC-type transport system involved in resistance to organic solvents, permease component
2.17033293775e-05	3	molybdenum cofactor biosynthesis protein MoeA
2.17033293775e-05	3	MULTISPECIES: Ni/Fe hydrogenase subunit alpha
2.17033293775e-05	3	Pfpi family intracellular protease
2.17033293775e-05	3	MULTISPECIES: UDP-N-acetylglucosamine-peptide N-acetylglucosaminyltransferase
2.17033293775e-05	3	MULTISPECIES: capsid protein
2.17033293775e-05	3	type II restriction endonuclease DpnI
2.17033293775e-05	3	flagellar assembly regulator FliX
2.17033293775e-05	3	PAPS reductase/FAD synthetase
2.17033293775e-05	3	LytTR family transcriptional regulator, partial
2.17033293775e-05	3	Six-hairpin glycosidase-like protein
2.17033293775e-05	3	MULTISPECIES: DUF4184 domain-containing protein
2.17033293775e-05	3	transcriptional modulator of MazE/toxin, MazF
2.17033293775e-05	3	chaperone protein
2.17033293775e-05	3	phage terminase large subunit, partial
2.17033293775e-05	3	1,3-beta-galactosyl-N-acetylhexosamine phosphorylase
2.17033293775e-05	3	MULTISPECIES: Ste24 endopeptidase
2.17033293775e-05	3	MULTISPECIES: dethiobiotin synthetase
2.17033293775e-05	3	type I addiction module toxin, SymE family
2.17033293775e-05	3	type IV conjugative transfer system protein TraV
2.17033293775e-05	3	MULTISPECIES: ISNCY family transposase ISBj12
2.17033293775e-05	3	Type II secretory pathway, pullulanase PulA
2.17033293775e-05	3	tRNA-nucleotidyltransferase (CCA-adding enzyme)
2.17033293775e-05	3	YecA family protein, partial
2.17033293775e-05	3	ribose import ATP-binding protein RbsA
2.17033293775e-05	3	MULTISPECIES: galactose-binding protein
2.17033293775e-05	3	MULTISPECIES: transcriptional regulator CynR
2.17033293775e-05	3	5,10-methylenetetrahydrofolate reductase, partial
2.17033293775e-05	3	putative terminase small subunit
2.17033293775e-05	3	outer membrane fimbrial usher protein
2.17033293775e-05	3	nuoH protein
2.17033293775e-05	3	MULTISPECIES: DUF3530 domain-containing protein
2.17033293775e-05	3	mononuclear molybdenum enzyme YedY, partial
2.17033293775e-05	3	phosphopantothenate/pantothenate synthetase
2.17033293775e-05	3	glycoside hydrolase family 78
2.17033293775e-05	3	MULTISPECIES: NLP/P60 protein
2.17033293775e-05	3	chemotaxis protein CheA family protein
2.17033293775e-05	3	N-acetylgalactosamine-6-sulfatase, partial
2.17033293775e-05	3	DUF1705 domain-containing protein
2.17033293775e-05	3	MULTISPECIES: PAS sensor protein
2.17033293775e-05	3	pyruvate formate-lyase, partial
2.17033293775e-05	3	pyrrolidone-carboxylate peptidase
2.17033293775e-05	3	beta-lactamase
2.17033293775e-05	3	MULTISPECIES: DMSO reductase
2.17033293775e-05	3	energy-coupling factor transporter transmembrane protein EcfT, partial
2.17033293775e-05	3	MULTISPECIES: DUF736 domain-containing protein
2.17033293775e-05	3	Putrescine transport system permease protein PotH
2.17033293775e-05	3	glycerol-3-phosphate responsive antiterminator
2.17033293775e-05	3	MULTISPECIES: BCCT family transporter
2.17033293775e-05	3	EvpB family type VI secretion protein, partial
2.17033293775e-05	3	tRNA dihydrouridine(20/20a) synthase DusA, partial
2.17033293775e-05	3	ATP-dependent endonuclease of the OLD family-like protein
2.17033293775e-05	3	MULTISPECIES: MjaII restriction endonuclease
2.17033293775e-05	3	glycosyltransferase family 10 (fucosyltransferase)
2.17033293775e-05	3	nitrate/nitrite sensor protein
2.17033293775e-05	3	MULTISPECIES: alginate O-acetylase
2.17033293775e-05	3	LPS modification acyltransferase
2.17033293775e-05	3	DDE domain-containing protein, partial
2.17033293775e-05	3	MULTISPECIES: DUF1611 domain-containing protein
2.17033293775e-05	3	acyl transferase, partial
2.17033293775e-05	3	sulfatase family protein 7
2.17033293775e-05	3	type IV pilus secretin PilQ, partial
2.17033293775e-05	3	hemolytic protein hlpA-like protein
2.17033293775e-05	3	acetyl-CoA carboxylase, biotin carboxyl carrier protein, partial
2.17033293775e-05	3	flagella basal body rod protein
2.17033293775e-05	3	ssDNA-binding protein
2.17033293775e-05	3	butyryl-CoA:acetate CoA-transferase
2.17033293775e-05	3	putative WD-repeat containing protein
2.17033293775e-05	3	MULTISPECIES: glycine transferase
2.17033293775e-05	3	MULTISPECIES: TonB-dependent outer membrane receptor
2.17033293775e-05	3	MULTISPECIES: type VI secretion-associated protein
2.17033293775e-05	3	MULTISPECIES: methyl-accepting chemotaxis protein I Tsr
2.17033293775e-05	3	site-specific recombinase domain-containing protein
2.17033293775e-05	3	MULTISPECIES: DUF1853 domain-containing protein
2.17033293775e-05	3	carbamoyl-phosphate synthase small subunit, partial
2.17033293775e-05	3	putative O-antigen related protein
2.17033293775e-05	3	MGT family glycosyltransferase
2.17033293775e-05	3	MULTISPECIES: DUF4404 domain-containing protein
2.17033293775e-05	3	MULTISPECIES: peptidase C13 family protein
2.17033293775e-05	3	AroM family protein
2.17033293775e-05	3	pyrolysin
2.17033293775e-05	3	dipeptidyl-peptidase III
2.17033293775e-05	3	MULTISPECIES: limonene-1,2-epoxide hydrolase
2.17033293775e-05	3	MULTISPECIES: ImcF-like protein
2.17033293775e-05	3	IS5 family transposase ISOt6
2.17033293775e-05	3	aminoacyl-tRNA hydrolase, partial
2.17033293775e-05	3	MjaII restriction endonuclease
2.17033293775e-05	3	ubiquinone biosynthesis protein coq7
2.17033293775e-05	3	TrmB family transcriptional regulator
2.17033293775e-05	3	IS5 family transposase ISSpo7
2.17033293775e-05	3	type 4 fimbrial biogenesis protein
2.17033293775e-05	3	type I-B CRISPR-associated endonuclease Cas1
2.17033293775e-05	3	phage DNA Packaging protein
2.17033293775e-05	3	glucuronate isomerase, partial
2.17033293775e-05	3	cytochrome P460
2.17033293775e-05	3	MULTISPECIES: peptidylprolyl isomerase A
2.17033293775e-05	3	MULTISPECIES: D-erythrulose-4-phosphate isomerase
2.17033293775e-05	3	CRISPR-associated protein Cas8
2.17033293775e-05	3	type II restriction endonuclease BsuBI
2.17033293775e-05	3	MULTISPECIES: sulfate/thiosulfate import ATP-binding protein CysA
2.17033293775e-05	3	MULTISPECIES: ethanolamine ammonia lyase large subunit
2.17033293775e-05	3	primase-like protein
2.17033293775e-05	3	photosystem I reaction centre subunit XI PsaL
2.17033293775e-05	3	SecC motif-containing protein
2.17033293775e-05	3	DUF4983 domain-containing protein
2.17033293775e-05	3	zinc transporter ZitB
2.17033293775e-05	3	MULTISPECIES: bifunctional UDP-3-O
2.17033293775e-05	3	MULTISPECIES: NmrA family transcriptional regulator
2.17033293775e-05	3	membrane-bound protein
2.17033293775e-05	3	MULTISPECIES: (Fe-S)-binding protein, partial
2.17033293775e-05	3	metalloprotease, Hemolysin-type calcium-binding region
2.17033293775e-05	3	Integrase, catalytic region
2.17033293775e-05	3	MULTISPECIES: flap endonuclease
2.17033293775e-05	3	anthranilate synthase component 2
2.17033293775e-05	3	MULTISPECIES: iron-sulfur cluster regulator iscR
2.17033293775e-05	3	MULTISPECIES: HemY protein
2.17033293775e-05	3	DapE-ArgE family protein
2.17033293775e-05	3	deoxyribodipyrimidine photolyase, partial
2.17033293775e-05	3	Endo-1,3-1,4-beta-glycanase ExsH
2.17033293775e-05	3	MULTISPECIES: DUF2288 domain-containing protein
2.17033293775e-05	3	MULTISPECIES: Maf-like protein
2.17033293775e-05	3	DUF1521 domain-containing protein
2.17033293775e-05	3	nucleoside-diphosphate sugar epimerase, partial
2.17033293775e-05	3	MULTISPECIES: D-lyxose/D-mannose family sugar isomerase
2.17033293775e-05	3	MULTISPECIES: indolepyruvate oxidoreductase subunit B
2.17033293775e-05	3	thioester oxidase
2.17033293775e-05	3	branched-chain amino acid ABC transporter amino acid-binding protein
2.17033293775e-05	3	peptidoglycan recognition protein
2.17033293775e-05	3	RimK domain protein ATP-grasp
2.17033293775e-05	3	Carboxyl transferase domain protein
2.17033293775e-05	3	IS1595 family transposase ISBeba3
2.17033293775e-05	3	glyoxalase, partial
2.17033293775e-05	3	MULTISPECIES: nitrate transport permease nrtB
2.17033293775e-05	3	microcystin dependent protein MdpB
2.17033293775e-05	3	MULTISPECIES: DUF2818 domain-containing protein
2.17033293775e-05	3	MULTISPECIES: DUF3291 domain-containing protein
2.17033293775e-05	3	HNH endonuclease domain-containing protein
2.17033293775e-05	3	MULTISPECIES: valine--pyruvate transaminase
2.17033293775e-05	3	ADP-glucose pyrophosphorylase
2.17033293775e-05	3	CTP--phosphocholine cytidylyltransferase
2.17033293775e-05	3	IS3 family transposase ISSpma3
2.17033293775e-05	3	sensory box/GGDEF family protein
2.17033293775e-05	3	TyrR family transcriptional regulator
2.17033293775e-05	3	histidine ABC transporter permease
2.17033293775e-05	3	sensory protein (PAS domain)
2.17033293775e-05	3	zinc-finger protein
2.17033293775e-05	3	DUF5057 domain-containing protein
2.17033293775e-05	3	tRNA and rRNA cytosine-C5-methylase (RNA methyltransferase) protein
2.17033293775e-05	3	multiple resistance and pH regulation protein F
2.17033293775e-05	3	short chain dehydrogenase, partial
2.17033293775e-05	3	MULTISPECIES: cytochrome
2.17033293775e-05	3	tRNA threonylcarbamoyladenosine dehydratase, partial
2.17033293775e-05	3	MULTISPECIES: DUF1338 domain-containing protein
2.17033293775e-05	3	MULTISPECIES: chitin deacetylase
2.17033293775e-05	3	MULTISPECIES: organic radical-activating protein
2.17033293775e-05	3	Mini-ribonuclease 3
2.17033293775e-05	3	MULTISPECIES: DUF1471 domain-containing protein
2.17033293775e-05	3	Putrescine oxidase
2.17033293775e-05	3	IS630 family transposase ISMae29
2.17033293775e-05	3	IS630 family transposase ISMae22
2.17033293775e-05	3	IS630 family transposase ISMae27
2.17033293775e-05	3	endolysin gp23
2.17033293775e-05	3	ASPIC/UnbV-like protein
2.17033293775e-05	3	phage DNA primase/helicase
2.17033293775e-05	3	deoxyribodipyrimidine photolyase-like protein
2.17033293775e-05	3	ssnA protein
2.17033293775e-05	3	Mg2+ transporter protein, CorA-like
2.17033293775e-05	3	Na(+)/H(+) antiporter subunit C
2.17033293775e-05	3	Swarming motility protein ybiA
2.17033293775e-05	3	UDP-N-acetylmuramyl tripeptide synthase
2.17033293775e-05	3	dihydroxyacetone kinase, DhaK subunit
2.17033293775e-05	3	ARD/ARD' family protein
2.17033293775e-05	3	glycine C-acetyltransferase, partial
2.17033293775e-05	3	D-aminoacylase Dan
2.17033293775e-05	3	ferredoxin reductase, partial
2.17033293775e-05	3	phage integrase family protein,phage integrase family protein
2.17033293775e-05	3	endonuclease containing a URI domain
2.17033293775e-05	3	bacteriocin ABC transporter permease
2.17033293775e-05	3	IS3 family transposase ISXcd1
2.17033293775e-05	3	trifunctional thioredoxin/methionine sulfoxide reductase A/B protein
2.17033293775e-05	3	MULTISPECIES: bifunctional molybdenum cofactor biosynthesis protein MoaC/MoaB
2.17033293775e-05	3	rod shape-determining protein RodA, partial
2.17033293775e-05	3	MULTISPECIES: heat shock protein HtpX
2.17033293775e-05	3	4-keto-6-deoxy-N-Acetyl-D-hexosaminyl-(Lipid carrier) aminotransferase
2.17033293775e-05	3	MULTISPECIES: protein CrcB
2.17033293775e-05	3	opine oxidase
2.17033293775e-05	3	thiolase, partial
2.17033293775e-05	3	DUF1533 domain-containing protein
2.17033293775e-05	3	manganese efflux pump MntP
2.17033293775e-05	3	ferredoxin-type protein NapF
2.17033293775e-05	3	D-erythrulose kinase, partial
2.17033293775e-05	3	MULTISPECIES: aminotransferase IV
2.17033293775e-05	3	RNA-binding S1 domain-containing protein
2.17033293775e-05	3	extensin, partial
2.17033293775e-05	3	protein RcaC
2.17033293775e-05	3	alpha-arabinofuranosidase
2.17033293775e-05	3	phage family protein
2.17033293775e-05	3	methylcobamide--CoM methyltransferase
2.17033293775e-05	3	type IV secretory system conjugative DNA transfer protein
2.17033293775e-05	3	MULTISPECIES: C-5 cytosine-specific DNA methylase
2.17033293775e-05	3	tetracycline resistance ribosomal protection protein Tet(O)
2.17033293775e-05	3	WbmJ
2.17033293775e-05	3	MULTISPECIES: ribonuclease G (RNase G) (cytoplasmic axial filament protein)
2.17033293775e-05	3	N6-adenine-specific DNA methylase
2.17033293775e-05	3	D-alanyl-D-alanine endopeptidase, partial
2.17033293775e-05	3	ABC-type metal ion transporter, periplasmic subunit
2.17033293775e-05	3	NAD(P)H quinone oxidoreductase PIG3 family
2.17033293775e-05	3	MULTISPECIES: metal-activated pyridoxal enzyme
2.17033293775e-05	3	type III restriction-modification system methylation subunit
2.17033293775e-05	3	MULTISPECIES: cytidylyltransferase
2.17033293775e-05	3	DUF1861 domain-containing protein
2.17033293775e-05	3	MULTISPECIES: DUF333 domain-containing protein
2.17033293775e-05	3	MULTISPECIES: DUF3850 domain-containing protein
2.17033293775e-05	3	molybdenum ABC transporter ATPase/photorepair protein PhrA
2.17033293775e-05	3	MULTISPECIES: cellulose synthase BcsB subunit
2.17033293775e-05	3	ferritin-like protein
2.17033293775e-05	3	MULTISPECIES: GDL motif peptide-associated radical SAM/SPASM maturase
2.17033293775e-05	3	chromosome condensation protein
2.17033293775e-05	3	por secretion system C-terminal sorting domain-containing protein
2.17033293775e-05	3	D-alanine--poly(phosphoribitol) ligase subunit 2
2.17033293775e-05	3	DUF1134 domain-containing protein, partial
2.17033293775e-05	3	4-coumarate--CoA ligase, partial
2.17033293775e-05	3	type IV pili signal transduction protein
2.17033293775e-05	3	MAM protein
2.17033293775e-05	3	MULTISPECIES: host attachment protein
2.17033293775e-05	3	cysteine dioxygenase type I
2.17033293775e-05	3	ATP-dependent zinc metalloprotease FtsH 2
2.17033293775e-05	3	YfbU family protein
2.17033293775e-05	3	MULTISPECIES: methylmalonic aciduria and homocystinuria type D protein
2.17033293775e-05	3	toxin-antitoxin system, toxin component, Bro family
2.17033293775e-05	3	MULTISPECIES: xylose ABC transporter substrate-binding protein
2.17033293775e-05	3	B12 lower ligand biosynthesis radical SAM protein BzaD
2.17033293775e-05	3	flavin containing amine oxidoreductase-like protein
2.17033293775e-05	3	phage shock protein A, PspA
2.17033293775e-05	3	DUF2541 domain-containing protein
2.17033293775e-05	3	MULTISPECIES: DUF3606 domain-containing protein
2.17033293775e-05	3	MULTISPECIES: RecA/RadA recombinase
2.17033293775e-05	3	lipopolysaccharide biosynthesis protein-like protein
2.17033293775e-05	3	MULTISPECIES: hydrolase, alpha/beta domain protein
2.17033293775e-05	3	DNA alkylation response protein, partial
2.17033293775e-05	3	UDP-GlcNAc/Glc 4-epimerase
2.17033293775e-05	3	PLP-binding domain-containing protein
2.17033293775e-05	3	NosL
2.17033293775e-05	3	transcriptional regulator Crp, partial
2.17033293775e-05	3	lytic transglycosylase subunit
2.17033293775e-05	3	nicotinate-nucleotide--dimethylbenzimidazole phosphoribosyltransferase, partial
2.17033293775e-05	3	MULTISPECIES: sporulation domain-containing protein
2.17033293775e-05	3	chloride channel, voltage-gated family protein
2.17033293775e-05	3	putative nitrilase protein
2.17033293775e-05	3	MULTISPECIES: glutathione-dependent reductase
2.17033293775e-05	3	tungstate transporter permease
2.17033293775e-05	3	DUF2877 domain-containing protein
2.17033293775e-05	3	MULTISPECIES: glycosyl hydrolase family 98
2.17033293775e-05	3	peptidase M1, partial
2.17033293775e-05	3	DUF3466 domain-containing protein
2.17033293775e-05	3	Bilirubin oxidase
2.17033293775e-05	3	Type I secretion outer membrane protein, TolC
2.17033293775e-05	3	MULTISPECIES: GTPase
2.17033293775e-05	3	type II restriction enzyme EcoRI-like protein
2.17033293775e-05	3	lateral flagellar hook protein 2
2.17033293775e-05	3	cobalt ABC transporter substrate-binding protein
2.17033293775e-05	3	IS5 family transposase ISVei5
2.17033293775e-05	3	erythromycin esterase-like enzyme
2.17033293775e-05	3	polysialic acid transporter kpsM
2.17033293775e-05	3	ferric citrate ABC transporter ATP-binding protein FecE
2.17033293775e-05	3	solute:Na+ symporter, SSS family
2.17033293775e-05	3	ATP synthase beta chain
2.17033293775e-05	3	IS3 family transposase ISPa56
2.17033293775e-05	3	mRNA interferase MazF9
2.17033293775e-05	3	MULTISPECIES: negative transcriptional regulator
2.17033293775e-05	3	acyl-peptide hydrolase
2.17033293775e-05	3	3-dehydroquinate dehydratase, partial
2.17033293775e-05	3	MULTISPECIES: malate/lactate/ureidoglycolate dehydrogenase
2.17033293775e-05	3	XdhC domain-containing protein
2.17033293775e-05	3	laminin G sub domain 2
2.17033293775e-05	3	sulfatase 1 precursor
2.17033293775e-05	3	ASPIC/UnbV domain-containing protein
2.17033293775e-05	3	MULTISPECIES: IS1595 family transposase ISAcr1
2.17033293775e-05	3	MULTISPECIES: tRNA pseudouridine(13) synthase TruD
2.17033293775e-05	3	IS5 family transposase ISPpa8
2.17033293775e-05	3	MULTISPECIES: phosphonate metabolism protein
2.17033293775e-05	3	MULTISPECIES: cytochrome C biogenesis protein ResC
2.17033293775e-05	3	DUF305 domain-containing protein, partial
2.17033293775e-05	3	PTS sugar transporter subunit IID
2.17033293775e-05	3	MULTISPECIES: pilus assembly protein CpaA
2.17033293775e-05	3	MULTISPECIES: bifunctional tRNA (5-methylaminomethyl-2-thiouridine)(34)-methyltransferase MnmD/FAD-dependent 5-carboxymethylaminomethyl-2-thiouridine(34) oxidoreductase MnmC
2.17033293775e-05	3	replication protein, partial
2.17033293775e-05	3	thiamine pyrophosphokinase
2.17033293775e-05	3	IS3 family transposase ISNmu1
2.17033293775e-05	3	MULTISPECIES: type I restriction-modification system methyltransferase subunit
2.17033293775e-05	3	phosphotransferase RcsD
2.17033293775e-05	3	conserved membrane protein of unknown function
2.17033293775e-05	3	RNA replicase
2.17033293775e-05	3	lysine-N-methylase
2.17033293775e-05	3	transcriptional accessory protein Tex
2.17033293775e-05	3	MULTISPECIES: 3-ketosteroid-delta-1-dehydrogenase
2.17033293775e-05	3	MULTISPECIES: DUF2155 domain-containing protein
2.17033293775e-05	3	microcin-processing peptidase 2
2.17033293775e-05	3	pyruvate flavodoxin oxidoreductase subunit beta
2.17033293775e-05	3	inositol-1-monophosphatase
2.17033293775e-05	3	protein containing DUF1592, partial
2.17033293775e-05	3	MULTISPECIES: CPXCG motif-containing cysteine-rich protein
2.17033293775e-05	3	type I restriction/modification system DNA methyltransferase
2.17033293775e-05	3	universal stress family protein
2.17033293775e-05	3	MULTISPECIES: DUF4112 domain-containing protein
2.17033293775e-05	3	MULTISPECIES: transcription elongation factor NusA
2.17033293775e-05	3	azaleucine resistance protein AzlC
2.17033293775e-05	3	CbbQ/NirQ/NorQ/GpvN family protein, partial
2.17033293775e-05	3	protein BsmA
2.17033293775e-05	3	phenazine biosynthesis protein PhzA/PhzB
2.17033293775e-05	3	translation initiation factor Sui1
2.17033293775e-05	3	delta-aminolevulinic acid dehydratase, partial
2.17033293775e-05	3	MULTISPECIES: YcgL domain-containing protein
2.17033293775e-05	3	DNA breaking-rejoining enzyme
2.17033293775e-05	3	MULTISPECIES: Na+/H+ antiporter NhaB
2.17033293775e-05	3	8-amino-7-oxononanoate synthase/2-amino-3-ketobutyrate CoA ligase
2.17033293775e-05	3	MULTISPECIES: TIGR00341 family protein
2.17033293775e-05	3	MULTISPECIES: MacB family efflux pump subunit
2.17033293775e-05	3	MULTISPECIES: protein-serine/threonine phosphatase
2.17033293775e-05	3	regulator protein
2.17033293775e-05	3	DUF4019 domain-containing protein
2.17033293775e-05	3	bifunctional tRNA N6-adenosine(37)-N6-threonylcarbamoyltransferase complex dimerization subunit TsaB/ribosomal-protein-alanine acetyltransferase RimI
2.17033293775e-05	3	dipeptide/tripeptide permease A
2.17033293775e-05	3	NADH:ubiquinone oxidoreductase subunit N
2.17033293775e-05	3	DNA-binding transcriptional regulator CytR
2.17033293775e-05	3	ATP-dependent DNA helicase RuvB, partial
2.17033293775e-05	3	NifA subfamily transcriptional regulator
2.17033293775e-05	3	CinA domain-containing protein
2.17033293775e-05	3	metallophosphoesterase-domain-containing protein
2.17033293775e-05	3	starch synthase, partial
2.17033293775e-05	3	MULTISPECIES: acyl-protein synthetase
2.17033293775e-05	3	biotin/lipoyl attachment domain-containing protein
2.17033293775e-05	3	phage related protease
2.17033293775e-05	3	Frizzy aggregation protein FrzCD
2.17033293775e-05	3	glycoside hydrolase 105 family protein
2.17033293775e-05	3	membrane autotransporter barrel domain protein, partial
2.17033293775e-05	3	Serine chemoreceptor protein
2.17033293775e-05	3	twin-arginine translocation pathway signal, partial
2.17033293775e-05	3	MULTISPECIES: D-tagatose-bisphosphate aldolase, class II, non-catalytic subunit
2.17033293775e-05	3	Na(+)-translocating NADH-quinone reductase subunit C
2.17033293775e-05	3	class I peptide chain release factor
2.17033293775e-05	3	IS630 family transposase ISCARN39
2.17033293775e-05	3	polyurethanase
2.17033293775e-05	3	MULTISPECIES: PsaD
2.17033293775e-05	3	regulator of ribonuclease activity
2.17033293775e-05	3	phosphoserine phosphatase SerB, partial
2.17033293775e-05	3	MULTISPECIES: protein iolH
2.17033293775e-05	3	Jacalin-related lectin family protein
2.17033293775e-05	3	hemerythrin-like metal-binding domain-containing protein
2.17033293775e-05	3	FIST C domain protein
2.17033293775e-05	3	MULTISPECIES: type II secretion system protein GspJ
2.17033293775e-05	3	MULTISPECIES: WGR domain-containing protein
2.17033293775e-05	3	MULTISPECIES: CRISPR-associated protein Csy3
2.17033293775e-05	3	flagellar basal body FlaE
2.17033293775e-05	3	MULTISPECIES: sucrose phosphorylase
2.17033293775e-05	3	monooxygenase, FAD-binding protein
2.17033293775e-05	3	MULTISPECIES: PqqD family peptide modification chaperone
2.17033293775e-05	3	PAP fibrillin
2.17033293775e-05	3	divalent cation tolerance protein
2.17033293775e-05	3	monooxygenase, FAD-binding
2.17033293775e-05	3	SEC-C motif domain-containing protein
2.17033293775e-05	3	TRAP transporter substrate-binding protein DctP, partial
2.17033293775e-05	3	MULTISPECIES: general secretion pathway protein GspA
2.17033293775e-05	3	MULTISPECIES: CRISPR-associated helicase/endonuclease Cas3
2.17033293775e-05	3	MULTISPECIES: sugar ABC transporter permease YjfF
2.17033293775e-05	3	Lauroyl/myristoyl acyltransferase
2.17033293775e-05	3	MULTISPECIES: sulfate transporter CysZ
2.17033293775e-05	3	radical SAM/SPASM domain protein, ACGX system
2.17033293775e-05	3	phosphotransferase system IIA component
2.17033293775e-05	3	lysine 6-monooxygenase
2.17033293775e-05	3	DUF3506 domain-containing protein
2.17033293775e-05	3	phage assembly protein
2.17033293775e-05	3	3-hydroxy-3-methylglutaryl-CoA lyase
2.17033293775e-05	3	endo-alpha-mannosidase
2.17033293775e-05	3	peptidase, M28 family
2.17033293775e-05	3	amino acid adenylation enzyme/thioester reductase family protein
2.17033293775e-05	3	DEAD/DEAH box containing protein
2.17033293775e-05	3	MULTISPECIES: MlrC
2.17033293775e-05	3	histidine kinase sensor protein
2.17033293775e-05	3	peptidase M11
2.17033293775e-05	3	IS4 family transposase ISPtu1
2.17033293775e-05	3	methylcrotonoyl-CoA carboxylase alpha chain
2.17033293775e-05	3	MULTISPECIES: binding-protein-dependent transport system inner membrane protein
2.17033293775e-05	3	MULTISPECIES: sortase
2.17033293775e-05	3	MULTISPECIES: phage related DNA methyltransferase
2.17033293775e-05	3	rRNA methylase SpoU family
2.17033293775e-05	3	ATP-binding region, ATPase-like
2.17033293775e-05	3	MULTISPECIES: DUF3168 domain-containing protein
2.17033293775e-05	3	MULTISPECIES: nitrate transporter NrtA
2.17033293775e-05	3	MULTISPECIES: membrane-bound O-acyltransferase family protein
2.17033293775e-05	3	MULTISPECIES: amino-acid racemase
2.17033293775e-05	3	conserved repeat protein
2.17033293775e-05	3	MULTISPECIES: chain A, D20c mutant of T4 lysozyme
2.17033293775e-05	3	fused gamma-glutamyl-gamma-aminobutyrate hydrolase/peptidase
2.17033293775e-05	3	pilus assembly protein PilS, partial
2.17033293775e-05	3	MULTISPECIES: iron ABC transporter
2.17033293775e-05	3	dipeptide/tripeptide permease
2.17033293775e-05	3	MULTISPECIES: DUF4494 domain-containing protein
2.17033293775e-05	3	conjugative transfer protein
2.17033293775e-05	3	MULTISPECIES: sprT domain-containing protein
2.17033293775e-05	3	metal-dependent protein hydrolase
2.17033293775e-05	3	3-dehydroquinase
2.17033293775e-05	3	exosortase E/protease, VPEID-CTERM system
2.17033293775e-05	3	ribose 5-phosphate isomerase A, partial
2.17033293775e-05	3	MULTISPECIES: precorrin-6A synthase (deacetylating)
2.17033293775e-05	3	methyltransferase FkbM family domain protein
2.17033293775e-05	3	NADH:ubiquinone oxidoreductase chain I-like protein
2.17033293775e-05	3	organic solvent ABC transporter substrate-binding protein
2.17033293775e-05	3	cation transport protein
2.17033293775e-05	3	MULTISPECIES: drgA
2.17033293775e-05	3	MULTISPECIES: primase
2.17033293775e-05	3	mycofactocin system transcriptional regulator
2.17033293775e-05	3	alginate biosynthesis protein AlgA
2.17033293775e-05	3	phosphomannomutase ManB protein
2.17033293775e-05	3	DUF5131 domain-containing protein, partial
2.17033293775e-05	3	DUF3805 domain-containing protein
2.17033293775e-05	3	methyl-accepting chemotaxis receptor with phytochrome sensor
2.17033293775e-05	3	chromosome condensation protein RCC1
2.17033293775e-05	3	DUF4178 domain-containing protein, partial
2.17033293775e-05	3	Arginine-tRNA-protein transferase domain protein
2.17033293775e-05	3	MULTISPECIES: anti-sigma factor
2.17033293775e-05	3	DUF3810 domain-containing protein, partial
2.17033293775e-05	3	MULTISPECIES: DUF2842 domain-containing protein
2.17033293775e-05	3	vgr related protein
2.17033293775e-05	3	MULTISPECIES: carbamoyl phosphate synthase
2.17033293775e-05	3	Rhamnogalacturonides degradation protein RhiN
2.17033293775e-05	3	long-chain N-acyl amino acid synthase
2.17033293775e-05	3	zinc-binding domain-containing protein
2.17033293775e-05	3	Cyclopropane-fatty-acyl-phospholipid synthase superfamily
2.17033293775e-05	3	Mrr restriction endonuclease
2.17033293775e-05	3	PIN domain-containing protein, partial
2.17033293775e-05	3	adenine deaminase, partial
2.17033293775e-05	3	MULTISPECIES: cytochrome C oxidase subunit IV
2.17033293775e-05	3	TIGR03009 domain-containing protein
2.17033293775e-05	3	lipid A oxidase
2.17033293775e-05	3	carbon monoxide dehydrogenase large chain
2.17033293775e-05	3	MULTISPECIES: DUF2931 domain-containing protein
2.17033293775e-05	3	restriction enzyme and modification methylase
2.17033293775e-05	3	adenosinetriphosphatase
2.17033293775e-05	3	MULTISPECIES: filamentous hemagglutinin family outer membrane protein
2.17033293775e-05	3	AzlD family protein
2.17033293775e-05	3	isochorismate synthase, partial
2.17033293775e-05	3	cobalt ABC transporter substrate-binding protein CbiN
2.17033293775e-05	3	ATP synthase F0F1 subunit I
2.17033293775e-05	3	cbb3-type cytochrome c oxidase subunit I
2.17033293775e-05	3	MULTISPECIES: glutathione ABC transporter ATP-binding protein GsiA
2.17033293775e-05	3	MULTISPECIES: excisionase
2.17033293775e-05	3	type I restriction endonuclease EcoAI subunit S
2.17033293775e-05	3	MULTISPECIES: 3,4-dihydroxyphenylacetate 2,3-dioxygenase
2.17033293775e-05	3	phage-related tail fiber protein-like protein
2.17033293775e-05	3	7,8-didemethyl-8-hydroxy-5-deazariboflavin synthase subunit CofH, partial
2.17033293775e-05	3	endochitinase
2.17033293775e-05	3	DgsA anti-repressor MtfA
2.17033293775e-05	3	flagellar hook-length control protein FliK, partial
2.17033293775e-05	3	hydroxylase for synthesis of 2-methylthio-cis-ribozeatin in tRNA
2.17033293775e-05	3	MULTISPECIES: 3-ketosteroid-9-alpha-hydroxylase
2.17033293775e-05	3	sulfite transporter TauE/SafE
2.17033293775e-05	3	TonB-dependent outer membrane receptor
2.17033293775e-05	3	50S ribosomal protein L23, partial
2.17033293775e-05	3	MULTISPECIES: glycosyl transferase family 51
2.17033293775e-05	3	hydrogenase 2 small subunit
2.17033293775e-05	3	PTS N-acetylglucosamine transporter subunit IIABC
2.17033293775e-05	3	MULTISPECIES: pentose kinase
2.17033293775e-05	3	helicase family protein
2.17033293775e-05	3	lpxK protein
2.17033293775e-05	3	macrocin-O-methyltransferase domain-containing protein
2.17033293775e-05	3	fimbrial chaperone protein StbB
2.17033293775e-05	3	bacteriophage-like protein
2.17033293775e-05	3	MULTISPECIES: cellulose 1,4-beta-cellobiosidase
2.17033293775e-05	3	SapC
2.17033293775e-05	3	periplasmic protein thiol/disulfide oxidoreductase DsbE
2.17033293775e-05	3	glyoxalase/bleomycin resistance protein/dioxygenase superfamily protein
2.17033293775e-05	3	MULTISPECIES: beta-N-acetylglucosaminidase
2.17033293775e-05	3	vanillate O-demethylase oxygenase subunit oxidoreductase
2.17033293775e-05	3	MULTISPECIES: Heme peroxidase
2.17033293775e-05	3	DUF1745 domain-containing protein
2.17033293775e-05	3	glycine reductase complex selenoprotein B
2.17033293775e-05	3	MULTISPECIES: flagellar brake protein
2.17033293775e-05	3	IS3 family transposase IS868
2.17033293775e-05	3	hemin import ATP-binding protein HmuV
2.17033293775e-05	3	50S ribosomal protein L18, partial
2.17033293775e-05	3	glycerone kinase
2.17033293775e-05	3	menaquinone via futalosine step 2
2.17033293775e-05	3	IS1634 family transposase ISMae10
2.17033293775e-05	3	putative esterase EstX
2.17033293775e-05	3	MULTISPECIES: trehalose operon repressor
2.17033293775e-05	3	L-fucose isomerase/related protein
2.17033293775e-05	3	Na(+)-translocating NADH-quinone reductase subunit E
2.17033293775e-05	3	endonuclease Z1 domain-containing protein
2.17033293775e-05	3	Cell wall-associated protease precursor
2.17033293775e-05	3	glutamyl-tRNA(Gln) amidotransferase
2.17033293775e-05	3	MARVEL domain-containing protein
2.17033293775e-05	3	periplasmic nitrate reductase subunit NapB
2.17033293775e-05	3	TetA family tetracycline resistance MFS efflux pump
2.17033293775e-05	3	IS5 family transposase ISEcl7
2.17033293775e-05	3	flagellar biosynthesis protein FlgK
2.17033293775e-05	3	3-phytase, partial
2.17033293775e-05	3	penicillin-binding protein, beta-lactamase class C
2.17033293775e-05	3	MULTISPECIES: RNA 3'-phosphate cyclase
2.17033293775e-05	3	MULTISPECIES: diaminohydroxyphosphoribosylaminopyrimidine deaminase
2.17033293775e-05	3	cytosine methyltransferase, partial
2.17033293775e-05	3	RNA polymerase sigma factor, sigma-70 family
2.17033293775e-05	3	IS3 family transposase ISMex16
2.17033293775e-05	3	DNA processing chain A
2.17033293775e-05	3	ABC transporter, substrate-binding protein, family 7
2.17033293775e-05	3	MULTISPECIES: polysaccharide lyase family 7 protein
2.17033293775e-05	3	TonB protein
2.17033293775e-05	3	DEAD/DEAH box helicase family protein
2.17033293775e-05	3	MULTISPECIES: phosphonate-binding protein
2.17033293775e-05	3	DUF751 domain-containing protein
2.17033293775e-05	3	toxin-antitoxin system antitoxin subunit
2.17033293775e-05	3	poly-gamma-glutamate synthesis protein
2.17033293775e-05	3	IS1 family transposase ISAcma4
2.17033293775e-05	3	glutamine ABC transporter permease GlnM
2.17033293775e-05	3	MULTISPECIES: taurine ABC transporter
2.17033293775e-05	3	MULTISPECIES: DUF4013 domain-containing protein
2.17033293775e-05	3	flagellar protein FlhE
2.17033293775e-05	3	esterase YqiA
2.17033293775e-05	3	lipid III flippase WzxE
2.17033293775e-05	3	MULTISPECIES: electron transport complex subunit RsxB
2.17033293775e-05	3	cytochrome C biogenesis protein transmembrane region
2.17033293775e-05	3	MULTISPECIES: porin OmpC
2.17033293775e-05	3	MULTISPECIES: K+/H+ antiporter subunit F
2.17033293775e-05	3	sporulation protein SpoOM
2.17033293775e-05	3	MULTISPECIES: ribonucleoside reductase
2.17033293775e-05	3	MULTISPECIES: indolepyruvate ferredoxin oxidoreductase subunit alpha
2.17033293775e-05	3	phage/plasmid primase P4 family C-terminal domain protein
2.17033293775e-05	3	cytochrome C55X NirC
2.17033293775e-05	3	hexosaminidase
2.17033293775e-05	3	beta-lyase
2.17033293775e-05	3	MULTISPECIES: cofactor assembly of complex C subunit B
2.17033293775e-05	3	aminopeptidase ysdC
2.17033293775e-05	3	2-amino-3-ketobutyrate CoA ligase, partial
2.17033293775e-05	3	MULTISPECIES: DUF3631 domain-containing protein
2.17033293775e-05	3	MULTISPECIES: Asp23/Gls24 family envelope stress response protein
2.17033293775e-05	3	MULTISPECIES: flagellar L-ring protein
2.17033293775e-05	3	gliding motility protein MglA
2.17033293775e-05	3	sigma-E factor regulatory protein RseB
2.17033293775e-05	3	type VII secretion protein
2.17033293775e-05	3	MFS transporter TsgA
2.17033293775e-05	3	S-(hydroxymethyl)glutathione dehydrogenase, partial
2.17033293775e-05	3	MULTISPECIES: DNA lesion error-prone repair protein ImuA
2.17033293775e-05	3	MULTISPECIES: putative nitroreductase
2.17033293775e-05	3	High-potential iron-sulfur protein
2.17033293775e-05	3	putative biotin carboxylase
2.17033293775e-05	3	long-chain-fatty-acid--CoA ligase (Synthetase)
2.17033293775e-05	3	MULTISPECIES: DUF4360 domain-containing protein
2.17033293775e-05	3	MULTISPECIES: NADH-quinone oxidoreductase subunit J
2.17033293775e-05	3	tRNA delta(2)-isopentenylpyrophosphate transferase
2.17033293775e-05	3	MULTISPECIES: glutathione-regulated potassium-efflux system k+/h+ antiporter protein
2.17033293775e-05	3	MULTISPECIES: M29 family peptidase
2.17033293775e-05	3	MULTISPECIES: pilus assembly protein PilW
2.17033293775e-05	3	MULTISPECIES: DUF2142 domain-containing protein
2.17033293775e-05	3	DNA repair and recombination protein, putative helicase
2.17033293775e-05	3	rhomboid family intramembrane serine protease, partial
2.17033293775e-05	3	MULTISPECIES: aldehyde dehydrogenase PuuC
2.17033293775e-05	3	MULTISPECIES: ApbE family lipoprotein
2.17033293775e-05	3	MULTISPECIES: DUF456 domain-containing protein
2.17033293775e-05	3	type IV secretion system component VirD4
2.17033293775e-05	3	FabA-like domain protein
2.17033293775e-05	3	UBA/THIF-type NAD/FAD binding protein
2.17033293775e-05	3	peptidase M15B and M15C DD-carboxypeptidase VanY/endolysin
2.17033293775e-05	3	QueT transporter family protein
2.17033293775e-05	3	intein-containing ribonucleoside-diphosphate reductase subunit alpha
2.17033293775e-05	3	NagC family transcriptional regulator
2.17033293775e-05	3	lipid A biosynthesis domain protein
2.17033293775e-05	3	ulilysin
2.17033293775e-05	3	tRNA guanosine(34) transglycosylase Tgt, partial
2.17033293775e-05	3	CyrO
2.17033293775e-05	3	organic solvent tolerance protein precursor
2.17033293775e-05	3	MULTISPECIES: DUF296 domain-containing protein
2.17033293775e-05	3	MULTISPECIES: S-adenosylmethionine decarboxylase
2.17033293775e-05	3	Toluene-4-monooxygenase system protein A
2.17033293775e-05	3	transcriptional regulator, NifA subfamily, Fis Family
2.17033293775e-05	3	anthranilate 1 2-dioxygenase small subunit
2.17033293775e-05	3	DUF2875 domain-containing protein, partial
2.17033293775e-05	3	RNase3 domain protein
2.17033293775e-05	3	peptidase C26 family protein
2.17033293775e-05	3	IS3 family transposase ISSpi1
2.17033293775e-05	3	flagellar hook capping protein, Fjo24
2.17033293775e-05	3	Ssl1-like protein
2.17033293775e-05	3	Type IV fimbrial assembly, ATPase PilB
2.17033293775e-05	3	MULTISPECIES: iron export ABC transporter permease subunit FetB
2.17033293775e-05	3	transcription negative regulator ChrR
2.17033293775e-05	3	acetoacetate-CoA ligase
2.17033293775e-05	3	NarL family signal transduction histidine kinase
2.17033293775e-05	3	MULTISPECIES: KipI antagonist
2.17033293775e-05	3	cytochrome c-type protein NapC
2.17033293775e-05	3	exonuclease III
2.17033293775e-05	3	lipase-GDSL family acetylesterase
2.17033293775e-05	3	integron integrase, partial
2.17033293775e-05	3	phosphate ABC transporter permease component
2.17033293775e-05	3	photosystem II stability/assembly factor-like
2.17033293775e-05	3	putative soluble lytic murein transglycosylase
2.17033293775e-05	3	DUF2237 domain-containing protein, partial
2.17033293775e-05	3	capsular polysaccharide biosynthesis protein CapC
2.17033293775e-05	3	peptide/nickel transport system ATP-binding protein
2.17033293775e-05	3	IS1595 family transposase ISMyr1
2.17033293775e-05	3	phosphoesterase RecJ domain-containing protein
2.17033293775e-05	3	putative phage protein p9
2.17033293775e-05	3	DUF3203 domain-containing protein
2.17033293775e-05	3	ATP phosphoribosyltransferase, partial
2.17033293775e-05	3	DNA polymerase III delta prime subunit
2.17033293775e-05	3	parvulin-like peptidyl-prolyl isomerase
2.17033293775e-05	3	DUF871 domain-containing protein
2.17033293775e-05	3	transcriptional activator, adenine-specific DNA methyltransferase
2.17033293775e-05	3	DL-methionine transporter ATP-binding subunit
2.17033293775e-05	3	chloride channel core
2.17033293775e-05	3	MULTISPECIES: dihydroxyacetone kinase
2.17033293775e-05	3	bifunctional UDP-N-acetylmuramoylalanyl-D-glutamate--2,6-diaminopimelate ligase/UDP-N-acetylmuramoyl-tripeptide:D-alanyl-D-alanine ligase
2.17033293775e-05	3	Lambda phage terminase A
2.17033293775e-05	3	nitric oxide reductase activation protein
2.17033293775e-05	3	alkyl hydroperoxide reductase/ thiol specific antioxidant/ mal allergen
2.17033293775e-05	3	lipid a phosphate methyltransferase
2.17033293775e-05	3	DUF1453 domain-containing protein
2.17033293775e-05	3	MULTISPECIES: magnesium transporter MgtC
2.17033293775e-05	3	flagellar hook-length control protein
2.17033293775e-05	3	MULTISPECIES: HaeIII family restriction endonuclease
2.17033293775e-05	3	Gp49-like PF05973 family protein
2.17033293775e-05	3	MULTISPECIES: DUF4385 domain-containing protein
2.17033293775e-05	3	DNA helicase Fdhp
2.17033293775e-05	3	Short chain dehydrogenase
2.17033293775e-05	3	band 7 protein, partial
2.17033293775e-05	3	2-hydroxymethylglutarate dehydrogenase
2.17033293775e-05	3	AMP-dependent synthetase/ligase
2.17033293775e-05	3	MULTISPECIES: phosphoribosylglycinamide synthetase
2.17033293775e-05	3	NADH-flavin reductase
2.17033293775e-05	3	di-heme cytochrome
2.17033293775e-05	3	maleate cis-trans isomerase
2.17033293775e-05	3	MULTISPECIES: DUF3750 domain-containing protein
2.17033293775e-05	3	NAD nucleotidase
2.17033293775e-05	3	cation-transporting ATPase Pma1
2.17033293775e-05	3	PHP-like protein
2.17033293775e-05	3	MULTISPECIES: SIR2 family protein
2.17033293775e-05	3	MULTISPECIES: exonuclease V subunit alpha
2.17033293775e-05	3	nonribosomal peptide synthase
2.17033293775e-05	3	MULTISPECIES: ethanolamine utilization protein EutN
2.17033293775e-05	3	dehydrosqualene desaturase
2.17033293775e-05	3	MULTISPECIES: N-acylneuraminate cytidylyltransferase
2.17033293775e-05	3	MULTISPECIES: amine oxidoreductase
2.17033293775e-05	3	ATP phosphoribosyltransferase regulatory subunit, partial
2.17033293775e-05	3	MULTISPECIES: DUF1883 domain-containing protein
2.17033293775e-05	3	MULTISPECIES: type III secretion component
2.17033293775e-05	3	N-acyl-phosphatidylethanolamine-hydrolyzing phospholipase D
2.17033293775e-05	3	MULTISPECIES: polysaccharide biosynthesis domain family protein
2.17033293775e-05	3	Type II secretory pathway pseudopilin PulG-like protein
2.17033293775e-05	3	transglutaminase domain protein
2.17033293775e-05	3	MULTISPECIES: 2-keto-3-deoxygluconate transporter
2.17033293775e-05	3	nucleobase:cation symporter
2.17033293775e-05	3	phosphoesterase DHHA1
2.17033293775e-05	3	Leukotoxin, partial
2.17033293775e-05	3	MULTISPECIES: colanic acid biosynthesis glycosyltransferase WcaI
2.17033293775e-05	3	sulfate adenylyltransferase, partial
2.17033293775e-05	3	DEAD/H associated domain protein
2.17033293775e-05	3	UDP-glucuronate--glycolipid 2-beta-glucuronosyltransferase
2.17033293775e-05	3	haloacid dehalogenase, partial
2.17033293775e-05	3	Biopterin-dependent aromatic amino acid hydroxylase
2.17033293775e-05	3	C factor, cell signaling protein
2.17033293775e-05	3	P44/Msp2 family outer membrane protein
2.17033293775e-05	3	lysis protein E
2.17033293775e-05	3	MULTISPECIES: arabinose ABC transporter substrate-binding protein
2.17033293775e-05	3	integrin
2.17033293775e-05	3	MULTISPECIES: IS5 family transposase ISCARN38
2.17033293775e-05	3	type II/IV secretion system ATP hydrolase TadA/VirB11/CpaF, TadA subfamily
2.17033293775e-05	3	DUF2385 domain-containing protein
2.17033293775e-05	3	ectoine hydroxylase
2.17033293775e-05	3	DUF177 domain-containing protein
2.17033293775e-05	3	MULTISPECIES: methylamine dehydrogenase
2.17033293775e-05	3	putative ubiquinone biosynthesis protein
2.17033293775e-05	3	MULTISPECIES: IS1595 family transposase ISCosp1
2.17033293775e-05	3	MULTISPECIES: pyridoxamine 5'-phosphate oxidase-like FMN-binding protein
2.17033293775e-05	3	Tex-like protein
2.17033293775e-05	3	MULTISPECIES: glycoside hydrolase family 35
2.17033293775e-05	3	sodium-dependent dicarboxylate transporter sdcS
2.17033293775e-05	3	type II secretion system F domain
2.17033293775e-05	3	UDP-N-acetylglucosamine pyrophosphorylase-like protein
2.17033293775e-05	3	transglutaminase-like protein
2.17033293775e-05	3	MULTISPECIES: iron-sulfur-binding protein
2.17033293775e-05	3	tRNA cytosine(34) acetyltransferase TmcA
2.17033293775e-05	3	MULTISPECIES: DUF1488 domain-containing protein
2.17033293775e-05	3	MULTISPECIES: photosystem II reaction center protein I
2.17033293775e-05	3	MULTISPECIES: methylamine dehydrogenase accessory protein MauD
2.17033293775e-05	3	Ryanodine receptor Ryr
2.17033293775e-05	3	TIGR01244 family protein, partial
2.17033293775e-05	3	nitrogen regulation protein
2.17033293775e-05	3	peptidoglycan-associated cytoplasmic membrane protein
2.17033293775e-05	3	MULTISPECIES: DUF2784 domain-containing protein
2.17033293775e-05	3	UDP pyrophosphate synthase, partial
2.17033293775e-05	3	topology modulation protein
2.17033293775e-05	3	putative PAS protein
2.17033293775e-05	3	DUF489 domain-containing protein
2.17033293775e-05	3	neutral trehalase
2.17033293775e-05	3	ABC transporter ATP-binding protein/peptidase C39 family
2.17033293775e-05	3	tungstate ABC transporter substrate-binding protein WtpA
2.17033293775e-05	3	cytochrome c oxidase, cbb3-type, subunit III
2.17033293775e-05	3	metallo-hydrolase family protein
2.17033293775e-05	3	exosortase N
2.17033293775e-05	3	MULTISPECIES: isoleucyl-tRNA synthetase
2.17033293775e-05	3	precorrin-6Y C5,15-methyltransferase (decarboxylating), CbiT subunit
2.17033293775e-05	3	excinuclease ABC subunit
2.17033293775e-05	3	giguanylate cyclase
2.17033293775e-05	3	MULTISPECIES: bifunctional enoyl-CoA hydratase/phosphate acetyltransferase
2.17033293775e-05	3	protein translocase subunit SecY
2.17033293775e-05	3	phosphodiesterase/nucleotide pyrophosphatase
2.17033293775e-05	3	(2Fe-2S)-binding protein, partial
2.17033293775e-05	3	aliphatic sulfonates transport ATP-binding subunit, partial
2.17033293775e-05	3	multifunctional fatty acid oxidation complex subunit alpha, partial
2.17033293775e-05	3	putative sigma E regulatory protein, MucB/RseB
2.17033293775e-05	3	putative transferase
2.17033293775e-05	3	MULTISPECIES: DL-methionine transporter permease subunit
2.17033293775e-05	3	HRDC domain-containing protein
2.17033293775e-05	3	PBCV-1 DNA ligase
2.17033293775e-05	3	bifunctional tRNA pseudouridine(32) synthase/ribosomal large subunit pseudouridine synthase RluA
2.17033293775e-05	3	amine acid ABC transporter, permease protein, 3-TM region, His/Glu/Gln/Arg/opine family
2.17033293775e-05	3	MULTISPECIES: NADH:ubiquinone reductase (Na(+)-transporting) subunit A
2.17033293775e-05	3	tight adherence protein B
2.17033293775e-05	3	ChrA protein
2.17033293775e-05	3	molybdopterin-dependent oxidoreductase
2.17033293775e-05	3	MULTISPECIES: iduronate-2-sulfatase
2.17033293775e-05	3	tRNA threonylcarbamoyladenosine biosynthesis protein Gcp A37 threonylcarbamoyladenosine bio
2.17033293775e-05	3	MULTISPECIES: DNA polymerase A family protein
2.17033293775e-05	3	MULTISPECIES: tail tubular protein A
2.17033293775e-05	3	MULTISPECIES: DUF3443 domain-containing protein
2.17033293775e-05	3	poly alpha-glucosyltransferase
2.17033293775e-05	3	pyrimidine utilization regulatory protein R
2.17033293775e-05	3	solute:sodium symporter (SSS) family transporter
2.17033293775e-05	3	MULTISPECIES: SigB/SigF/SigG family RNA polymerase sigma factor
2.17033293775e-05	3	urease
2.17033293775e-05	3	endopygalactorunase
2.17033293775e-05	3	aromatic aldehyde oxidoreductase molybdenum-binding subunit
2.17033293775e-05	3	MULTISPECIES: protocatechuate 4,5-dioxygenase beta chain
2.17033293775e-05	3	MULTISPECIES: DUF3110 domain-containing protein
2.17033293775e-05	3	NAD kinase, partial
2.17033293775e-05	3	Potassium efflux system KefA precursor
2.17033293775e-05	3	protein imuA
2.17033293775e-05	3	PTS cellobiose/arbutin/salicin transporter subunit IIBC
2.17033293775e-05	3	M20 family peptidase
2.17033293775e-05	3	Pilin (bacterial filament) subfamily
2.17033293775e-05	3	putative periplasmic solute-binding protein
2.17033293775e-05	3	fumarate reductase subunit C
2.17033293775e-05	3	plastoquinol--plastocyanin reductase
2.17033293775e-05	3	MULTISPECIES: translocase
2.17033293775e-05	3	indolepyruvate oxidoreductase subunit beta
2.17033293775e-05	3	O-antigen export system permease
2.17033293775e-05	3	ppx/GppA phosphatase
2.17033293775e-05	3	IS5 family transposase ISPha1
2.17033293775e-05	3	FK506-binding protein
2.17033293775e-05	3	bifunctional molybdenum cofactor guanylyltransferase MobA/molybdopterin-guanine dinucleotide biosynthesis adaptor protein MobB
2.17033293775e-05	3	MULTISPECIES: WYL domain-containing transcriptional regulator
2.17033293775e-05	3	ATPase TIR domain-containing protein
2.17033293775e-05	3	Flp pilus assembly protein
2.17033293775e-05	3	MULTISPECIES: phenylacetaldoxime dehydratase
2.17033293775e-05	3	ISAs1 family transposase ISVer2
2.17033293775e-05	3	MaoC domain-containing protein dehydratase
2.17033293775e-05	3	ATP synthase subunit D
2.17033293775e-05	3	MULTISPECIES: 6-phosphogluconate dehydrogenase (decarboxylating)
2.17033293775e-05	3	MULTISPECIES: sarcosine oxidase subunit gamma
2.17033293775e-05	3	acetyl-CoA carboxylase carboxyltransferase subunit alpha
2.17033293775e-05	3	prolyl 4-hydroxylase
2.17033293775e-05	3	IS3 family transposase ISNeu4
2.17033293775e-05	3	BON domain-containing protein, partial
2.17033293775e-05	3	type 4 fimbrial biogenesis protein PilY1
2.17033293775e-05	3	putative naringenin-chalcone synthase
2.17033293775e-05	3	MULTISPECIES: HEAT repeat domain-containing protein
2.17033293775e-05	3	PhoPQ-activated pathogenicity-related protein
2.17033293775e-05	3	TrwB protein
2.17033293775e-05	3	NAD-dependent formate dehydrogenase subunit delta
2.17033293775e-05	3	UDP-glucose/GDP-mannose dehydrogenase dimerisation
2.17033293775e-05	3	phosphomethylpyrimidine synthase ThiC, partial
2.17033293775e-05	3	MULTISPECIES: ATP-dependent exonuclease
2.17033293775e-05	3	SpoVG family protein
2.17033293775e-05	3	nickel resistance protein
2.17033293775e-05	3	mupirocin-resistant isoleucine--tRNA ligase MupB
2.17033293775e-05	3	maltose operon protein MalM
2.17033293775e-05	3	translation initiation factor 2
2.17033293775e-05	3	MULTISPECIES: ShlB family hemolysin secretion/activation protein
2.17033293775e-05	3	succinate:quinone oxidoreductase
2.17033293775e-05	3	MULTISPECIES: 5-deoxyglucuronate isomerase
2.17033293775e-05	3	glycine cleavage system transcriptional activator
2.17033293775e-05	3	aminopeptidase N-like protein
2.17033293775e-05	3	TRAP transporter permease DctM, partial
2.17033293775e-05	3	MULTISPECIES: VirB9
2.17033293775e-05	3	MULTISPECIES: DUF3999 domain-containing protein
2.17033293775e-05	3	mono(ADP-ribosyl)transferase SpvB
2.17033293775e-05	3	MULTISPECIES: glucose transporter
2.17033293775e-05	3	2-oxo-hepta-3-ene-1,7-dioate hydratase
2.17033293775e-05	3	Cell wall-associated protease
2.17033293775e-05	3	HSR1-related GTP-binding protein
2.17033293775e-05	3	hemolysin C
2.17033293775e-05	3	putative structural protein
2.17033293775e-05	3	aspartate carbamoyltransferase catalytic chain
2.17033293775e-05	3	FraH protein
2.17033293775e-05	3	rifampin ADP-ribosyl transferase
2.17033293775e-05	3	ABC transporter membrane fusion protein DevB
2.17033293775e-05	3	PTS glucose transporter subunit IICBA
2.17033293775e-05	3	Naphthalene 1,2-dioxygenase/salicylate 5-hydroxylase systems, ferredoxin--NAD(P)+ reductase component
2.17033293775e-05	3	protein ImpB
2.17033293775e-05	3	UDP-N-acetylglucosamine-peptide N-acetylglucosaminyltransferase subunit
2.17033293775e-05	3	tetracycline resistance protein tetM, partial
2.17033293775e-05	3	eco57I restriction endonuclease family protein
2.17033293775e-05	3	glycine/betaine reductase
2.17033293775e-05	3	IS3 family transposase ISMsi2
2.17033293775e-05	3	Inner membrane lipoprotein YiaD precursor
2.17033293775e-05	3	glucoronyl hydrolase
2.17033293775e-05	3	photosystem II protein D1 1
2.17033293775e-05	3	MexA family multidrug efflux RND transporter periplasmic adaptor subunit
2.17033293775e-05	3	FBP domain-containing protein
2.17033293775e-05	3	cation transporter MIT family
2.17033293775e-05	3	translation repressor RelB
2.17033293775e-05	3	putative agmatinase
2.17033293775e-05	3	MULTISPECIES: phage shock protein A
2.17033293775e-05	3	murein hydrolase regulator LrgA
2.17033293775e-05	3	phenazine biosynthesis protein
2.17033293775e-05	3	MULTISPECIES: outer membrane lipoprotein-sorting protein
2.17033293775e-05	3	phage Tail Collar domain protein
2.17033293775e-05	3	ABC-type polysaccharide/polyol phosphate transport system, ATPase component
2.17033293775e-05	3	ABC transporter branched-chain amino acid-binding protein
2.17033293775e-05	3	MULTISPECIES: Hsp33 family molecular chaperone
2.17033293775e-05	3	amino acid aminohydrolase
2.17033293775e-05	3	tRNA CCA-pyrophosphorylase, partial
2.17033293775e-05	3	DNA circularization protein
2.17033293775e-05	3	tRNA pseudouridine(38-40) synthase TruA, partial
2.17033293775e-05	3	MULTISPECIES: sulfurylase
2.17033293775e-05	3	DUF3482 domain-containing protein, partial
2.17033293775e-05	3	periplasmic serine peptidase DegS
2.17033293775e-05	3	alkaline phosphatase family protein, partial
2.17033293775e-05	3	MULTISPECIES: acetoin catabolism protein X
2.17033293775e-05	3	TIGR02217 family protein, partial
2.17033293775e-05	3	Sporulation kinase E
2.17033293775e-05	3	teichoic acid synthase
2.17033293775e-05	3	MULTISPECIES: hydrolase TatD
2.17033293775e-05	3	pyridoxalphosphate dependent aminotransferase
2.17033293775e-05	3	MULTISPECIES: putative conjugative transfer protein TraD
2.17033293775e-05	3	5-methylcytosine-specific restriction system specificity protein McrC
2.17033293775e-05	3	methionine ABC transporter ATP-binding protein, partial
2.17033293775e-05	3	GMC oxidoreductase 1
2.17033293775e-05	3	CidB/LrgB family autolysis modulator
2.17033293775e-05	3	RNA binding S1 domain-containing protein
2.17033293775e-05	3	family 1 phosphorylase-like purine phosphorylase
2.17033293775e-05	3	MULTISPECIES: nodulation protein J
2.17033293775e-05	3	MULTISPECIES: ubiquinone/menaquinone biosynthesis C-methyltransferase UbiE
2.17033293775e-05	3	TIGR03086 family protein
2.17033293775e-05	3	deoxynucleotide monophosphate kinase (dNMP kinase) (DNK)
2.17033293775e-05	3	MULTISPECIES: molybdenum cofactor biosynthesis protein MoeB
2.17033293775e-05	3	peptidase T2
2.17033293775e-05	3	betaine--homocysteine S-methyltransferase
2.17033293775e-05	3	RND transporter MFP subunit
2.17033293775e-05	3	MarC family protein, partial
2.17033293775e-05	3	alpha-(1,3)-fucosyltransferase
2.17033293775e-05	3	MULTISPECIES: type II secretion system protein L
2.17033293775e-05	3	MULTISPECIES: DUF1499 domain-containing protein
2.17033293775e-05	3	MULTISPECIES: plasmid partitioning protein ParB
2.17033293775e-05	3	IS1595 family transposase ISEvi2
2.17033293775e-05	3	stearoyl-CoA desaturase
2.17033293775e-05	3	phage Gp37/Gp68 family protein, partial
2.17033293775e-05	3	DUF3413 domain-containing protein
2.17033293775e-05	3	arsenite-activated ATPase ArsA
2.17033293775e-05	3	Parvulin PPIase
2.17033293775e-05	3	putative auxin-regulated protein
2.17033293775e-05	3	cobalt-precorrin-7 (C(5))-methyltransferase
2.17033293775e-05	3	glycosytransferase
2.17033293775e-05	3	MULTISPECIES: DUF4386 domain-containing protein
2.17033293775e-05	3	MULTISPECIES: Sterol-binding domain protein
2.17033293775e-05	3	flagellar motor/chemotaxis (MotB)-related protein
2.17033293775e-05	3	cna b domain-containing protein
2.17033293775e-05	3	cytochrome c-553-like protein
2.17033293775e-05	3	cytochrome c oxidase assembly protein CtaG
2.17033293775e-05	3	competence/damage-inducible protein A, partial
2.17033293775e-05	3	cag pathogenicity island protein Cag5
2.17033293775e-05	3	MULTISPECIES: ribulose-1,5-bisphosphate carboxylase/oxygenase large subunit
2.17033293775e-05	3	3,5/4-trihydroxycyclohexa-1,2-dione hydrolase
2.17033293775e-05	3	CoA ester lyase, partial
2.17033293775e-05	3	ketosynthase chain-length factor
2.17033293775e-05	3	MULTISPECIES: protein translocase component YidC
2.17033293775e-05	3	three-deoxy-D-manno-octulosonic-acid transferase domain-containing protein
2.17033293775e-05	3	protein of unknown function DUF303 acetylesterase putative
2.17033293775e-05	3	FabD/lysophospholipase-like protein
2.17033293775e-05	3	vegetatible incompatibility protein HET-E1
2.17033293775e-05	3	tetracenomycin C resistance and export protein
2.17033293775e-05	3	aspartate kinase 2
2.17033293775e-05	3	MULTISPECIES: NAD(P)H-quinone oxidoreductase subunit 3
2.17033293775e-05	3	phage/plasmid primase P4 family domain-containing protein
2.17033293775e-05	3	beta-N-acetylglucosaminidase, partial
2.17033293775e-05	3	zinc metallopeptidase RseP
2.17033293775e-05	3	VgrG protein
2.17033293775e-05	3	phosphoketolase 2
2.17033293775e-05	3	IS3 family transposase ISAav4
2.17033293775e-05	3	cartilage oligomeric matrix protein
2.17033293775e-05	3	competence protein CelA
2.17033293775e-05	3	phosphate starvation-inducible ATPase PhoH
2.17033293775e-05	3	amino acid transport protein
2.17033293775e-05	3	internal scaffolding protein B
2.17033293775e-05	3	MULTISPECIES: L-aspartate dehydrogenase
2.17033293775e-05	3	MULTISPECIES: 2-amino-3-ketobutyrate CoA ligase
2.17033293775e-05	3	MULTISPECIES: gluconate permease
2.17033293775e-05	3	peptidase inhibitor
2.17033293775e-05	3	MULTISPECIES: PD-(D/E)XK motif protein
2.17033293775e-05	3	DNA replication domain protein
2.17033293775e-05	3	MULTISPECIES: proteasome subunit alpha
2.17033293775e-05	3	mannose-1-phosphate guanylyltransferase/phosphoglucosamine mutase
2.17033293775e-05	3	IS1595 family transposase ISBaba5
2.17033293775e-05	3	GGDEF
2.17033293775e-05	3	attachment protein
2.17033293775e-05	3	pyruvate dehydrogenase E1 component subunit alpha
2.17033293775e-05	3	MULTISPECIES: NHL repeat containing protein
2.17033293775e-05	3	tyrosine 2,3-aminomutase
2.17033293775e-05	3	bifunctional pyrimidine operon regulator/uracil phosphoribosyltransferase
2.17033293775e-05	3	DUF4971 domain-containing protein
2.17033293775e-05	3	MULTISPECIES: bifunctional D-altronate/D-mannonate dehydratase
2.17033293775e-05	3	MULTISPECIES: 1,4-beta-xylanase
2.17033293775e-05	3	putative hyalin repeat protein
2.17033293775e-05	3	hydro-lyase Fe-S type tartrate/fumarate subfamily subunit beta
2.17033293775e-05	3	nucleoside-diphosphate-sugar pyrophosphorylase involved in lipopolysaccharide biosynthesis
2.17033293775e-05	3	succinyl-CoA--3-ketoacid-CoA transferase, partial
2.17033293775e-05	3	Anaerobic dehydrogenase typically selenocysteine-containing
2.17033293775e-05	3	MULTISPECIES: farnesyl-diphosphate synthase
2.17033293775e-05	3	carbamoyltransferase, partial
2.17033293775e-05	3	peptide-aspartate beta-dioxygenase
2.17033293775e-05	3	DUF861 domain-containing protein, partial
2.17033293775e-05	3	pyridoxal-dependent decarboxylase domain protein
2.17033293775e-05	3	transcription factor jumonji
2.17033293775e-05	3	two-component system sensor histidine kinase KdbD, partial
2.17033293775e-05	3	4-amino-4-deoxychorismate lyase, partial
2.17033293775e-05	3	MULTISPECIES: DUF2799 domain-containing protein
2.17033293775e-05	3	2-methylthioadenine synthase
2.17033293775e-05	3	MULTISPECIES: DUF420 domain-containing protein
2.17033293775e-05	3	MULTISPECIES: peptidoglycan N-acetylmuramoylhydrolase
2.17033293775e-05	3	chlorohydrolase/aminohydrolase
2.17033293775e-05	3	nucleotide-disulfide oxidoreductase
2.17033293775e-05	3	Ras family protein
2.17033293775e-05	3	bacterial capsule synthesis protein
2.17033293775e-05	3	efflux system protein
2.17033293775e-05	3	phage protein PhiE125 gp8 family
2.17033293775e-05	3	MULTISPECIES: phenolic acid decarboxylase
2.17033293775e-05	3	coenzyme F420 hydrogenase/dehydrogenase subunit beta
2.17033293775e-05	3	MULTISPECIES: glucosyl-3-phosphoglycerate synthase
2.17033293775e-05	3	MULTISPECIES: NIL domain-containing protein
2.17033293775e-05	3	MULTISPECIES: aromatic amino acid transporter AroP
2.17033293775e-05	3	thiamin pyrophosphokinase
2.17033293775e-05	3	MULTISPECIES: motility quorum-sensing regulator MqsR
2.17033293775e-05	3	gamma-butyrobetaine,2-oxoglutarate dioxygenase
2.17033293775e-05	3	DUF434 domain-containing protein
2.17033293775e-05	3	MULTISPECIES: DUF1857 domain-containing protein
2.17033293775e-05	3	peptidase C40
2.17033293775e-05	3	superfamily II DNA/RNA helicase
2.17033293775e-05	3	IS3 family transposase ISRhsp2
2.17033293775e-05	3	chromosomal replication initiator protein DnaA, partial
2.17033293775e-05	3	MULTISPECIES: medium-chain-fatty-acid--CoA ligase
2.17033293775e-05	3	periplasmic sensor signal transduction histidine kinase
2.17033293775e-05	3	para-aminobenzoate synthase subunit I
2.17033293775e-05	3	dihydrolipoamide dehydrogenase homolog
2.17033293775e-05	3	pyranose oxidase precursor
2.17033293775e-05	3	Ig-like protein, group 2
2.17033293775e-05	3	protein; fibronectin type III-like fold domain; signal peptide
2.17033293775e-05	3	MULTISPECIES: coenzyme F420-0:L-glutamate ligase
2.17033293775e-05	3	sun family protein
2.17033293775e-05	3	trimethylamine:corrinoid methyltransferase
2.17033293775e-05	3	translation factor related to Sua5
2.17033293775e-05	3	outer membrane receptor for ferric coprogen and ferric-rhodotorulic acid
2.17033293775e-05	3	Fertility inhibition FinO
2.17033293775e-05	3	IS5 family transposase ISPso3
2.17033293775e-05	3	phosphoesterase PA-phosphatase-like protein
2.17033293775e-05	3	MULTISPECIES: DUF1826 domain-containing protein
2.17033293775e-05	3	protein TraI
2.17033293775e-05	3	phenylphosphate carboxylase subunit alpha
2.17033293775e-05	3	IS3 family transposase ISShfr8
2.17033293775e-05	3	MULTISPECIES: DUF3597 domain-containing protein
2.17033293775e-05	3	glycosylasparaginase, partial
2.17033293775e-05	3	arabinofuranosidase
2.17033293775e-05	3	Protein export cytoplasm protein SecA ATPase RNA helicase
2.17033293775e-05	3	putative efflux transporter family protein
2.17033293775e-05	3	Aqualysin-1 like protein
2.17033293775e-05	3	MULTISPECIES: D-serine/D-alanine/glycine transporter
2.17033293775e-05	3	ech hydrogenase subunit B
2.17033293775e-05	3	SH3 type 3 domain-containing protein
2.17033293775e-05	3	phytanoyl-CoA dioxygenase family protein, partial
2.17033293775e-05	3	IS3 family transposase ISPpu29
2.17033293775e-05	3	sterol desaturase family protein
2.17033293775e-05	3	poly (ADP-ribose) polymerase family, member 1
2.17033293775e-05	3	type II restriction endonuclease, partial
2.17033293775e-05	3	MULTISPECIES: TIGR03016 family PEP-CTERM system-associated outer membrane protein
2.17033293775e-05	3	polysaccharide ABC transporter
2.17033293775e-05	3	Endonuclease/exonuclease/phosphatase-like protein
2.17033293775e-05	3	Nodulation protein NolNO
2.17033293775e-05	3	endonuclease DDE, partial
2.17033293775e-05	3	extracellular solute-binding protein family 1
2.17033293775e-05	3	methylamine utilization protein MauE
2.17033293775e-05	3	spermidine acetyltransferase
2.17033293775e-05	3	sigma factor sigB regulation protein
2.17033293775e-05	3	MULTISPECIES: transcriptional regulator ExuR
2.17033293775e-05	3	P-loop containing nucleoside triphosphate hydrolase
2.17033293775e-05	3	endonuclease V, partial
2.17033293775e-05	3	SnoG
2.17033293775e-05	3	carboxypeptidase M32, partial
2.17033293775e-05	3	alpha integrin
2.17033293775e-05	3	divinyl protochlorophyllide a 8-vinyl-reductase
2.17033293775e-05	3	flavin reductase, partial
2.17033293775e-05	3	SC4G2.10, pglZ; bacteriophage (PhiC31) resistance gene pglZ
2.17033293775e-05	3	MULTISPECIES: aspartate--ammonia ligase
2.17033293775e-05	3	peptidase M56, BlaR1
2.17033293775e-05	3	DNA/RNA helicase superfamily II SNF2 family
2.17033293775e-05	3	MULTISPECIES: XapX domain-containing protein
2.17033293775e-05	3	transglycosylase family protein
2.17033293775e-05	3	phenylacetate-CoA oxygenase subunit PaaI, partial
2.17033293775e-05	3	SEFIR domain protein
2.17033293775e-05	3	Tolloid-like protein 1
2.17033293775e-05	3	DUF2155 domain-containing protein, partial
2.17033293775e-05	3	NADPH-dependent oxidoreductase, partial
2.17033293775e-05	3	MULTISPECIES: adenylate/guanylate cyclase domain-containing response regulator
2.17033293775e-05	3	collagen-like protein, partial
2.17033293775e-05	3	MULTISPECIES: beta-agarase
2.17033293775e-05	3	glucose-fructose oxidoreductase oxidoreductase
2.17033293775e-05	3	MULTISPECIES: baseplate J protein
2.17033293775e-05	3	2-amino-4-deoxychorismate synthase
2.17033293775e-05	3	sulfite reductase, partial
2.17033293775e-05	3	UDP-N-acetyl glucosamine 2-epimerase, partial
2.17033293775e-05	3	long-chain fatty acid CoA synthetase
2.17033293775e-05	3	MULTISPECIES: arginine aminotransferase
2.17033293775e-05	3	restriction endonuclease, SacI family
2.17033293775e-05	3	putative acyl-CoA dehydrogenase
2.17033293775e-05	3	pathogenicity protein
2.17033293775e-05	3	MULTISPECIES: D-glycero-beta-D-manno-heptose 1,7-bisphosphate 7-phosphatase
2.17033293775e-05	3	MULTISPECIES: pilus assembly protein PilO
2.17033293775e-05	3	PA14
2.17033293775e-05	3	MULTISPECIES: glyceraldehyde-3-phosphate dehydrogenase
2.17033293775e-05	3	ATP-hydrolysing 5-oxoprolinase
2.17033293775e-05	3	TRAP-type C4-dicarboxylate transporter periplasmic subunit
2.17033293775e-05	3	lipid-binding START domain-containing protein
2.17033293775e-05	3	DUF930 domain-containing protein
2.17033293775e-05	3	MULTISPECIES: acetoin dehydrogenase dihydrolipoyllysine-residue acetyltransferase subunit
2.17033293775e-05	3	MULTISPECIES: ribonuclease activity regulator protein RraA
2.17033293775e-05	3	tktC protein
2.17033293775e-05	3	DUF3106 domain-containing protein, partial
2.17033293775e-05	3	C-methyltransferase C-terminal domain protein
2.17033293775e-05	3	6-hydroxyhexanoate dehydrogenase
2.17033293775e-05	3	Holliday junction endonuclease
2.17033293775e-05	3	5-aminolevulinate synthase, partial
2.17033293775e-05	3	calcium binding hemolysin protein, putative
2.17033293775e-05	3	methylation site containing protein
2.17033293775e-05	3	trimethylamine--corrinoid methyltransferase
2.17033293775e-05	3	MULTISPECIES: YIP1 family protein
2.17033293775e-05	3	putative phage replisome organizer, N-terminal region
2.17033293775e-05	3	MULTISPECIES: DUF4118 domain-containing protein
2.17033293775e-05	3	senescence marker protein-30 (SMP-30)
2.17033293775e-05	3	UDP-glucuronate 5'-epimerase, partial
2.17033293775e-05	3	MULTISPECIES: spermidine/putrescine ABC transporter substrate-binding protein PotF
2.17033293775e-05	3	S-adenosyl methyltransferase
2.17033293775e-05	3	TadC protein
2.17033293775e-05	3	putative membrane-associated protein
2.17033293775e-05	3	MULTISPECIES: glycogen debranching protein
2.17033293775e-05	3	MULTISPECIES: ferredoxin-like protein
2.17033293775e-05	3	putative carbamoyl transferase, NodU family
2.17033293775e-05	3	Pyridoxamine 5'-phosphate oxidase-related protein
2.17033293775e-05	3	gliding motility protein GldL, partial
2.17033293775e-05	3	MULTISPECIES: mercuric reductase
2.17033293775e-05	3	protoheme IX synthesis protein, partial
2.17033293775e-05	3	phage tail collar family protein
2.17033293775e-05	3	lipoprotein NlpD
2.17033293775e-05	3	MULTISPECIES: lincosamide nucleotidyltransferase Lnu(B)
2.17033293775e-05	3	MULTISPECIES: glycosyltransferase 9 family protein
2.17033293775e-05	3	transcription antiterminator LicT
2.17033293775e-05	3	MULTISPECIES: generic methyltransferase
2.17033293775e-05	3	MULTISPECIES: UMP phosphatase
2.17033293775e-05	3	toxin secretion/phage lysis holin
2.17033293775e-05	3	2-oxoglutarate:ferredoxin oxidoreductase
2.17033293775e-05	3	anabaenopeptilide synthetase ApdA
2.17033293775e-05	3	histidine triad (HIT) protein
2.17033293775e-05	3	outer membrane protein W
2.17033293775e-05	3	pyruvate/2-oxoglutarate dehydrogenase complex, alpha subunit
2.17033293775e-05	3	Snf2 family helicase
2.17033293775e-05	3	MULTISPECIES: RHS repeat protein
2.17033293775e-05	3	decaheme c-type cytochrome, DmsE family protein
2.17033293775e-05	3	tricarboxylate transport protein TctC
2.17033293775e-05	3	transcriptional regulator Zur
2.17033293775e-05	3	DEAD/DEAH family ATP-dependent RNA helicase
2.17033293775e-05	3	DUF3289 domain-containing protein
2.17033293775e-05	3	myo-inositol-1(or 4)-monophosphatase
2.17033293775e-05	3	flagellar biosynthesis protein FliA
2.17033293775e-05	3	zinc metalloprotease HtpX, partial
2.17033293775e-05	3	macrocin-O-methyltransferase domain protein
2.17033293775e-05	3	Pirin-like protein
2.17033293775e-05	3	ketoreductase
2.17033293775e-05	3	MATE family efflux transporter DinF
2.17033293775e-05	3	protein containing membrane-bound dehydrogenase
2.17033293775e-05	3	MULTISPECIES: 1,6-dihydroxycyclohexa-2,4-diene-1-carboxylate dehydrogenase
2.17033293775e-05	3	aerotaxis receptor Aer, partial
2.17033293775e-05	3	NERD domain protein
2.17033293775e-05	3	M1 family aminopeptidase precursor
2.17033293775e-05	3	MULTISPECIES: helicase DnaB
2.17033293775e-05	3	LLM class F420-dependent oxidoreductase, partial
2.17033293775e-05	3	2-polyprenyl-6-methoxyphenol hydroxylase, partial
2.17033293775e-05	3	dioxygenase 2OG-Fe(II) oxygenase superfamily protein
2.17033293775e-05	3	SecY protein
2.17033293775e-05	3	periplasmic ATP/GTP-binding protein
2.17033293775e-05	3	M20 peptidase family dipeptidase, partial
2.17033293775e-05	3	MULTISPECIES: zinc ribbon domain protein
2.17033293775e-05	3	stage III sporulation protein E
2.17033293775e-05	3	tRNA (guanosine(18)-2'-O)-methyltransferase
2.17033293775e-05	3	PLP-dependent threonine dehydratase
2.17033293775e-05	3	hydroxyacylglutathione hydrolase, partial
2.17033293775e-05	3	flagellar assembly protein
2.17033293775e-05	3	HNH endonuclease family prophage LambdaSa2
2.17033293775e-05	3	diol dehydratase reactivase subunit alpha
2.17033293775e-05	3	granule-associated protein (phasin)
2.17033293775e-05	3	MULTISPECIES: L-rhamnose catabolism isomerase
2.17033293775e-05	3	Zn-ribbon protein
2.17033293775e-05	3	mRNA-binding protein
2.17033293775e-05	3	MULTISPECIES: NDP-hexose 2,3-dehydratase
2.17033293775e-05	3	MULTISPECIES: nitric oxide dioxygenase
2.17033293775e-05	3	gliding motility-associated lipoprotein GldB
2.17033293775e-05	3	antioxidant, AhpC/TSA family
2.17033293775e-05	3	MULTISPECIES: isopropylmalate/homocitrate/citramalate synthase
2.17033293775e-05	3	large subunit of molybdenum enzyme
2.17033293775e-05	3	exosortase K
2.17033293775e-05	3	carbon storage regulator CsrA
2.17033293775e-05	3	FHA modulated ABC efflux pump with fused ATPase and integral membrane subunits
2.17033293775e-05	3	6-aminohexanoate-cyclic-dimer hydrolase
2.17033293775e-05	3	phospholipid carrier-dependent glycosyltransferase, partial
2.17033293775e-05	3	nucleoside triphosphatase, D5 family
2.17033293775e-05	3	carboxymuconolactone decarboxylase, partial
2.17033293775e-05	3	D-isomer specific 2-hydroxyacid dehydrogenase catalytic subunit
2.17033293775e-05	3	termination factor Rho
2.17033293775e-05	3	IS3 family transposase ISDet2
2.17033293775e-05	3	TspO and MBR like protein
2.17033293775e-05	3	ATP-dependent exonuclease V subunit beta
2.17033293775e-05	3	DUF2132 domain-containing protein, partial
2.17033293775e-05	3	putative tRNA-dihydrouridine synthase
2.17033293775e-05	3	MULTISPECIES: peptidase M4 family protein
2.17033293775e-05	3	preprotein translocase SecE subunit
2.17033293775e-05	3	indoleacetamide hydrolase
2.17033293775e-05	3	MULTISPECIES: glycosylasparaginase
2.17033293775e-05	3	UDP-glucose--dolichyl-phosphate glucosyltransferase
2.17033293775e-05	3	Protocatechuate 4,5-dioxygenase alpha chain
2.17033293775e-05	3	toluene-4-monooxygenase system protein A
2.17033293775e-05	3	FAD-dependent cmnm(5)s(2)U34 oxidoreductase, partial
2.17033293775e-05	3	MULTISPECIES: cobalamin biosynthesis protein CobW
2.17033293775e-05	3	MULTISPECIES: azurin
2.17033293775e-05	3	cupin 2 domain-containing protein
2.17033293775e-05	3	glycosyltransferase group 1
2.17033293775e-05	3	MULTISPECIES: 3-hydroxybutyryl-CoA dehydratase
2.17033293775e-05	3	CemA family membrane protein
2.17033293775e-05	3	bifunctional glutathionylspermidine amidase/synthase
2.17033293775e-05	3	secreted protein containing Dienelactone hydrolase
2.17033293775e-05	3	succinate dehydrogenase cytochrome b556 subunit
2.17033293775e-05	3	DUF3105 domain-containing protein
2.17033293775e-05	3	bifunctional heptose 7-phosphate kinase/heptose 1-phosphate adenyltransferase, partial
2.17033293775e-05	3	DUF1360 domain-containing protein
2.17033293775e-05	3	MULTISPECIES: IS3 family transposase ISAzs24
2.17033293775e-05	3	putative RNA ligase
2.17033293775e-05	3	NADH:quinone oxidoreductase
2.17033293775e-05	3	activator of osmoprotectant transporter ProP
2.17033293775e-05	3	leuA allosteric domain protein
2.17033293775e-05	3	LTXXQ domain-containing protein
2.17033293775e-05	3	ferredoxin-NADP(+) reductase subunit alpha
2.17033293775e-05	3	acetaldehyde dehydrogenase (acetylating), partial
2.17033293775e-05	3	Abi-like family protein
2.17033293775e-05	3	ATPase involved in chromosome partitioning
2.17033293775e-05	3	NTF2 enzyme family protein
2.17033293775e-05	3	homoserine/homoserine lactone efflux protein
2.17033293775e-05	3	beta-subunit of protocatechuate 4,5-dioxygenase subunit beta
2.17033293775e-05	3	alkene reductase, partial
2.17033293775e-05	3	WblU protein
2.17033293775e-05	3	HAMP domain-containing histidine kinase, partial
2.17033293775e-05	3	MULTISPECIES: NAD(P)H dehydrogenase
2.17033293775e-05	3	alpha/beta hydrolase fold
2.17033293775e-05	3	TadA ATPase
2.17033293775e-05	3	MULTISPECIES: TAT-dependent nitrous-oxide reductase
2.17033293775e-05	3	Hg(II)-responsive transcriptional regulator, partial
2.17033293775e-05	3	protein mobD
2.17033293775e-05	3	2-alkenal reductase, partial
2.17033293775e-05	3	macrocin-O-methyltransferase TylF
2.17033293775e-05	3	soluble quinoprotein glucose dehydrogenase
2.17033293775e-05	3	stress responsive alpha-beta barrel domain protein
2.17033293775e-05	3	outer membrane fimbrial usher protein SefC
2.17033293775e-05	3	CGGC domain-containing protein
2.17033293775e-05	3	transcriptional regulator FhlA
2.17033293775e-05	3	MULTISPECIES: protein YebE
2.17033293775e-05	3	MULTISPECIES: N-acylglucosamine 2-epimerase
2.17033293775e-05	3	N-formylglutamate amidohydrolase, partial
2.17033293775e-05	3	MULTISPECIES: electron transfer flavoprotein subunit alpha/beta
2.17033293775e-05	3	GABA permease, partial
2.17033293775e-05	3	putative type II modification methyltransferase
2.17033293775e-05	3	DNA-binding transcriptional repressor DeoR
2.17033293775e-05	3	periplasmic component of the Tol biopolymer transport system
2.17033293775e-05	3	AP2 domain protein
2.17033293775e-05	3	MULTISPECIES: bacteriocin production protein
2.17033293775e-05	3	MULTISPECIES: uracil transporter
2.17033293775e-05	3	MULTISPECIES: phage tail sheath protein FI
2.17033293775e-05	3	MULTISPECIES: heme exporter protein CcmD
2.17033293775e-05	3	universal stress protein, partial
2.17033293775e-05	3	protein kinase domain-containing protein
2.17033293775e-05	3	NADPH:quinone dehydrogenase
2.17033293775e-05	3	Inner membrane ABC transporter permease protein YdcV
2.17033293775e-05	3	KpsF/GutQ family sugar isomerase
2.17033293775e-05	3	putative modified peptide
2.17033293775e-05	3	MULTISPECIES: proprotein convertase, P
2.17033293775e-05	3	putative aminomethyltransferase
2.17033293775e-05	3	septicolysin
2.17033293775e-05	3	protease modulator HflC, partial
2.17033293775e-05	3	xanthine dehydrogenase subunit E
2.17033293775e-05	3	two-component system response regulator YehT
2.17033293775e-05	3	galactokinase, partial
2.17033293775e-05	3	lactoylglutathione lyase, partial
2.17033293775e-05	3	ABC-type nitrate/sulfonate/bicarbonate transport system, periplasmic component
2.17033293775e-05	3	holliday junction resolvasome, helicase subunit
2.17033293775e-05	3	MULTISPECIES: creatinine amidohydrolase
2.17033293775e-05	3	MULTISPECIES: DUF3570 domain-containing protein
2.17033293775e-05	3	Gram-negative bacterial tonB protein
2.17033293775e-05	3	auxin-regulated like-protein
2.17033293775e-05	3	DUF3806 domain-containing protein
2.17033293775e-05	3	NTPase KAP, partial
2.17033293775e-05	3	MULTISPECIES: TIGR03746 family integrating conjugative element protein
2.17033293775e-05	3	RES superfamily protein
2.17033293775e-05	3	DUF1189 domain-containing protein
2.17033293775e-05	3	KilA domain protein
2.17033293775e-05	3	RNA polymerase subunit alpha domain protein
2.17033293775e-05	3	galactarate dehydrogenase, partial
2.17033293775e-05	3	Smr domain-containing protein
2.17033293775e-05	3	PilC
2.17033293775e-05	3	MULTISPECIES: ornithine monooxygenase
2.17033293775e-05	3	bifunctional UDP-N-acetylglucosamine diphosphorylase/glucosamine-1-phosphate N-acetyltransferase GlmU
2.17033293775e-05	3	type III restriction-modification system DNA endonuclease res
2.17033293775e-05	3	MULTISPECIES: 2-dehydro-3-deoxyphosphogluconate aldolase
2.17033293775e-05	3	MULTISPECIES: DUF1097 domain-containing protein
2.17033293775e-05	3	MULTISPECIES: amine dehydrogenase
2.17033293775e-05	3	2-dehydro-3-deoxyphosphogluconate aldolase/4-hydroxy-2-oxoglutarate aldolase
2.17033293775e-05	3	alpha-ribazole-5'-phosphate phosphatase
2.17033293775e-05	3	pyridine nucleotide-disulfide oxidoreductase family protein
2.17033293775e-05	3	ADP-ribose-binding protein
2.17033293775e-05	3	adenine specific DNA methylase
2.17033293775e-05	3	MULTISPECIES: transporter-like membrane protein
2.17033293775e-05	3	pathogenicity locus
2.17033293775e-05	3	MULTISPECIES: NADH-quinone oxidoreductase chain J (NADH dehydrogenase I, chain J) (NDH-1, chain J) (NuoJ)
2.17033293775e-05	3	OB-fold tRNA/helicase-type nucleic acid binding protein
2.17033293775e-05	3	methionine synthase homocysteine S-methyltransferase
2.17033293775e-05	3	MULTISPECIES: 2,3-dihydroxybenzoate-AMP ligase
2.17033293775e-05	3	hydroxypyruvate isomerase, partial
2.17033293775e-05	3	toluene 4-monooxygenase A
2.17033293775e-05	3	iron-sulfur cluster assembly protein HesB
2.17033293775e-05	3	MULTISPECIES: molybdate-binding protein
2.17033293775e-05	3	DdaH family protein
2.17033293775e-05	3	chorismate binding enzyme
2.17033293775e-05	3	modification methylase NmeDIP
2.17033293775e-05	3	daunorubicin ABC transporter ATPase
2.17033293775e-05	3	type I secretion outer membrane, TolC family protein
2.17033293775e-05	3	pheromone autoinducer 2 transporter
2.17033293775e-05	3	DUF4006 domain-containing protein
2.17033293775e-05	3	sulfate adenylate transferase
2.17033293775e-05	3	H+transporting two-sector ATPase delta (OSCP) subunit
2.17033293775e-05	3	MULTISPECIES: IS5 family transposase ISFw1
2.17033293775e-05	3	permease component of ABC transporter
2.17033293775e-05	3	protein hesA
2.17033293775e-05	3	gamma-glutamyl phosphate reductase
2.17033293775e-05	3	type IV secretion system protein TraC
2.17033293775e-05	3	protein containing Cadherin domain protein
2.17033293775e-05	3	IS21 family transposase ISAisp7
2.17033293775e-05	3	6-phospho-beta-galactosidase
2.17033293775e-05	3	MULTISPECIES: DUF3613 domain-containing protein
2.17033293775e-05	3	uridine monophosphate kinase
2.17033293775e-05	3	UvrD/REP type DNA helicase
2.17033293775e-05	3	MULTISPECIES: mycofactocin biosynthesis peptidyl-dipeptidase MftE
2.17033293775e-05	3	metyltransferase
2.17033293775e-05	3	NADH-quinone oxidoreductase subunit K 1
2.17033293775e-05	3	SyrB
2.17033293775e-05	3	pentulose/hexulose kinase
2.17033293775e-05	3	concanavalin A lectin/glucanase domain containing protein
2.17033293775e-05	3	MULTISPECIES: ribose-phosphate pyrophosphokinase (RPPK) (Phosphoribosyl pyrophosphate synthetase) (P-Rib-PP synthetase) (PRPP synthetase)
2.17033293775e-05	3	acetylase
2.17033293775e-05	3	MULTISPECIES: peptidoglycan glycosyltransferase FtsI
2.17033293775e-05	3	azoreductase
2.17033293775e-05	3	cardiolipin synthase, partial
2.17033293775e-05	3	relaxase/mobilization nuclease family protein
2.17033293775e-05	3	ribonucleoside-diphosphate reductase class II
2.17033293775e-05	3	O-methyltransferase, partial
2.17033293775e-05	3	P-type conjugative transfer protein TrbL, partial
2.17033293775e-05	3	SPFH domain/Band 7 family protein
2.17033293775e-05	3	NTE family protein rssA
2.17033293775e-05	3	IS5 family transposase ISPa51
2.17033293775e-05	3	Psychrophilic metalloprotease Fpp2 precursor
2.17033293775e-05	3	DUF4274 domain-containing protein
2.17033293775e-05	3	cation:proton antiporter, partial
2.17033293775e-05	3	P-aminobenzoate N-oxygenase AurF
2.17033293775e-05	3	PemK family transcriptional regulator
2.17033293775e-05	3	invasion gene expression up-regulator, SirB
2.17033293775e-05	3	MULTISPECIES: DUF2183 domain-containing protein
2.17033293775e-05	3	protein RecT (P33)
2.17033293775e-05	3	N-methyl-D-aspartate receptor NMDAR2C subunit
2.17033293775e-05	3	glycine cleavage system protein P2 gcvP
2.17033293775e-05	3	cytochrome c oxidase cbb3-type subunit III
2.17033293775e-05	3	single-stranded DNA exonuclease, partial
2.17033293775e-05	3	NADPH:quinone reductase and related Zn-dependent oxidoreductase
2.17033293775e-05	3	Type II restriction enzyme, methylase subunits
2.17033293775e-05	3	tRNA(Ile)-lysidine synthase
2.17033293775e-05	3	ribose ABC transporter ATP-binding protein
2.17033293775e-05	3	Cache sensor hybrid histidine kinase
2.17033293775e-05	3	MULTISPECIES: DUF2202 domain-containing protein
2.17033293775e-05	3	carbamoyl phosphate synthase-like protein
2.17033293775e-05	3	phage shock protein c, pspc
2.17033293775e-05	3	secretin/TonB short domain-containing protein
2.17033293775e-05	3	aspartyl/glutamyl-tRNA amidotransferase subunit B, partial
2.17033293775e-05	3	DUF2597 domain-containing protein
2.17033293775e-05	3	protein convertase
2.17033293775e-05	3	5-methylcytosine restriction component McrB
2.17033293775e-05	3	MULTISPECIES: sugar dehydratase/epimerase yfnG
2.17033293775e-05	3	spore coat polysaccharide biosynthesis protein SpsF
2.17033293775e-05	3	ATP-dependent zinc metalloprotease FtsH protein
2.17033293775e-05	3	mannosyl transferase
2.17033293775e-05	3	two-component system sensor histidine kinase UhpB
2.17033293775e-05	3	minor capsid protein
2.17033293775e-05	3	glycosyl hydrolase BNR repeat-containing glycosyl hydrolase
2.17033293775e-05	3	sigma-E factor negative regulatory protein
2.17033293775e-05	3	MULTISPECIES: protochlorophyllide oxidoreductase
2.17033293775e-05	3	MULTISPECIES: oxidoreductase alpha (molybdopterin) subunit
2.17033293775e-05	3	bifunctional 3,4-dihydroxy-2-butanone 4-phosphate synthase/GTP cyclohydrolase II protein
2.17033293775e-05	3	asparagine synthase, partial
2.17033293775e-05	3	succinoglycan biosynthesis ketolase
2.17033293775e-05	3	HNH endonuclease-like protein
2.17033293775e-05	3	MULTISPECIES: pyrrolo-quinoline quinone repeat-containing protein
2.17033293775e-05	3	MULTISPECIES: host specificity protein
2.17033293775e-05	3	gamma carboxylase
2.17033293775e-05	3	deoxyguanylate kinase / guanylate kinase
2.17033293775e-05	3	numod4 motif family protein
2.17033293775e-05	3	molybdopterin converting factor, subunit 2
2.17033293775e-05	3	DUF3078 domain-containing protein, partial
2.17033293775e-05	3	putative integral membrane protein
2.17033293775e-05	3	ISNCY family transposase ISAjo2
2.17033293775e-05	3	fatty acid synthesis plsX protein
2.17033293775e-05	3	methylmalonic aciduria and homocystinuria type D protein
2.17033293775e-05	3	D-allose transporter ATP-binding protein
2.17033293775e-05	3	benzil reductase
2.17033293775e-05	3	wbpG, partial
2.17033293775e-05	3	protein serine/threonine phosphatase 2C family protein
2.17033293775e-05	3	domain containing protein
2.17033293775e-05	3	L-sulfolactate dehydrogenase-like (R)-2-hydroxyacid dehydrogenase
2.17033293775e-05	3	phosphoadenosine phosphosulfate sulfotransferase
2.17033293775e-05	3	MULTISPECIES: anthranilate dioxygenase reductase
2.17033293775e-05	3	MSHA biogenesis protein MshB
2.17033293775e-05	3	PQQ-dependent enzyme-like protein
2.17033293775e-05	3	MULTISPECIES: type VI secretion system protein
2.17033293775e-05	3	plastoquinol terminal oxidase
2.17033293775e-05	3	DUF4855 domain-containing protein
2.17033293775e-05	3	nitrate ABC transporter ATP-binding protein, partial
2.17033293775e-05	3	endonuclease, Z1 domain-containing protein
2.17033293775e-05	3	RTX toxins family Ca2+-binding protein
2.17033293775e-05	3	ABC daunorubicin resistance ATP-binding protein
2.17033293775e-05	3	MULTISPECIES: PTS glucose transporter subunit IIA
2.17033293775e-05	3	MULTISPECIES: L-fucose isomerase
2.17033293775e-05	3	RND multidrug efflux transporter; Acriflavin resistance protein
2.17033293775e-05	3	IS1182 family transposase ISFba3
2.17033293775e-05	3	MULTISPECIES: ferrous iron transporter
2.17033293775e-05	3	rRNA (guanine-N(2)-)-methyltransferase
2.17033293775e-05	3	COX2/NosJ periplasmic domain protein
2.17033293775e-05	3	lytic transglycosylase catalytic
2.17033293775e-05	3	voltage gated chloride channel family protein
2.17033293775e-05	3	MULTISPECIES: cytochrome c biogenesis protein DipZ
2.17033293775e-05	3	flagella basal body P-ring formation protein FlgA, partial
2.17033293775e-05	3	SRRM2 serine/arginine repetitive matrix protein 2
2.17033293775e-05	3	Nif3-like dinuclear metal center hexameric protein, partial
2.17033293775e-05	3	MULTISPECIES: Vat family streptogramin A O-acetyltransferase
2.17033293775e-05	3	Geosmin synthase, partial
2.17033293775e-05	3	4-hydroxy-2-oxoglutarate aldolase
2.17033293775e-05	3	MULTISPECIES: altronate hydrolase
2.17033293775e-05	3	MULTISPECIES: alpha-1,3/4-fucosidase
2.17033293775e-05	3	malate/lactate dehydrogenase
2.17033293775e-05	3	50S rRNA methyltransferase, partial
2.17033293775e-05	3	glycoside hydrolase family 30
2.17033293775e-05	3	23S rRNA (adenine(2503)-C2)-methyltransferase
2.17033293775e-05	3	MULTISPECIES: Tol-Pal system protein TolB
2.17033293775e-05	3	type I secretion target GGXGXDXXX repeat protein
2.17033293775e-05	3	MULTISPECIES: N(G),N(G)-dimethylarginine dimethylaminohydrolase
2.17033293775e-05	3	phosphate/phosphonate ABC transporter permease
2.17033293775e-05	3	DUF4286 domain-containing protein, partial
2.17033293775e-05	3	MULTISPECIES: cell division protein FtsJ
2.17033293775e-05	3	sporadic carbohydrate cluster 2OG-Fe(II) oxygenase
2.17033293775e-05	3	MULTISPECIES: DUF1874 domain-containing protein
2.17033293775e-05	3	IS630 family transposase ISPna1
2.17033293775e-05	3	PIN domain nuclease, partial
2.17033293775e-05	3	NodT family RND efflux system outer membrane lipoprotein
2.17033293775e-05	3	putative transcriptional regulator with HTH domain
2.17033293775e-05	3	xylose operon regulatory protein
2.17033293775e-05	3	MULTISPECIES: large conductance mechanosensitive channel protein MscL
2.17033293775e-05	3	Putative membrane protein YeiH
2.17033293775e-05	3	peptidase M38, partial
2.17033293775e-05	3	serine peptidase precursor; fibronectin type III domain; signal peptide
2.17033293775e-05	3	glycan metabolism protein
2.17033293775e-05	3	MULTISPECIES: rRNA methylase
2.17033293775e-05	3	MULTISPECIES: hydrogenase expression protein
2.17033293775e-05	3	Fe2-S2-type ferredoxin
2.17033293775e-05	3	MULTISPECIES: bicarbonate-binding protein
2.17033293775e-05	3	GPW/gp25 family protein
2.17033293775e-05	3	BLLF1 multi-domain protein
2.17033293775e-05	3	dimethylsulfide dehydrogenase
2.17033293775e-05	3	type I restriction-modification protein subunit S
2.17033293775e-05	3	YVTN family beta-propeller repeat protein
2.17033293775e-05	3	putative Multicopper oxidase
2.17033293775e-05	3	bifunctional riboflavin kinase/FMN adenylyltransferase, partial
2.17033293775e-05	3	sigma E positive regulator RseC/MucC
2.17033293775e-05	3	split soret cytochrome C precursor
2.17033293775e-05	3	acetoin dehydrogenase E1 component alpha-subunit
2.17033293775e-05	3	WD40 domain-containing protein
2.17033293775e-05	3	gliding motility ABC transporter auxillary protein
2.17033293775e-05	3	MULTISPECIES: benzoate 1,2-dioxygenase electron transfer component
2.17033293775e-05	3	mannosyl-oligosaccharide glucosidase
2.17033293775e-05	3	DNA utilization protein GntX
2.17033293775e-05	3	type I restriction/modification system, S subunit
2.17033293775e-05	3	MULTISPECIES: UDP-N-acetylglucosamine diphosphorylase
2.17033293775e-05	3	MULTISPECIES: formyl transferase
2.17033293775e-05	3	cell cycle regulator GcrA
2.17033293775e-05	3	glycyl aminopeptidase
2.17033293775e-05	3	ParB-like partition protein
2.17033293775e-05	3	DNA helicase UvrBC
2.17033293775e-05	3	ubiquinol-cytochrome c reductase cytochrome b subunit, partial
2.17033293775e-05	3	MULTISPECIES: glycosyl hydrolase family 88
2.17033293775e-05	3	MULTISPECIES: undecaprenyl-diphosphatase UppP
2.17033293775e-05	3	MULTISPECIES: multidrug transporter NorM
2.17033293775e-05	3	Mg2+ transporter-C, MgtC family
2.17033293775e-05	3	MULTISPECIES: cyclic diguanylate phosphodiesterase
2.17033293775e-05	3	Excinuclease ABC C subunit domain protein
2.17033293775e-05	3	MULTISPECIES: DUF4307 domain-containing protein
2.17033293775e-05	3	MULTISPECIES: tail sheath stabilizer and completion protein
2.17033293775e-05	3	sulfate ABC transporter ATP-binding protein, partial
2.17033293775e-05	3	MULTISPECIES: protogloblin ApPgb
2.17033293775e-05	3	Phosphoribosyl-ATP pyrophosphatase protein
2.17033293775e-05	3	MULTISPECIES: DUF927 domain-containing protein
2.17033293775e-05	3	23S rRNA (guanine(2445)-N(2))/(guanine(2069)-N(7))-methyltransferase, partial
2.17033293775e-05	3	formate efflux transporter
2.17033293775e-05	3	AAA ATPase central domain-containing protein
2.17033293775e-05	3	MULTISPECIES: segregation protein B
2.17033293775e-05	3	two component LuxR family transcriptional regulator
2.17033293775e-05	3	RNA polymerase sigma-32 factor
2.17033293775e-05	3	low molecular weight phosphotyrosine protein phosphatase, partial
2.17033293775e-05	3	sensor protein gacS
2.17033293775e-05	3	NodS family protein
2.17033293775e-05	3	metalloprotease PmbA, partial
2.17033293775e-05	3	MULTISPECIES: photosystem II reaction center protein PsbZ
2.17033293775e-05	3	D-alanine--D-alanine ligase, partial
2.17033293775e-05	3	4-hydroxyproline epimerase
2.17033293775e-05	3	cobalamin biosynthesis protein CobG
2.17033293775e-05	3	cobalamin biosynthesis protein CobN
2.17033293775e-05	3	immunoglobulin-binding regulator A, partial
2.17033293775e-05	3	BRO domain protein
2.17033293775e-05	3	farnesyl-diphosphate farnesyltransferase
2.17033293775e-05	3	pyridoxal phosphate biosynthetic protein
2.17033293775e-05	3	N-methylhydantoinase B protein
2.17033293775e-05	3	MULTISPECIES: essential recombination function protein
2.17033293775e-05	3	succinylglutamate desuccinylase/aspartoacylase domain protein
2.17033293775e-05	3	type IV secretion protein IcmS
2.17033293775e-05	3	TadB protein
2.17033293775e-05	3	putative peptide modification system cyclase
2.17033293775e-05	3	prophage antirepressor
2.17033293775e-05	3	MULTISPECIES: DUF3007 domain-containing protein
2.17033293775e-05	3	major vault protein
2.17033293775e-05	3	20S proteasome subunit A/B
2.17033293775e-05	3	vitamin B12 transporter btuB precursor
2.17033293775e-05	3	molybdopterin guanine dinucleotide biosynthesis protein MoaE
2.17033293775e-05	3	MULTISPECIES: pca operon transcription factor PcaQ
2.17033293775e-05	3	putative ABC transporter permease/ATP-binding protein
2.17033293775e-05	3	MULTISPECIES: gluconate 5-dehydrogenase Gno
2.17033293775e-05	3	MULTISPECIES: acetoin utilization protein acuB
2.17033293775e-05	3	DNA methylase N-4/N-6 domain protein
2.17033293775e-05	3	MULTISPECIES: AP endonuclease
2.17033293775e-05	3	soluble lytic transglycosylase
2.17033293775e-05	3	MULTISPECIES: DUF1254 domain-containing protein
2.17033293775e-05	3	multidrug resistance protein MdtN
2.17033293775e-05	3	multidrug resistance protein MdtC
2.17033293775e-05	3	xylose ABC transporter substrate-binding protein
2.17033293775e-05	3	mannose-1-phosphate guanylyltransferase, partial
2.17033293775e-05	3	MULTISPECIES: ATP-dependent metalloprotease FtsH
2.17033293775e-05	3	MULTISPECIES: UDP-phosphate galactose phosphotransferase
2.17033293775e-05	3	MULTISPECIES: UDP-glucosyltransferase
2.17033293775e-05	3	radical SAM mobile pair protein B
2.17033293775e-05	3	Sensor histidine kinase ChvG
2.17033293775e-05	3	MULTISPECIES: type VI secretion protein ImpA
2.17033293775e-05	3	tolB protein
2.17033293775e-05	3	ISAs1 family transposase ISAsp2
2.17033293775e-05	3	outer membrane vitamin B12 receptor BtuB
2.17033293775e-05	3	MULTISPECIES: oxidoreductase, NAD-binding domain protein
2.17033293775e-05	3	type I-MYXAN CRISPR-associated protein Cas6/Cmx6
2.17033293775e-05	3	arsenite oxidase
2.17033293775e-05	3	MULTISPECIES: DUF2480 domain-containing protein
2.17033293775e-05	3	HemY domain-containing protein
2.17033293775e-05	3	aerobic-type carbon monoxide dehydrogenase middle subunit CoxM/CutM-like protein
2.17033293775e-05	3	MULTISPECIES: bifunctional 3'-5' exonuclease/DNA polymerase
2.17033293775e-05	3	auxin-responsive GH3-related protein
2.17033293775e-05	3	MULTISPECIES: DUF4243 domain-containing protein
2.17033293775e-05	3	NAD(+) diphosphatase
2.17033293775e-05	3	gamma-aminobutyrate--alpha-ketoglutarate aminotransferase
2.17033293775e-05	3	cysteine biosynthesis protein
2.17033293775e-05	3	gliding motility protein Gldf
2.17033293775e-05	3	PLP-dependent lyase/thiolase, partial
2.17033293775e-05	3	conjugal transfer protein TrbN
2.17033293775e-05	3	sugar-binding periplasmic protein
2.17033293775e-05	3	MULTISPECIES: TIGR02587 family membrane protein
2.17033293775e-05	3	ioquinoline 1-oxidoreductase
2.17033293775e-05	3	Apolipoprotein N-acyltransferase-like protein
2.17033293775e-05	3	RepA
2.17033293775e-05	3	polypeptide-transport-associated protein FtsQ
2.17033293775e-05	3	periplasmic-binding protein
2.17033293775e-05	3	MULTISPECIES: type VI secretion system ImpA domain-containing protein
2.17033293775e-05	3	alpha/beta fold family hydrolase
2.17033293775e-05	3	MULTISPECIES: ISNCY family transposase
2.17033293775e-05	3	pentose-5-phosphate 3-epimerase
2.17033293775e-05	3	MULTISPECIES: butyrate kinase
2.17033293775e-05	3	hydrogenase subunit beta
2.17033293775e-05	3	PKD repeat protein
2.17033293775e-05	3	cephalosporin deacetylase
2.17033293775e-05	3	RecA/RadA recombinase
2.17033293775e-05	3	MULTISPECIES: VanW family protein
2.17033293775e-05	3	exopolysaccharide biosynthesis protein EpsL
2.17033293775e-05	3	ParB domain protein nuclease
2.17033293775e-05	3	MULTISPECIES: TonB family protein
2.17033293775e-05	3	phosphoribose diphosphate--decaprenyl-phosphate phosphoribosyltransferase
2.17033293775e-05	3	Biodegradative arginine decarboxylase
2.17033293775e-05	3	MULTISPECIES: N-succinylarginine dihydrolase
2.17033293775e-05	3	DUF3185 domain-containing protein
2.17033293775e-05	3	methyl-accepting chemotaxis transducer/sensory box protein
2.17033293775e-05	3	photosystem reaction center protein H, partial
2.17033293775e-05	3	glutathione ABC transporter ATP-binding protein, partial
2.17033293775e-05	3	MULTISPECIES: RNA 2',3'-cyclic phosphodiesterase
2.17033293775e-05	3	recE
2.17033293775e-05	3	DUF4865 domain-containing protein
2.17033293775e-05	3	restriction-modification system endonuclease
2.17033293775e-05	3	c-type cytochrome biogenesis protein
2.17033293775e-05	3	head morphogenesis protein, partial
2.17033293775e-05	3	putative pyridoxal phosphate-dependent enzyme
2.17033293775e-05	3	HlyB/MsbA family ABC transporter
2.17033293775e-05	3	DUF327 domain-containing protein
2.17033293775e-05	3	alpha-1,4-glucosidase
2.17033293775e-05	3	MULTISPECIES: DUF123 domain-containing protein
2.17033293775e-05	3	MULTISPECIES: glycoside hydrolase family 95
2.17033293775e-05	3	MULTISPECIES: thiol-disulfide oxidoreductase
2.17033293775e-05	3	gliding motility protein GldD
2.17033293775e-05	3	MULTISPECIES: transcription antiterminator LicT
2.17033293775e-05	3	MULTISPECIES: helicase UvrD
2.17033293775e-05	3	IS3 family transposase ISDpr3
2.17033293775e-05	3	fatty acid hydroxylase-like protein
2.17033293775e-05	3	UV damage repair endonuclease UvdE
2.17033293775e-05	3	phosphoribosylformylglycinamidine synthase 2
2.17033293775e-05	3	aminotransferase DegT, partial
2.17033293775e-05	3	ParA family protein, partial
2.17033293775e-05	3	D-glycero-D-manno-heptose 1-phosphate kinase
2.17033293775e-05	3	chaperonin HslO
2.17033293775e-05	3	deoxyUTP pyrophosphatase
2.17033293775e-05	3	SctF chaperone SctG
2.17033293775e-05	3	prpF family protein
2.17033293775e-05	3	serralysin-like metalloprotease
2.17033293775e-05	3	Immunoglobulin I-set domain-containing protein
2.17033293775e-05	3	NRAMP family metal ion transporter
2.17033293775e-05	3	type II pantothenate kinase
2.17033293775e-05	3	riboflavin-specific deaminase
2.17033293775e-05	3	Animal heme peroxidase
2.17033293775e-05	3	aromatic aldehyde oxidoreductase FAD-binding subunit
2.17033293775e-05	3	DNA ligase i, ATP-dependent dnl1
2.17033293775e-05	3	peptidase S41 protein
2.17033293775e-05	3	prokaryotic ubiquitin-like protein Pup
2.17033293775e-05	3	flavin reductase-like protein, FlaRed superfamily
2.17033293775e-05	3	IS3 family transposase ISLbl2
2.17033293775e-05	3	Ni/Fe-hydrogenase 1 b-type cytochrome subunit
2.17033293775e-05	3	MULTISPECIES: DUF427 domain-containing protein
2.17033293775e-05	3	polysaccharide biosynthesis protein GtrA
2.17033293775e-05	3	MULTISPECIES: DUF2865 domain-containing protein
2.17033293775e-05	3	lipoprotein signal peptide
2.17033293775e-05	3	MULTISPECIES: cation transporter-like membrane protein
2.17033293775e-05	3	Superfamily II helicase
2.17033293775e-05	3	colicin E2 immunity protein
2.17033293775e-05	3	glycoprotein
2.17033293775e-05	3	alkyl hydroperoxide reductase/thiol specific antioxidant/Mal allergen
2.17033293775e-05	3	NADH-quinone oxidoreductase subunit M, partial
2.17033293775e-05	3	MULTISPECIES: RNA ligase (ATP)
2.17033293775e-05	3	alpha-ketoglutarate-dependent dioxygenase AlkB, partial
2.17033293775e-05	3	subfamily IIIC HAD-superfamily phosphatase
2.17033293775e-05	3	MULTISPECIES: 2-dehydro-3-deoxygluconokinase
2.17033293775e-05	3	Secreted enzyme
2.17033293775e-05	3	MULTISPECIES: glutamine synthetase type III
2.17033293775e-05	3	PF07603 family protein
2.17033293775e-05	3	Iron permease FTR1
2.17033293775e-05	3	MULTISPECIES: DUF2285 domain-containing protein
2.17033293775e-05	3	acyl-CoA thioesterase, partial
2.17033293775e-05	3	molybdate ABC transporter permease
2.17033293775e-05	3	sulfurtransferase-like selenium metabolism protein YedF
2.17033293775e-05	3	MULTISPECIES: NADH-ubiquinone oxidoreductase
2.17033293775e-05	3	FkbM family methyltransferase, partial
2.17033293775e-05	3	aldehyde oxidase and xanthine dehydrogenase molybdopterin binding
2.17033293775e-05	3	MULTISPECIES: DUF2811 domain-containing protein
2.17033293775e-05	3	DNA2/NAM7 helicase
2.17033293775e-05	3	MULTISPECIES: polysaccharide export protein
2.17033293775e-05	3	intein splicing region
2.17033293775e-05	3	type IV-A pilus assembly ATPase PilB, partial
2.17033293775e-05	3	meta domain protein
2.17033293775e-05	3	D-ribose ABC transporter substrate-binding protein RbsB
2.17033293775e-05	3	outer membrane cobalamin receptor protein BtuB
2.17033293775e-05	3	FAD:protein FMN transferase, partial
2.17033293775e-05	3	peptidase S26
2.17033293775e-05	3	kelch-like 1 protein
2.17033293775e-05	3	precorrin-3B C(17)-methyltransferase, partial
2.17033293775e-05	3	MULTISPECIES: Thiamin biosynthesis lipoprotein ApbE
2.17033293775e-05	3	IS1595 family transposase ISNwi3
2.17033293775e-05	3	UDP-2,3-diacylglucosamine diphosphatase, partial
2.17033293775e-05	3	glycoside hydrolase family 92 protein
2.17033293775e-05	3	multidrug transporter subunit MdtD
2.17033293775e-05	3	MULTISPECIES: phosphonate ABC transporter permease
2.17033293775e-05	3	V-type ATP synthase beta chain
2.17033293775e-05	3	MULTISPECIES: glycerol dehydratase
2.17033293775e-05	3	Peptidoglycan synthase FtsI precursor
2.17033293775e-05	3	Heme exporter protein C
2.17033293775e-05	3	DUF2887 domain-containing protein, partial
2.17033293775e-05	3	transcription termination factor NusA, partial
2.17033293775e-05	3	Transcriptional regulator, MerR family
2.17033293775e-05	3	restriction enzyme subunit subunit
2.17033293775e-05	3	lipid-A-disaccharide synthase, partial
2.17033293775e-05	3	ATPase AAA+ type core domain protein
2.17033293775e-05	3	MULTISPECIES: DUF3141 domain-containing protein
2.17033293775e-05	3	streptomycin biosynthesis enzyme StrG
2.17033293775e-05	3	bifunctional glyoxylate/hydroxypyruvate reductase A
2.17033293775e-05	3	WavE lipopolysaccharide synthesis
2.17033293775e-05	3	ATP-dependent protease, partial
2.17033293775e-05	3	DUF951 domain-containing protein
2.17033293775e-05	3	polysaccharide biosynthesis/export family protein
2.17033293775e-05	3	sensor
2.17033293775e-05	3	glycosyl hydrolase family 92, partial
2.17033293775e-05	3	DUF164 domain-containing protein
2.17033293775e-05	3	Heme/copper-type cytochrome/quinol oxidase subunit 3
2.17033293775e-05	3	MtN3 and saliva related protein
2.17033293775e-05	3	phage protein, siphovirus Gp157 family
2.17033293775e-05	3	Fe2+-dicitrate sensor, membrane component
2.17033293775e-05	3	lipoprotein NMB1124/NMB1162
2.17033293775e-05	3	MULTISPECIES: 6-phospho-beta-glucosidase
2.17033293775e-05	3	MULTISPECIES: type IV pilin structural subunit
2.17033293775e-05	3	peptide methionine sulfoxide reductase MsrB
2.17033293775e-05	3	high frequency lysogenization protein HflD
2.17033293775e-05	3	ectoine hydrolase DoeA
2.17033293775e-05	3	MULTISPECIES: fructose-1,6-bisphosphate aldolase, class II
2.17033293775e-05	3	flagellar L-ring protein precursor FlgH
2.17033293775e-05	3	glycoside hydrolase family 105 protein
2.17033293775e-05	3	MULTISPECIES: sulfate-binding protein
2.17033293775e-05	3	MULTISPECIES: mannuronate-specific alginate lyase
2.17033293775e-05	3	enterobactin synthase subunit F
2.17033293775e-05	3	TRAP-type C4-dicarboxylate transport system, large permease component
2.17033293775e-05	3	UmuD protein
2.17033293775e-05	3	monosaccharide ABC transporter substrate-binding protein, CUT2 family
2.17033293775e-05	3	5-nucleotide phosphatase
2.17033293775e-05	3	toxin HigB-2
2.17033293775e-05	3	photosystem II reaction center protein M
2.17033293775e-05	3	PIF1 helicase
2.17033293775e-05	3	carbon starvation protein A, partial
2.17033293775e-05	3	vitamin B12 ABC transporter permease BtuC
2.17033293775e-05	3	MULTISPECIES: PolC-type DNA polymerase III
2.17033293775e-05	3	protoporphyrinogen oxidase, partial
2.17033293775e-05	3	DUF2721 domain-containing protein, partial
2.17033293775e-05	3	Ni/Fe hydrogenase subunit gamma
2.17033293775e-05	3	putative metal dependent phosphohydrolase
2.17033293775e-05	3	putative septum formation initiator
2.17033293775e-05	3	DUF935 domain-containing protein, partial
2.17033293775e-05	3	ABC transporter permease protein
2.17033293775e-05	3	vanillate monooxygenase subunit alpha
2.17033293775e-05	3	MULTISPECIES: type IV conjugative transfer system protein TraV
2.17033293775e-05	3	putative acyl protein synthase/acyl-CoA reductase-like protein
2.17033293775e-05	3	protein Mom, partial
2.17033293775e-05	3	DNA primase/helicase
2.17033293775e-05	3	NCAIR mutase (PurE)-related protein
2.17033293775e-05	3	type I restriction-modification system subunit R
2.17033293775e-05	3	MULTISPECIES: nitrate/sulfonate/bicarbonate ABC transporter substrate-binding protein
2.17033293775e-05	3	glycine betaine ABC transporter ATP-binding protein
2.17033293775e-05	3	MULTISPECIES: exoribonuclease R
2.17033293775e-05	3	4-nitrophenylphosphatase
2.17033293775e-05	3	IS3 family transposase ISAtu4
2.17033293775e-05	3	3-alpha(or 20-beta)-hydroxysteroid dehydrogenase
2.17033293775e-05	3	L-ascorbate oxidase
2.17033293775e-05	3	serine-tRNA(Ala) deacylase AlaX
2.17033293775e-05	3	type III-B CRISPR module-associated protein Cmr5
2.17033293775e-05	3	MULTISPECIES: aromatic alcohol reductase
2.17033293775e-05	3	MULTISPECIES: phosphate starvation-inducible protein PsiF
2.17033293775e-05	3	MULTISPECIES: nicotinate-nucleotide diphosphorylase
2.17033293775e-05	3	LPXTG-domain-containing protein cell wall anchor domain
2.17033293775e-05	3	WD domain, G-beta repeat family protein
2.17033293775e-05	3	CoA-binding domain-containing protein
2.17033293775e-05	3	McnA protein
2.17033293775e-05	3	MULTISPECIES: GMC oxidoreductase
2.17033293775e-05	3	MULTISPECIES: 30S ribosomal protein Ycf65
2.17033293775e-05	3	intracellular septation protein
2.17033293775e-05	3	5-keto-2-deoxy-D-gluconate-6 phosphate aldolase
2.17033293775e-05	3	H+ translocating pyrophosphate synthase
2.17033293775e-05	3	DUF3540 domain-containing protein
2.17033293775e-05	3	type VI secretion-associated lipoprotein TagQ
2.17033293775e-05	3	ISAzo13 family transposase ISCph5
2.17033293775e-05	3	ABC oligopeptide transporter, partial
2.17033293775e-05	3	putative cytoplasmic protein
2.17033293775e-05	3	panthothenate synthetase
2.17033293775e-05	3	beta-cystathionase
2.17033293775e-05	3	DUF4040 domain-containing protein
2.17033293775e-05	3	transcriptional regulator SgrR
2.17033293775e-05	3	MULTISPECIES: formate hydrogenlyase
2.17033293775e-05	3	ISAzo13 family transposase ISMfu1
2.17033293775e-05	3	MULTISPECIES: bacteriocin cleavage/export ABC transporter
2.17033293775e-05	3	recombination protein RecR, partial
2.17033293775e-05	3	MULTISPECIES: glycosyltransferase family 8 protein
2.17033293775e-05	3	MULTISPECIES: zinc ribbon domain-containing protein
2.17033293775e-05	3	photopigment and puc expression activator
2.17033293775e-05	3	acyl-CoA dehydrogenase domain protein, partial
2.17033293775e-05	3	IS3 family transposase ISVisp4
2.17033293775e-05	3	MULTISPECIES: phosphonate metabolism protein/1,5-bisphosphokinase (PRPP-forming) PhnN
2.17033293775e-05	3	MULTISPECIES: acylhydrolase
2.17033293775e-05	3	TFIIB-type zinc ribbon-containing protein
2.17033293775e-05	3	MULTISPECIES: autotransporter protein
2.17033293775e-05	3	copper-exporting ATPase, partial
2.17033293775e-05	3	DUF2514 domain-containing protein
2.17033293775e-05	3	sulfite reductase subunit beta
2.17033293775e-05	3	DUF490 domain-containing protein, partial
2.17033293775e-05	3	NUMOD4 domain-containing protein
2.17033293775e-05	3	nitrate-binding protein nrtA, periplasmic
2.17033293775e-05	3	adventurous gliding motility protein W
2.17033293775e-05	3	spermidine/putrescine ABC transporter permease/substrate-binding protein PotCD
2.17033293775e-05	3	Site-specific DNA methylase
2.17033293775e-05	3	ADP-ribosyl-(dinitrogen reductase) hydrolase
2.17033293775e-05	3	MULTISPECIES: rRNA maturation factor
2.17033293775e-05	3	MULTISPECIES: (R)-hydratase
2.17033293775e-05	3	MULTISPECIES: sirohydrochlorin chelatase
2.17033293775e-05	3	adenine-specific methyltransferase
2.17033293775e-05	3	MULTISPECIES: lipid ABC transporter permease/ATP-binding protein
2.17033293775e-05	3	cytochrome c3
2.17033293775e-05	3	TraR/DksA family transcriptional regulator, partial
2.17033293775e-05	3	DUF5054 domain-containing protein
2.17033293775e-05	3	MULTISPECIES: recombinase RecF
2.17033293775e-05	3	arginine decarboxylase biosynthetic
2.17033293775e-05	3	alginate biosynthesis protein, partial
2.17033293775e-05	3	conjugal transfer protein TraY
2.17033293775e-05	3	conjugal transfer protein TraO
2.17033293775e-05	3	scaffolding protein
2.17033293775e-05	3	type II/IV secretion system protein E
2.17033293775e-05	3	type VI secretion protein ImpG
2.17033293775e-05	3	tRNA preQ1(34) S-adenosylmethionine ribosyltransferase-isomerase QueA, partial
2.17033293775e-05	3	deubiquitinase
2.17033293775e-05	3	phosphatidylinositol mannoside acyltransferase, partial
2.17033293775e-05	3	MULTISPECIES: ammonia-forming cytochrome c nitrite reductase subunit c552
2.17033293775e-05	3	putative LysR family transcriptional regulator
2.17033293775e-05	3	MULTISPECIES: beta-Ig-H3/fasciclin
2.17033293775e-05	3	cell wall protein
2.17033293775e-05	3	type III-A CRISPR-associated RAMP protein Csm3
2.17033293775e-05	3	MULTISPECIES: pili assembly chaperone
2.17033293775e-05	3	pH-dependent serine endoprotease DegQ
2.17033293775e-05	3	ribosomal biogenesis GTPase
2.17033293775e-05	3	MULTISPECIES: mycothiol conjugate amidase Mca
2.17033293775e-05	3	oxidoreductase, 2OG-Fe(II) oxygenase
2.17033293775e-05	3	MULTISPECIES: PEGA domain-containing protein
2.17033293775e-05	3	MULTISPECIES: secretion activator protein
2.17033293775e-05	3	MULTISPECIES: maltose ABC transporter substrate-binding protein
2.17033293775e-05	3	MULTISPECIES: acyl-CoA oxidase
2.17033293775e-05	3	toluene tolerance, Ttg2 family protein
2.17033293775e-05	3	4-dihydromethyl-trisporate dehydrogenase
2.17033293775e-05	3	BlaR1 family beta-lactam sensor/signal transducer
2.17033293775e-05	3	IS66 family transposase ISBj7_B
2.17033293775e-05	3	nickase, partial
2.17033293775e-05	3	HK97 family phage portal protein
2.17033293775e-05	3	heme/steroid-binding protein
2.17033293775e-05	3	auxiliary transporter membrane fusion protein
2.17033293775e-05	3	bsaAI
2.17033293775e-05	3	putative Secretion protein HlyD precursor
2.17033293775e-05	3	MULTISPECIES: zinc ABC transporter permease
2.17033293775e-05	3	TonB-system energizer ExbB
2.17033293775e-05	3	MULTISPECIES: photosystem II reaction center protein Psb28
2.17033293775e-05	3	surface presentation of antigens (spoa) protein
2.17033293775e-05	3	MULTISPECIES: long-chain-fatty-acyl-CoA reductase
2.17033293775e-05	3	MULTISPECIES: maltose ABC transporter substrate-binding protein MalE
2.17033293775e-05	3	ADP-ribosylating toxin
2.17033293775e-05	3	putative dihydrolipoamide acyltransferase
2.17033293775e-05	3	transmembrane ion channel
2.17033293775e-05	3	MULTISPECIES: alginate regulatory protein
2.17033293775e-05	3	MULTISPECIES: DUF1727 domain-containing protein
2.17033293775e-05	3	phuR protein
2.17033293775e-05	3	wbpP
2.17033293775e-05	3	NinG family protein
2.17033293775e-05	3	MULTISPECIES: thiol-disulfide isomerase
2.17033293775e-05	3	NAD-dependent oxidoreductase
2.17033293775e-05	3	MULTISPECIES: tricarboxylic transporter
2.17033293775e-05	3	transmembane regulator of protease
2.17033293775e-05	3	S-transferase
2.17033293775e-05	3	clavaldehyde dehydrogenase
2.17033293775e-05	3	medium-chain-fatty-acid--CoA ligase
2.17033293775e-05	3	MULTISPECIES: Phyllosphere-induced regulator PhyR
2.17033293775e-05	3	diaminopimelate epimerase 1
2.17033293775e-05	3	outer membrane lipid asymmetry maintenance protein MlaD, partial
2.17033293775e-05	3	malate dehydrogenase (acceptor), partial
2.17033293775e-05	3	photosystem II complex extrinsic protein precursor U
2.17033293775e-05	3	protein containing DUF1549, partial
2.17033293775e-05	3	DNA degradation protein EddB
2.17033293775e-05	3	type II secretory protein PulC
2.17033293775e-05	3	putative Sensor protein
2.17033293775e-05	3	transmembrane carbonic anhydrase SulP
2.17033293775e-05	3	hemagglutination activity domain-containing protein
2.17033293775e-05	3	DUF416 domain-containing protein
2.17033293775e-05	3	MULTISPECIES: O-succinylhomoserine (thiol)-lyase
2.17033293775e-05	3	NAD(P)H steroid dehydrogenase
2.17033293775e-05	3	MULTISPECIES: NHLP bacteriocin export ABC transporter permease/ATPase subunit
2.17033293775e-05	3	beta-L-N-acetylhexosaminidase
2.17033293775e-05	3	magnesium binding protein
2.17033293775e-05	3	MULTISPECIES: cell division topological specificity factor
2.17033293775e-05	3	MULTISPECIES: competence protein ComM
2.17033293775e-05	3	pilus assembly protein PilC, partial
2.17033293775e-05	3	phage tail fiber-like protein
2.17033293775e-05	3	alkyl hydroperoxide reductase/ thiol specific antioxidant/ Mal allergen
2.17033293775e-05	3	septum formation inhibitor MinC
2.17033293775e-05	3	RNA-dependent DNA polymerase, partial
2.17033293775e-05	3	secreted protein containing Lipase GDSL domain protein
2.17033293775e-05	3	Chondroitin polymerase
2.17033293775e-05	3	MULTISPECIES: carbohydrate esterase
2.17033293775e-05	3	major spike protein G
2.17033293775e-05	3	putative N-formylglutamate amidohydrolase family protein
2.17033293775e-05	3	Alpha-2-macroglobulin, N-terminal:Alpha-2-macroglobulin, N-terminal 2, partial
2.17033293775e-05	3	IS1 family transposase ISMae3
2.17033293775e-05	3	methyltransferase GidB
2.17033293775e-05	3	ATP dependent helicase Lhr family
2.17033293775e-05	3	O-antigen-like protein
2.17033293775e-05	3	MULTISPECIES: cytochrome b6-f complex subunit 4
2.17033293775e-05	3	MULTISPECIES: ligase
2.17033293775e-05	3	MULTISPECIES: formate transporter
2.17033293775e-05	3	MULTISPECIES: aminopeptidase PepB
2.17033293775e-05	3	tetrapyrrole methylase, partial
2.17033293775e-05	3	BioY family protein
2.17033293775e-05	3	MULTISPECIES: galactitol-1-phosphate 5-dehydrogenase
2.17033293775e-05	3	DUF441 domain-containing protein
2.17033293775e-05	3	MULTISPECIES: pyrimidine utilization protein A
2.17033293775e-05	3	response regulator receiver:ATP-binding region, ATPase-like:histidine kinase A, N-terminal:Hpt
2.17033293775e-05	3	xanthine dehydrogenase accessory factor subfamily
2.17033293775e-05	3	lesion bypass DNA polymerase V UmuD
2.17033293775e-05	3	MULTISPECIES: 30S ribosomal protein S5 alanine N-acetyltransferase
2.17033293775e-05	3	DUF4243 domain-containing protein
2.17033293775e-05	3	MULTISPECIES: conjugal transfer protein TraX
2.17033293775e-05	3	rSAM-associated Gly-rich repeat protein
2.17033293775e-05	3	MULTISPECIES: XdhC/CoxI family protein
2.17033293775e-05	3	MTH538 TIR-like domain protein
2.17033293775e-05	3	IS3 family transposase ISPen2
2.17033293775e-05	3	MULTISPECIES: monoamine oxidase
2.17033293775e-05	3	transmembrane transporter
2.17033293775e-05	3	transcriptional regulator, LuxR family
2.17033293775e-05	3	activation/secretion signal peptide protein
2.17033293775e-05	3	MULTISPECIES: cyclic di-GMP-binding protein
2.17033293775e-05	3	DUF3071 domain-containing protein, partial
2.17033293775e-05	3	endo-1,4-beta-glucanase
2.17033293775e-05	3	hydrogenase/urease accessory protein
2.17033293775e-05	3	putative phage protein, putative large terminase
2.17033293775e-05	3	MULTISPECIES: transcription factor WhiB
2.17033293775e-05	3	MULTISPECIES: pyridoxine 5'-phosphate oxidase
2.17033293775e-05	3	MULTISPECIES: DUF4893 domain-containing protein
2.17033293775e-05	3	cytochrome c-binding protein
2.17033293775e-05	3	glycoside hydrolase family 17
2.17033293775e-05	3	stress-induced bacterial acidophilic repeat motif family protein
2.17033293775e-05	3	MULTISPECIES: transcriptional regulator GcvA
2.17033293775e-05	3	phosphoenolpyruvate-binding/hint domain-containing protein
2.17033293775e-05	3	CBS domain protein
2.17033293775e-05	3	DNA helicase RecG, partial
2.17033293775e-05	3	replication protein B
2.17033293775e-05	3	PQQ enzyme repeat protein
2.17033293775e-05	3	MULTISPECIES: diacetyl reductase
2.17033293775e-05	3	L-sorbose 1-dehydrogenase
2.17033293775e-05	3	CMP/dCMP deaminase zinc-binding protein
2.17033293775e-05	3	succinyl-CoA synthetase subunit beta, partial
2.17033293775e-05	3	MULTISPECIES: ribosomal RNA small subunit methyltransferase B
2.17033293775e-05	3	methyl-accepting chemotaxis serine transducer
2.17033293775e-05	3	pyruvate dehydrogenase complex E1 component subunit beta, partial
2.17033293775e-05	3	Phosphoribosylformylglycinamidine synthase, PurS subunit
2.17033293775e-05	3	hopanoid biosynthesis associated RND transporter like protein HpnN
2.17033293775e-05	3	MULTISPECIES: cell division protein ZipA
2.17033293775e-05	3	MULTISPECIES: DUF4329 domain-containing protein
2.17033293775e-05	3	sigma-54 modulation protein
2.17033293775e-05	3	2-oxoglutarate oxidoreductase subunit beta
2.17033293775e-05	3	diaminobutyrate acetyltransferase
2.17033293775e-05	3	MULTISPECIES: tagatose-6-phosphate kinase
2.17033293775e-05	3	cation/acetate symporter ActP
2.17033293775e-05	3	photosystem II reaction center protein Ycf12
2.17033293775e-05	3	methyltransferase small, partial
2.17033293775e-05	3	MULTISPECIES: fatty-acid oxidation protein subunit alpha
2.17033293775e-05	3	SWIB (YM74) complex protein
2.17033293775e-05	3	LysE family translocator, partial
2.17033293775e-05	3	MULTISPECIES: isomerase/hydrolase
2.17033293775e-05	3	Intracellular growth attenuator protein igaA
2.17033293775e-05	3	SnoaL-like polyketide cyclase
2.17033293775e-05	3	ortho-succinylbenzoate-CoA synthetase
2.17033293775e-05	3	D-sorbitol dehydrogenase
2.17033293775e-05	3	nodulation protein V
2.17033293775e-05	3	nodulation protein J
2.17033293775e-05	3	transcriptional regulator, TraR/DksA family protein
2.17033293775e-05	3	type II secretion system pseudopilin PulG
2.17033293775e-05	3	MULTISPECIES: DUF2331 domain-containing protein
2.17033293775e-05	3	UDP-N-acetylglucosamine--peptide N-acetylglucosaminyltransferase-like protein
2.17033293775e-05	3	MULTISPECIES: O-unit flippase
2.17033293775e-05	3	phage-related bacteriophage lysozyme
2.17033293775e-05	3	conjugative transfer relaxase/helicase TraI
2.17033293775e-05	3	branched-chain amino acid ABC transporter system, substrate-binding protein
2.17033293775e-05	3	tail protein (tape measure)
2.17033293775e-05	3	MULTISPECIES: HTH-type transcriptional activator NagR
2.17033293775e-05	3	cytochrome oxidase biogenesis protein CtaA
2.17033293775e-05	3	chaperone modulatory protein CbpM
2.17033293775e-05	3	MULTISPECIES: caudovirus prohead protease
2.17033293775e-05	3	hemagglutinin/hemolysin-related protein
2.17033293775e-05	3	MULTISPECIES: DUF2796 domain-containing protein
2.17033293775e-05	3	peptidyl-prolyl cis-trans isomerase (rotamase) - cyclophilin family
2.17033293775e-05	3	ribulose-5-phosphate 4-epimerase
2.17033293775e-05	3	ISAzo13 family transposase ISAzo13
2.17033293775e-05	3	thiosulfate reductase cytochrome B subunit (membrane anchoring protein)
2.17033293775e-05	3	TRNA and rRNA cytosine-C5-methylase
2.17033293775e-05	3	DUF1629 domain-containing protein
2.17033293775e-05	3	isopenicillin-N synthase
2.17033293775e-05	3	cytochrome bd biosynthesis protein
2.17033293775e-05	3	glutamine synthetase GlnA
2.17033293775e-05	3	ortho-chlorophenol reductive dehalogenase
2.17033293775e-05	3	diguanylate cyclase/phosphodiesterase containing PAS/PAC sensor
2.17033293775e-05	3	phage/plasmid-like protein
2.17033293775e-05	3	photosynthetic protein synthase II
2.17033293775e-05	3	protein translocase component YidC, partial
2.17033293775e-05	3	peptidase c14 caspase catalytic subunit p20
2.17033293775e-05	3	Zn-dependent dipeptidase microsomal dipeptidase
2.17033293775e-05	3	cell surface calcium-binding acidic-repeat protein
2.17033293775e-05	3	chromosome condensation regulator RCC1 repeat protein
2.17033293775e-05	3	MULTISPECIES: DUF2950 domain-containing protein
2.17033293775e-05	3	lipid carrier--UDP-N-acetylgalactosaminyltransferase, partial
2.17033293775e-05	3	peptidase-C39 like family protein
2.17033293775e-05	3	transporter, cation channel family protein
2.17033293775e-05	3	hemolysin-type calcium-binding protein, partial
2.17033293775e-05	3	MULTISPECIES: acetylornithine carbamoyltransferase
2.17033293775e-05	3	MULTISPECIES: DUF817 domain-containing protein
2.17033293775e-05	3	DUF1836 domain-containing protein
2.17033293775e-05	3	Fe-S-binding ATPase, partial
2.17033293775e-05	3	GTPase RsgA, partial
2.17033293775e-05	3	nigerythrin
2.17033293775e-05	3	heme/hemopexin-binding protein
2.17033293775e-05	3	heat-shock protein 15
2.17033293775e-05	3	putative cytochrome c oxidase subunit II
2.17033293775e-05	3	IS3 family transposase ISCte3
2.17033293775e-05	3	SCO family protein, partial
2.17033293775e-05	3	carbohydrate binding:glycosyltransferase 36:glycosyltransferase 36 associated protein
2.17033293775e-05	3	DUF2193 domain-containing protein
2.17033293775e-05	3	poly-beta-1,6-N-acetyl-D-glucosamine synthase
2.17033293775e-05	3	acyl-CoA synthetase (NDP forming)
2.17033293775e-05	3	MULTISPECIES: type IV pilus modification protein PilV
2.17033293775e-05	3	nonribosomal peptide synthase, partial
2.17033293775e-05	3	4-hydroxybenzoyl-CoA reductase subunit beta
2.17033293775e-05	3	DNA polymerase V, putative
2.17033293775e-05	3	DUF2480 domain-containing protein, partial
2.17033293775e-05	3	DUF3916 domain-containing protein
2.17033293775e-05	3	copper resistance protein C
2.17033293775e-05	3	N-acetyl-L,L-diaminopimelate aminotransferase
2.17033293775e-05	3	MULTISPECIES: globin-coupled sensor protein
2.17033293775e-05	3	response regulator containing a CheY-like receiver domain and an HTH DNA-binding domain
2.17033293775e-05	3	MULTISPECIES: ADP compounds hydrolase NudE
2.17033293775e-05	3	PTS transporter subunit IIA-like nitrogen-regulatory protein PtsN
2.17033293775e-05	3	PTS N-acetylgalactosamine transporter subunit IID
2.17033293775e-05	3	oxygen-binding protein
2.17033293775e-05	3	MULTISPECIES: DUF4102 domain-containing protein
2.17033293775e-05	3	transmembrane protein (PGPGW)
2.17033293775e-05	3	putative type IV pilus biogenesis protein PilQ
2.17033293775e-05	3	nad+ synthetase
2.17033293775e-05	3	amidoligase
2.17033293775e-05	3	KamA family radical SAM protein, partial
2.17033293775e-05	3	SMR domain protein
2.17033293775e-05	3	AMP-dependent ligase, partial
2.17033293775e-05	3	UDP-glucose 4-epimerase, partial
2.17033293775e-05	3	arpA protein
2.17033293775e-05	3	transcriptional regulator LrhA
2.17033293775e-05	3	Fe-S cluster assembly ATPase SufC, partial
2.17033293775e-05	3	N-4 DNA methyltransferase
2.17033293775e-05	3	MULTISPECIES: EpsI domain-containing exosortase
2.17033293775e-05	3	MULTISPECIES: DUF3551 domain-containing protein
2.17033293775e-05	3	nicotinic acid mononucleotide adenyltransferase
2.17033293775e-05	3	6-methylsalicylic acid synthase
2.17033293775e-05	3	MULTISPECIES: microcompartments protein
2.17033293775e-05	3	DUF1917 domain-containing protein
2.17033293775e-05	3	peptidase M55
2.17033293775e-05	3	secreted protein containing PKD domain
2.17033293775e-05	3	sensor kinase
2.17033293775e-05	3	YafY family transcriptional regulator, partial
2.17033293775e-05	3	MULTISPECIES: periplasmic serine peptidase DegS
2.17033293775e-05	3	MULTISPECIES: DUF4249 domain-containing protein
2.17033293775e-05	3	DUF2523 domain-containing protein
2.17033293775e-05	3	beta-1,4 N-acetylgalactosaminyltransferase 2
2.17033293775e-05	3	MULTISPECIES: site-specific DNA-methyltransferase (adenine-specific)
2.17033293775e-05	3	DNA-directed RNA polymerase subunit gamma, partial
2.17033293775e-05	3	MULTISPECIES: LPS sbiosynthesis protein
2.17033293775e-05	3	orthopoxovirus protein, PF05708 family
2.17033293775e-05	3	cell wall-associated protein precursor wapA
2.17033293775e-05	3	indole acetimide hydrolase, partial
2.17033293775e-05	3	capsule synthesis protein CapA
2.17033293775e-05	3	MULTISPECIES: 2,5-diketo-D-gluconic acid reductase
2.17033293775e-05	3	16S rRNA (cytosine(967)-C(5))-methyltransferase, partial
2.17033293775e-05	3	phosphoglucomutase/phosphomannomutase alpha/beta/alpha domain I
2.17033293775e-05	3	MULTISPECIES: type I-E CRISPR-associated protein Cas7/Cse4/CasC
2.17033293775e-05	3	RNA polymerase sigma-H factor AlgU
2.17033293775e-05	3	DUF87 domain-containing protein, partial
2.17033293775e-05	3	IS5 family transposase ISPze1
2.17033293775e-05	3	NADPH:quinone reductase, partial
2.17033293775e-05	3	TRASH domain-containing protein
2.17033293775e-05	3	MULTISPECIES: proprotein convertase P
2.17033293775e-05	3	rare lipoprotein A
2.17033293775e-05	3	MULTISPECIES: cation-binding protein
2.17033293775e-05	3	MULTISPECIES: ATP--cobalamin adenosyltransferase
2.17033293775e-05	3	isovaleryl-CoA dehydrogenase, partial
2.17033293775e-05	3	hemagglutination protein
2.17033293775e-05	3	hypoxanthine phosphoribosyltransferase, partial
2.17033293775e-05	3	pimelyl-ACP methyl ester esterase
2.17033293775e-05	3	nickel-dependent hydrogenase b-type cytochrome subunit
2.17033293775e-05	3	MULTISPECIES: glycerol dehydrogenase
2.17033293775e-05	3	capsular polysaccharide synthesis
2.17033293775e-05	3	A-type flagellar hook-associated protein 2
2.17033293775e-05	3	4-hydroxybenzoate octaprenyltransferase, partial
2.17033293775e-05	3	TrkA-N
2.17033293775e-05	3	DUF4407 domain-containing protein, partial
2.17033293775e-05	3	MULTISPECIES: signaling protein
2.17033293775e-05	3	DNA polymerase elongation subunit (family B)
2.17033293775e-05	3	MULTISPECIES: P-type conjugative transfer protein VirB9
2.17033293775e-05	3	MULTISPECIES: rpsU-divergently transcribed protein
2.17033293775e-05	3	pilus assembly protein FimT
2.17033293775e-05	3	O-antigen flippase
2.17033293775e-05	3	membrane or secreted protein
2.17033293775e-05	3	Primase 2
2.17033293775e-05	3	virulence-associated e family protein
2.17033293775e-05	3	signal transduction sensor and regulator protein
2.17033293775e-05	3	UDP-N-acetylglucosamine C4 epimerase
2.17033293775e-05	3	neuramidase
2.17033293775e-05	3	pesticin
2.17033293775e-05	3	KaiC family protein
2.17033293775e-05	3	MULTISPECIES: metal transporter
2.17033293775e-05	3	MULTISPECIES: 23S rRNA (cytidine(2498)-2'-O)-methyltransferase RlmM
2.17033293775e-05	3	detoxification
2.17033293775e-05	3	MULTISPECIES: arylmalonate decarboxylase
2.17033293775e-05	3	anthranilate synthase subunit I
2.17033293775e-05	3	preprotein translocase, partial
2.17033293775e-05	3	Three-deoxy-D-manno-octulosonic-acid transferase
2.17033293775e-05	3	Abi-like protein
2.17033293775e-05	3	UDP-glucose pyrophosphorylase
2.17033293775e-05	3	chorismate mutase, partial
2.17033293775e-05	3	MULTISPECIES: glycosyltransferase-like protein, family 2
2.17033293775e-05	3	4-hydroxyphenylpyruvate dioxygenase/hemolysin-like protein
2.17033293775e-05	3	phosphoenolpyruvate-utilizing enzyme
2.17033293775e-05	3	methyl-accepting protein IV, partial
2.17033293775e-05	3	conjugal transfer pilus assembly protein TraW
2.17033293775e-05	3	iron-dicitrate transporter substrate-binding subunit
2.17033293775e-05	3	acetyltransferase, GNAT family
2.17033293775e-05	3	calmodulin
2.17033293775e-05	3	MULTISPECIES: DUF1284 domain-containing protein
2.17033293775e-05	3	FkbH like protein
2.17033293775e-05	3	shikimate dehydrogenase substrate-binding domain protein
2.17033293775e-05	3	MULTISPECIES: precorrin-3B C(17)-methyltransferase
2.17033293775e-05	3	oxidoreductase zinc-binding dehydrogenase
2.17033293775e-05	3	prophage LambdaSa2, HNH endonuclease family protein
2.17033293775e-05	3	outer membrane zinc-dependent metalloprotease
2.17033293775e-05	3	Smr protein/MutS2, partial
2.17033293775e-05	3	L-threonine-O-3-phosphate decarboxylase
2.17033293775e-05	3	capsule biosynthesis protein CapM
2.17033293775e-05	3	Glycosyl hydrolase family 12
2.17033293775e-05	3	MULTISPECIES: marine proteobacterial sortase target protein
2.17033293775e-05	3	iron uptake system protein EfeO
2.17033293775e-05	3	archease
2.17033293775e-05	3	MG(2+) chelatase/ComM-related protein
2.17033293775e-05	3	DUF1116 domain-containing protein, partial
2.17033293775e-05	3	MULTISPECIES: phosphate transporter permease subunit PtsA
2.17033293775e-05	3	coenzyme F420-reducing hydrogenase subunit beta
2.17033293775e-05	3	TPR repeat-containing protein, partial
2.17033293775e-05	3	cell wall-binding protein associated metalloendopeptidase
2.17033293775e-05	3	3-phosphoshikimate 1-carboxyvinyltransferase, partial
2.17033293775e-05	3	DUF1486 domain-containing protein
2.17033293775e-05	3	putative copper-importing P-type ATPase A
2.17033293775e-05	3	phosphatidylinositol diacylglycerol-lyase
2.17033293775e-05	3	RNA chaperone ProQ
2.17033293775e-05	3	MULTISPECIES: molybdopterin synthase
2.17033293775e-05	3	tRNA uridine 5-oxyacetic acid(34) methyltransferase CmoM
2.17033293775e-05	3	MULTISPECIES: exosortase A
2.17033293775e-05	3	iron alcohol dehydrogenase
2.17033293775e-05	3	mycothiol maleylpyruvate isomerase
2.17033293775e-05	3	phthalate 4,5-dioxygenase, partial
2.17033293775e-05	3	copper resistance protein CopK
2.17033293775e-05	3	MULTISPECIES: N-acetylmuramic acid 6-phosphate phosphatase MupP
2.17033293775e-05	3	alkane 1-monooxygenase, partial
2.17033293775e-05	3	acetoacetyl-CoA synthetase, partial
2.17033293775e-05	3	Nif11 family protein
2.17033293775e-05	3	NCS2 family permease, partial
2.17033293775e-05	3	Folate-biopterin transporter
2.17033293775e-05	3	Metalloprotease MEP2
2.17033293775e-05	3	glutamate ligase
2.17033293775e-05	3	toxin-antitoxin system, antitoxin component
2.17033293775e-05	3	S1/P1 Nuclease, partial
2.17033293775e-05	3	KWG repeat-containing protein
2.17033293775e-05	3	S-adenosyl-L-methionine-dependent methyltransferase
2.17033293775e-05	3	phage holin
2.17033293775e-05	3	putative sensor histidine kinase pdtaS
2.17033293775e-05	3	MCP methyltransferase/methylesterase, CheR/CheB with PAS/PAC sensor
2.17033293775e-05	3	ubiquinone biosynthesis protein UbiH, partial
2.17033293775e-05	3	MULTISPECIES: DUF1971 domain-containing protein
2.17033293775e-05	3	N-acetylmuramoyl-L-alanine amidase CwlD
2.17033293775e-05	3	toxin Bro
2.17033293775e-05	3	Serine protease AprX
2.17033293775e-05	3	fused vitamin K epoxide reductase/thioredoxin
2.17033293775e-05	3	MULTISPECIES: formamidopyrimidine-DNA glycosylase
2.17033293775e-05	3	DUF104 domain-containing protein
2.17033293775e-05	3	DUF3231 domain-containing protein
2.17033293775e-05	3	UbiD-type (de) carboxylase-like protein
2.17033293775e-05	3	sugar-binding lipoprotein
2.17033293775e-05	3	rhizobiocin/RTX toxin and hemolysin-type calcium-binding protein
2.17033293775e-05	3	thioesterase-like
2.17033293775e-05	3	arginine ABC transporter permease
2.17033293775e-05	3	tryptophan synthase subunit alpha, partial
2.17033293775e-05	3	F0F1 ATP synthase subunit A, partial
2.17033293775e-05	3	elongation factor P, partial
2.17033293775e-05	3	(Na+)-NQR maturation NqrM
2.17033293775e-05	3	MJ0042 family finger-like protein
2.17033293775e-05	3	flavin-dependent monooxygenase oxygenase subunit
2.17033293775e-05	3	MULTISPECIES: phosphatidylcholine synthase
2.17033293775e-05	3	MULTISPECIES: pilus assembly protein FimV
2.17033293775e-05	3	PAP fibrillin family protein
2.17033293775e-05	3	2-methylthioadenine synthetase, partial
2.17033293775e-05	3	succinyl-CoA--(R)-benzylsuccinate CoA-transferase subunit BbsF
2.17033293775e-05	3	poly-beta-hydroxybutyrate polymerase, partial
2.17033293775e-05	3	MULTISPECIES: DUF368 domain-containing protein
2.17033293775e-05	3	3-beta hydroxysteroid dehydrogenase, partial
2.17033293775e-05	3	MULTISPECIES: peptidase M12
2.17033293775e-05	3	MULTISPECIES: DUF3732 domain-containing protein
2.17033293775e-05	3	tetratricopeptide repeat family protein, partial
2.17033293775e-05	3	alpha/beta superfamily hydrolase
2.17033293775e-05	3	MULTISPECIES: succinate dehydrogenase assembly factor 2 family protein
2.17033293775e-05	3	prolin-rich exported protein
2.17033293775e-05	3	MULTISPECIES: methyltransferase, TIGR04325 family
2.17033293775e-05	3	NAD(P)-dependent glycerol-3-phosphate dehydrogenase, partial
2.17033293775e-05	3	efflux transporter outer membrane factor lipoprotein, NodT family
2.17033293775e-05	3	DUF4321 domain-containing protein
2.17033293775e-05	3	NolW domain-containing protein
2.17033293775e-05	3	enhanced serine sensitivity protein SseB
2.17033293775e-05	3	RNA polymerase sporulation sigma factor SigG
2.17033293775e-05	3	RNA polymerase sporulation sigma factor SigF
2.17033293775e-05	3	RNA polymerase sporulation sigma factor SigK
2.17033293775e-05	3	MULTISPECIES: NTPase
2.17033293775e-05	3	IS1380 family transposase ISBj1
2.17033293775e-05	3	Cys-rich peptide radical SAM maturase CcpM
2.17033293775e-05	3	MULTISPECIES: DUF2270 domain-containing protein
2.17033293775e-05	3	MULTISPECIES: phenoxybenzoate dioxygenase
2.17033293775e-05	3	site-specific recombinase Gcr
2.17033293775e-05	3	MULTISPECIES: DUF1206 domain-containing protein
2.17033293775e-05	3	heavy metal transporter CzcA
2.17033293775e-05	3	MULTISPECIES: heme biosynthesis operon protein HemX
2.17033293775e-05	3	MULTISPECIES: pseudaminic acid biosynthesis-associated methylase
2.17033293775e-05	3	glucitol operon activator
2.17033293775e-05	3	4-hydroxy-2-oxopentanoic acid aldolase
2.17033293775e-05	3	ATP-grasp enzyme, D-alanine-D-alanine ligase
2.17033293775e-05	3	MULTISPECIES: TIGR03084 family protein
2.17033293775e-05	3	type IV secretion system protein VirB4
2.17033293775e-05	3	MULTISPECIES: death-on-curing protein
2.17033293775e-05	3	lectin C-type domain protein
2.17033293775e-05	3	MULTISPECIES: DUF4910 domain-containing protein
2.17033293775e-05	3	thimanine synthesis protein ThiJ
2.17033293775e-05	3	protoheme IX farnesyltransferase, partial
2.17033293775e-05	3	polysaccharide ABC transporter permease
2.17033293775e-05	3	MULTISPECIES: caspase (peptidase)
2.17033293775e-05	3	propanediol utilization phosphotransacylase
2.17033293775e-05	3	bifunctional 3,4-dihydroxy-2-butanone 4-phosphate synthase/GTP cyclohydrolase II, partial
2.17033293775e-05	3	N-acyl-D-aspartate deacylase
2.17033293775e-05	3	sporulation protein YabP
2.17033293775e-05	3	Fe2+-enterobactin ABC transporter substrate-binding protein
2.17033293775e-05	3	Lysozyme g (modular protein)
2.17033293775e-05	3	MULTISPECIES: 2',3'-cyclic-nucleotide 2'-phosphodiesterase
2.17033293775e-05	3	succinyl-CoA--3-ketoacid-coenzyme A transferase subunit A
2.17033293775e-05	3	porin family protein, partial
2.17033293775e-05	3	Ureidoglycolate hydrolase
2.17033293775e-05	3	Thiol-disulfide isomerase and thioredoxin
2.17033293775e-05	3	(R,R)-butanediol dehydrogenase
2.17033293775e-05	3	protein antiactivator of flagellar biosynthesis
2.17033293775e-05	3	protein containing region found in RelA / SpoT proteins
2.17033293775e-05	3	MULTISPECIES: DNA-binding transcriptional regulator KdgR
2.17033293775e-05	3	lactate oxidase
2.17033293775e-05	3	MULTISPECIES: sugar O-acyltransferase
2.17033293775e-05	3	Mu Gam family protein
2.17033293775e-05	3	type 1 secretion target domain protein
2.17033293775e-05	3	Inner membrane protein alx
2.17033293775e-05	3	MULTISPECIES: phthalate -dioxygenase
2.17033293775e-05	3	chemotactic response, glutamate methyltransferase fusion protein
2.17033293775e-05	3	AtzE family amidohydrolase, partial
2.17033293775e-05	3	MULTISPECIES: photosystem II reaction center protein Ycf12
2.17033293775e-05	3	phenylglyoxylate dehydrogenase
2.17033293775e-05	3	nitrite transporter NirC
2.17033293775e-05	3	MULTISPECIES: conjugal transfer protein TraI
2.17033293775e-05	3	Cytochrome C oxidase, mono-heme subunit/FixO superfamily
2.17033293775e-05	3	ImpA protein, partial
2.17033293775e-05	3	NDP-sugar phosphate epimerase
2.17033293775e-05	3	nitrous-oxide reductase, partial
2.17033293775e-05	3	NADH dehydrogenase I, subunit 2
2.17033293775e-05	3	MULTISPECIES: ectoine synthase
2.17033293775e-05	3	wd40 repeat-containing protein
2.17033293775e-05	3	trehalose 6-phosphate phosphorylase
2.17033293775e-05	3	3-oxoadipate CoA-transferase, partial
2.17033293775e-05	3	phosphoesterase or phosphohydrolase
2.17033293775e-05	3	methylthioribulose-1-phosphate dehydratase
2.17033293775e-05	3	gscfa domain protein
2.17033293775e-05	3	phosphopantothenoylcysteine synthase
2.17033293775e-05	3	IS982 family transposase ISPlu11
2.17033293775e-05	3	2-dehydropantoate 2-reductase, partial
2.17033293775e-05	3	polysaccharide export protein Wza
2.17033293775e-05	3	Dinitrogenase reductase activating glycohydrolase protein
2.17033293775e-05	3	cytochrome oxidase biogenesis protein Surf1,facilitates heme A insertion
2.17033293775e-05	3	chemotaxis protein B, partial
2.17033293775e-05	3	serine/threonine-protein kinase PknK, partial
2.17033293775e-05	3	carbohydrate kinase FGGY
2.17033293775e-05	3	glucose-fructose oxidoreductase, partial
2.17033293775e-05	3	Zn-dependent dipeptidase, microsomal dipeptidase
2.17033293775e-05	3	energy transducer TonB, partial
2.17033293775e-05	3	manganese transporter permease
2.17033293775e-05	3	MULTISPECIES: methionine biosynthesis MetW
2.17033293775e-05	3	macrolide efflux MFS transporter Mef(A)
2.17033293775e-05	3	chromosome condensation regulator, partial
2.17033293775e-05	3	DUF4955 domain-containing protein
2.17033293775e-05	3	phage associated protein
2.17033293775e-05	3	MULTISPECIES: DUF1211 domain-containing protein
2.17033293775e-05	3	iron-dependent repressor, partial
2.17033293775e-05	3	F0F1-type ATPase subunit A
2.17033293775e-05	3	acetate CoA-transferase
2.17033293775e-05	3	aminotransferase, class III
2.17033293775e-05	3	putative terminase subunit nuclease and ATPase
2.17033293775e-05	3	tripeptide aminopeptidase
2.17033293775e-05	3	NgoPII family restriction endonuclease, partial
2.17033293775e-05	3	MULTISPECIES: DUF1810 domain-containing protein
2.17033293775e-05	3	Tic20
2.17033293775e-05	3	capsule polysaccharide biosynthesis domain-containing protein
2.17033293775e-05	3	cytotoxic translational repressor
2.17033293775e-05	3	photosystem II protein D1 2
2.17033293775e-05	3	type III secretion chaperone
2.17033293775e-05	3	MULTISPECIES: MmcQ-like protein
2.17033293775e-05	3	DNA topology modulation protein FlaR
2.17033293775e-05	3	cytochrome d ubiquinol oxidase subunit 2
2.17033293775e-05	3	MULTISPECIES: L-arabinose ABC transporter ATP-binding protein AraG
2.17033293775e-05	3	MULTISPECIES: ribonuclease P
2.17033293775e-05	3	RTX toxin-like protein
2.17033293775e-05	3	MULTISPECIES: bifunctional NADH dehydrogenase FAD-containing subunit/selenide, water dikinase SelD
2.17033293775e-05	3	outer membrane chaperone precursor Skp (OmpH)
2.17033293775e-05	3	type IV secretion system protein IcmL
2.17033293775e-05	3	rRNA maturation RNAse YbeY
2.17033293775e-05	3	MULTISPECIES: sel1 repeat family protein, partial
2.17033293775e-05	3	MULTISPECIES: serine endoprotease DegQ
2.17033293775e-05	3	chemotaxis-related methylase
2.17033293775e-05	3	type III secretion system effector protein exou
2.17033293775e-05	3	MULTISPECIES: tonB-system energizer ExbB
2.17033293775e-05	3	undecaprenyl-diphosphatase (Undecaprenyl pyrophosphate phosphatase) (Bacitracin resistance protein)
2.17033293775e-05	3	calcium channel protein
2.17033293775e-05	3	adenylylsulfate reductase subunit alpha
2.17033293775e-05	3	DUF3417 domain-containing protein, partial
2.17033293775e-05	3	MULTISPECIES: DUF3372 domain-containing protein
2.17033293775e-05	3	antirestriction protein ArdA, partial
2.17033293775e-05	3	MULTISPECIES: NnrU family protein
2.17033293775e-05	3	glutamine ABC transporter substrate-binding protein GlnH
2.17033293775e-05	3	Putative chitinase
2.17033293775e-05	3	MULTISPECIES: fatty acid metabolism transcriptional regulator FadR
2.17033293775e-05	3	sodium:glucose symporter
2.17033293775e-05	3	catalase, partial
2.17033293775e-05	3	aminoglycoside phosphotransferase APH(3')
2.17033293775e-05	3	DUF4256 domain-containing protein, partial
2.17033293775e-05	3	sulfonamide-resistant dihydropteroate synthase Sul2
2.17033293775e-05	3	translation initiation regulation protein
2.17033293775e-05	3	Type II secretory pathway component PulD
2.17033293775e-05	3	MULTISPECIES: multi-copper polyphenol oxidoreductase
2.17033293775e-05	3	endoproteinase ArgC
2.17033293775e-05	3	GntR domain-containing protein
2.17033293775e-05	3	putative 3-hydroxybutyryl-CoA dehydrogenase
2.17033293775e-05	3	Macrolide-specific efflux protein MacA
2.17033293775e-05	3	cystathionine beta-lyase, partial
2.17033293775e-05	3	phenylphosphate carboxylase subunit beta
2.17033293775e-05	3	methylamine utilization protein MauD
2.17033293775e-05	3	acyl-CoA dehydrogenase short-chain specific
2.17033293775e-05	3	3-hydroxyacyl-CoA dehydrogenase, C-terminal domain protein
2.17033293775e-05	3	MULTISPECIES: flagellar biosynthetic protein FlhB
2.17033293775e-05	3	doubled CXXCH motif-containing protein
2.17033293775e-05	3	tannase/feruloyl esterase family alpha/beta hydrolase, partial
2.17033293775e-05	3	aminoglycoside nucleotidyltransferase
2.17033293775e-05	3	D-erythrulose-4-phosphate isomerase 1
2.17033293775e-05	3	Photosystem I reaction centre subunit III
2.17033293775e-05	3	Leukotoxin
2.17033293775e-05	3	glycoside hydrolase, family 78
2.17033293775e-05	3	CotS family spore coat protein
2.17033293775e-05	3	putative alpha-1,2-mannosidase
2.17033293775e-05	3	DUF4131 domain-containing protein
2.17033293775e-05	3	Peptidase M10 serralysin like protein
2.17033293775e-05	3	MULTISPECIES: undecaprenyl-phosphate galactose phosphotransferase WbaP
2.17033293775e-05	3	Fe(2+)-trafficking protein, partial
2.17033293775e-05	3	periplasmic sensor hybrid histidine kinase
2.17033293775e-05	3	MULTISPECIES: phenylpropionate dioxygenase
2.17033293775e-05	3	MULTISPECIES: plasmid partitioning protein RepB
2.17033293775e-05	3	GH3 auxin-responsive promoter-like protein
2.17033293775e-05	3	phage terminase large subunit GpA
2.17033293775e-05	3	glycosyl transferase UDP-glucuronosyltransferase
2.17033293775e-05	3	Kef-type K+ transport system, membrane component
2.17033293775e-05	3	YjjI family glycine radical enzyme
2.17033293775e-05	3	chromate ion family chromate transporter
2.17033293775e-05	3	pyridoxamine 5'-phosphate oxidase FMN--binding protein
2.17033293775e-05	3	MULTISPECIES: conjugal transfer protein TrbC
2.17033293775e-05	3	ceramidase
2.17033293775e-05	3	mutual gliding protein A
2.17033293775e-05	3	phosphoribosyl carboxyaminoimidazole mutase
2.17033293775e-05	3	arabinoxylan arabinofuranohydrolase
2.17033293775e-05	3	MULTISPECIES: cyanate MFS transporter
2.17033293775e-05	3	adhesin HecA family 20-residue repeat protein
2.17033293775e-05	3	respiratory-chain NADH dehydrogenase subunit 1
2.17033293775e-05	3	acid-resistance protein
2.17033293775e-05	3	putative bacteriocin export ABC transporter, lactococcin 972 group
2.17033293775e-05	3	glutamate--ammonia ligase catalytic domain protein, partial
2.17033293775e-05	3	acetyl-mannosamine transferase
2.17033293775e-05	3	MULTISPECIES: outer membrane channel protein
2.17033293775e-05	3	esterase/lipase
2.17033293775e-05	3	PAP2 superfamily protein
2.17033293775e-05	3	radC protein
2.17033293775e-05	3	heavy metal-responsive transcriptional regulator
2.17033293775e-05	3	linear gramicidin non-ribosomal peptide synthetase LgrC
2.17033293775e-05	3	iron dicitrate transporter FecR
2.17033293775e-05	3	Thermophilic serine proteinase precursor
2.17033293775e-05	3	flagellin N-methylase
2.17033293775e-05	3	Lectin C-type domain protein
2.17033293775e-05	3	molybdopterin biosynthesis MoaE protein
2.17033293775e-05	3	D-methionine ABC transporter, ATP-binding protein
2.17033293775e-05	3	2-oxoisovalerate dehydrogenase complex, E1 component subunit beta
2.17033293775e-05	3	aerobic respiration control sensor
2.17033293775e-05	3	type II secretory pathway protein LspD
2.17033293775e-05	3	E3 ubiquitin--protein ligase, partial
2.17033293775e-05	3	zinc-dependent carboxypeptidase
2.17033293775e-05	3	polysaccharide biosynthesis protein CapD
2.17033293775e-05	3	FkbH
2.17033293775e-05	3	MULTISPECIES: formaldehyde-activating enzyme
2.17033293775e-05	3	glycosyl transferase, group 1 family protein
2.17033293775e-05	3	RNA chaperone Hfq, partial
2.17033293775e-05	3	ABC1 domain-containing protein
2.17033293775e-05	3	E3 ubiquitin--protein ligase
2.17033293775e-05	3	bacteriophage P7 related protein
2.17033293775e-05	3	peptide-methionine (R)-S-oxide reductase, partial
2.17033293775e-05	3	MULTISPECIES: phosphoethanolamine--lipid A transferase EptA
2.17033293775e-05	3	PTS N-acetyl glucosamine transporter subunit IIABC
2.17033293775e-05	3	tricarboxylate transport membrane protein TctA
2.17033293775e-05	3	alpha-ketoacid dehydrogenase subunit beta, partial
2.17033293775e-05	3	IS1595 family transposase ISFlsp4
2.17033293775e-05	3	bacteriophage encoded lysozyme
2.17033293775e-05	3	MULTISPECIES: DUF1460 domain-containing protein
2.17033293775e-05	3	tryptophan 2,3-dioxygenase (vermilion)
2.17033293775e-05	3	aminotransferase class-III
2.17033293775e-05	3	oxidative enzyme
2.17033293775e-05	3	phenazine biosynthesis protein PhzF family protein
2.17033293775e-05	3	MULTISPECIES: tight adherence protein B
2.17033293775e-05	3	putative LmbE-like protein
2.17033293775e-05	3	penicillin-binding transpeptidase domain-containing protein
2.17033293775e-05	3	diguanylate cyclase/phosphodiesterase with PAS/PAC and GAF sensor(s)
2.17033293775e-05	3	MULTISPECIES: aminocyclopropane-1-carboxylate deaminase/D-cysteine desulfhydrase family protein
2.17033293775e-05	3	MULTISPECIES: Clp protease
2.17033293775e-05	3	MULTISPECIES: 5-valerolactone hydrolase
2.17033293775e-05	3	glutathione/cysteine ABC transporter permease/ATPase
2.17033293775e-05	3	DNA repair photolyase
2.17033293775e-05	3	spore coat polysaccharide biosynthesis protein E
2.17033293775e-05	3	spore coat polysaccharide biosynthesis protein F
2.17033293775e-05	3	helicase A859L
2.17033293775e-05	3	MULTISPECIES: adhesion protein
2.17033293775e-05	3	50S ribosomal protein L35, partial
2.17033293775e-05	3	UDP-glucose 4-epimerase (Galactowaldenase) (UDP-galactose 4-epimerase) (GalE-like)
2.17033293775e-05	3	spermidine synthase-like protein
2.17033293775e-05	3	MULTISPECIES: tRNA (cmo5U34)-methyltransferase
2.17033293775e-05	3	protease B
2.17033293775e-05	3	doubled CXXCH domain-containing protein
2.17033293775e-05	3	beta galactosidase small chain
2.17033293775e-05	3	MULTISPECIES: antiactivator of flagellar biosynthesis FleN protein
2.17033293775e-05	3	Photosystem Q(B) protein 1, partial
2.17033293775e-05	3	bacteriophge tail fiber protein
2.17033293775e-05	3	Large exoprotein
2.17033293775e-05	3	MULTISPECIES: aspartate--tRNA(Asn) ligase
2.17033293775e-05	3	short-chain dehydrogenase/reductase family oxidoreductase
2.17033293775e-05	3	type 3a cellulose-binding domain-containing protein
2.17033293775e-05	3	MULTISPECIES: trans-aconitate 2-methyltransferase
2.17033293775e-05	3	DNA helicase/exodeoxyribonuclease V, subunit A
2.17033293775e-05	3	cytidine monophosphate-N-acetylneuraminic acid hydroxylase
2.17033293775e-05	3	MULTISPECIES: DUF3565 domain-containing protein
2.17033293775e-05	3	IS3 family transposase ISBxe2
2.17033293775e-05	3	MULTISPECIES: ecotin
2.17033293775e-05	3	methyltransferase type 11, partial
2.17033293775e-05	3	phosphoribosyl diphosphate--decaprenyl-phosphate phosphoribosyltransferase
2.17033293775e-05	3	5'-hydroxyl kinase
2.17033293775e-05	3	plasmid encoded RepA protein
2.17033293775e-05	3	YicC domain protein
2.17033293775e-05	3	MULTISPECIES: flagellar hook-associated protein FlgL
2.17033293775e-05	3	Serine protease Do (heat-shock protein)
2.17033293775e-05	3	YeeE/YedE family protein, partial
2.17033293775e-05	3	excinuclease ABC
2.17033293775e-05	3	N-acetyl-alpha-D-glucosaminyl L-malate synthase, partial
2.17033293775e-05	3	MULTISPECIES: 5'-nucleosidase
2.17033293775e-05	3	subtilisin-related peptidase S8 family protein
2.17033293775e-05	3	bifunctional PLP-dependent enzyme with beta-cystathionase and maltose regulon repressor activities
2.17033293775e-05	3	ABC-type sugar transport system, periplasmic component
2.17033293775e-05	3	transcriptional regulator AsnC, partial
2.17033293775e-05	3	phage tail component protein
2.17033293775e-05	3	polymer-forming cytoskeletal family protein, partial
2.17033293775e-05	3	intein-containing nucleotide sugar dehydrogenase
2.17033293775e-05	3	MULTISPECIES: UDP-glucose-beta-D-glucan glucosyltransferase
2.17033293775e-05	3	MULTISPECIES: 5'-deoxynucleotidase
2.17033293775e-05	3	putative DNA helicase
2.17033293775e-05	3	tpr domain-containing protein
2.17033293775e-05	3	phage receptor protein
2.17033293775e-05	3	DUF2559 domain-containing protein
2.17033293775e-05	3	anticodon-binding domain protein
2.17033293775e-05	3	exported protein of unknown function
2.17033293775e-05	3	succinate dehydrogenase subunit C
2.17033293775e-05	3	NADP oxidoreductase coenzyme
2.17033293775e-05	3	molybdopterin biosynthesis enzyme
2.17033293775e-05	3	protease with the C-terminal PDZ domain
2.17033293775e-05	3	MULTISPECIES: DUF1259 domain-containing protein
2.17033293775e-05	3	RNA procession exonuclease-like protein
2.17033293775e-05	3	MlrC family protein 2
2.17033293775e-05	3	menaquinol-cytochrome c reductase
2.17033293775e-05	3	MULTISPECIES: CoA ligase
2.17033293775e-05	3	enediyne biosynthesis protein UnbU
2.17033293775e-05	3	tellurium resistance protein TerE
2.17033293775e-05	3	protein secretion chaperonin CsaA
2.17033293775e-05	3	bacteriophage N4 adsorption protein B, partial
2.17033293775e-05	3	thiosulfate reductase cytochrome subunit beta (membrane anchoring protein)
2.17033293775e-05	3	MULTISPECIES: pyridoxal phosphate-binding protein
2.17033293775e-05	3	G5 domain protein
2.17033293775e-05	3	MULTISPECIES: ubiquinol cytochrome C oxidoreductase
2.17033293775e-05	3	glutamate--tRNA ligase 2
2.17033293775e-05	3	tonB-linked outer membrane protein SusC/RagA family
2.17033293775e-05	3	IS3 family transposase ISPpy1
2.17033293775e-05	3	membrane dipeptidase, partial
2.17033293775e-05	3	putative RNA polymerase-binding protein DksA
2.17033293775e-05	3	MULTISPECIES: hopanoid biosynthesis-associated RND transporter HpnN
2.17033293775e-05	3	MULTISPECIES: ComE operon protein 2
2.17033293775e-05	3	histone deacetylase, partial
2.17033293775e-05	3	MULTISPECIES: ATP synthase subunit epsilon
2.17033293775e-05	3	IS3 family transposase ISXca2
2.17033293775e-05	3	MULTISPECIES: Ig-like domain repeat protein
2.17033293775e-05	3	MULTISPECIES: DUF4126 domain-containing protein
2.17033293775e-05	3	putative Sensor histidine kinase response regulator
2.17033293775e-05	3	NUDIX domain-containing protein, partial
2.17033293775e-05	3	outer membrane protein OmpW
2.17033293775e-05	3	Short-chain dehydrogenase/reductase SDR precursor
2.17033293775e-05	3	indole-3-glycerol-phosphate synthase, partial
2.17033293775e-05	3	MULTISPECIES: invertase
2.17033293775e-05	3	putative Na+(H+)/nucleoside cotransporter
2.17033293775e-05	3	IS256 family transposase ISCsp1
2.17033293775e-05	3	MULTISPECIES: CtpF protein
2.17033293775e-05	3	pyruvate/2-oxoglutarate dehydrogenase complex, dehydrogenase (E1) component, eukaryotic type, subunit alpha
2.17033293775e-05	3	Opine oxidase subunit A
2.17033293775e-05	3	MULTISPECIES: hemin uptake protein HemP
2.17033293775e-05	3	IS256 family transposase ISCARN27
2.17033293775e-05	3	DUF2274 domain-containing protein
2.17033293775e-05	3	(R)-citramalate synthase
2.17033293775e-05	3	EF-P lysine aminoacylase GenX, partial
2.17033293775e-05	3	MULTISPECIES: dimethylsulfoniopropionate demethylase
2.17033293775e-05	3	MULTISPECIES: heat-shock protein Hsp33
2.17033293775e-05	3	permease of ABC transporter
2.17033293775e-05	3	NGN domain-containing protein
2.17033293775e-05	3	MULTISPECIES: NAD-dependent malic enzyme, partial
2.17033293775e-05	3	TIGR03745 family integrating conjugative element membrane protein
2.17033293775e-05	3	cold-shock protein, partial
2.17033293775e-05	3	microcompartments protein
2.17033293775e-05	3	tricarballylate utilization protein B, partial
2.17033293775e-05	3	MULTISPECIES: Kdo domain containing protein
2.17033293775e-05	3	general secretory pathway protein GspE
2.17033293775e-05	3	DUF486 domain-containing protein
2.17033293775e-05	3	DUF1568 domain-containing protein
2.17033293775e-05	3	magnesium-protoporphyrin IX monomethyl ester aerobic oxidative cyclase
2.17033293775e-05	3	MULTISPECIES: DNA-binding protein VF530
2.17033293775e-05	3	DUF2370 domain-containing protein
2.17033293775e-05	3	MULTISPECIES: menaquinone biosynthesis decarboxylase
2.17033293775e-05	3	IraAB
2.17033293775e-05	3	superfamily I DNA/RNA helicase-like protein
2.17033293775e-05	3	aminotransferase class I and II family protein
2.17033293775e-05	3	NADH-ubiquinone/plastoquinone oxidoreductase chain 6 superfamily
2.17033293775e-05	3	chaperone protein DnaJ
2.17033293775e-05	3	hemagglutinin-related autotransporter protein
2.17033293775e-05	3	sulfite oxidase subunit YedZ
2.17033293775e-05	3	IS1595 family transposase ISFps1
2.17033293775e-05	3	MULTISPECIES: glycosyl hydrolase family 25
2.17033293775e-05	3	manganese ABC transporter substrate-binding protein
2.17033293775e-05	3	MULTISPECIES: flagellar rod assembly protein/muramidase FlgJ
2.17033293775e-05	3	MULTISPECIES: zinc-binding protein
2.17033293775e-05	3	MULTISPECIES: DUF4248 domain-containing protein
2.17033293775e-05	3	MULTISPECIES: isoprenylcysteine carboxyl methyltransferase
2.17033293775e-05	3	salicylaldehyde dehydrogenase, partial
2.17033293775e-05	3	peptide transporter, partial
2.17033293775e-05	3	conjugal transfer protein, partial
2.17033293775e-05	3	serine palmitoyltransferase
2.17033293775e-05	3	MULTISPECIES: conjugal transfer protein TrbJ
2.17033293775e-05	3	MULTISPECIES: conjugal transfer protein TrbE
2.17033293775e-05	3	isorenieratene synthase
2.17033293775e-05	3	replisome organizer region-containing protein
2.17033293775e-05	3	transporter (formate/nitrite transporter family protein)
2.17033293775e-05	3	IS1182 family transposase ISVsp9
2.17033293775e-05	3	MULTISPECIES: PbsX family transcriptional regulator
2.17033293775e-05	3	putative Tfp pilus assembly protein tip-associated adhesin PilY1
2.17033293775e-05	3	glycosyl transferase family 41
2.17033293775e-05	3	stem cell self-renewal protein Piwi
2.17033293775e-05	3	5-methylthioadenosine/S-adenosylhomocysteine deaminase
2.17033293775e-05	3	BLUF domain-containing protein
2.17033293775e-05	3	N-(5-amino-5-carboxypentanoyl)-L-cysteinyl-D-valine synthase
2.17033293775e-05	3	AIDA autotransporter-like protein ShdA
2.17033293775e-05	3	peptidase C56
2.17033293775e-05	3	antimicrobial peptide ABC transporter permease SapB
2.17033293775e-05	3	MULTISPECIES: putrescine/spermidine ABC transporter substrate-binding protein
2.17033293775e-05	3	IS110 family transposase ISCARN18
2.17033293775e-05	3	bifunctional GlmU protein
2.17033293775e-05	3	MULTISPECIES: CbbBc protein
2.17033293775e-05	3	ABC-3 protein
2.17033293775e-05	3	peptidase M1, membrane alanine aminopeptidase
2.17033293775e-05	3	MULTISPECIES: zinc transporter ZupT
2.17033293775e-05	3	calcium/sodium:proton antiporter
2.17033293775e-05	3	ankryin
2.17033293775e-05	3	Similar to tr|Q7NLR0|Q7NLR0 (fragment)
2.17033293775e-05	3	MULTISPECIES: DUF1638 domain-containing protein
2.17033293775e-05	3	Fe3+-dicitrate outer membrane receptor
2.17033293775e-05	3	macrolide efflux MFS transporter Mef(B)
2.17033293775e-05	3	flap endonuclease Xni
2.17033293775e-05	3	periplasmic serine protease, Do/DeqQ family
2.17033293775e-05	3	LigB lipoprotein
2.17033293775e-05	3	deoxyribonuclease gamma (precursor)
2.17033293775e-05	3	MULTISPECIES: 3-oxoadipate--succinyl-CoA transferase
2.17033293775e-05	3	MULTISPECIES: endonuclease V
2.17033293775e-05	3	Lrp/AsnC family transcriptional regulator, partial
2.17033293775e-05	3	MULTISPECIES: DUF3883 domain-containing protein
2.17033293775e-05	3	MULTISPECIES: HprK-related kinase A
2.17033293775e-05	3	MULTISPECIES: taurine transporter ATP-binding subunit
2.17033293775e-05	3	acetyltransferase, partial
2.17033293775e-05	3	6-carboxytetrahydropterin synthase, partial
2.17033293775e-05	3	nickel ABC transporter ATP-binding protein
2.17033293775e-05	3	MULTISPECIES: Tat-linked quality control protein TatD
2.17033293775e-05	3	MULTISPECIES: Fe3+/spermidine/putrescine ABC transporter ATP-binding protein
2.17033293775e-05	3	MULTISPECIES: flagellar export protein FliJ
2.17033293775e-05	3	molybdenum cofactor synthesis protein
2.17033293775e-05	3	MULTISPECIES: cofactor-independent phosphoglycerate mutase
2.17033293775e-05	3	capsular polysaccharide biosynthesis protein CapM
2.17033293775e-05	3	NAD-dependent deacylase, partial
1.44688862517e-05	2	MULTISPECIES: 5'-methylthioadenosine/S-adenosylhomocysteine nucleosidase
1.44688862517e-05	2	copper-binding protein CusF
1.44688862517e-05	2	dolichyl-phosphate-mannose-protein mannosyltransferase
1.44688862517e-05	2	MULTISPECIES: SlyX family protein
1.44688862517e-05	2	ATP-dependent deoxyribonuclease subunit A, partial
1.44688862517e-05	2	RelA/SpoT domain-containing protein
1.44688862517e-05	2	recombinase RecT, partial
1.44688862517e-05	2	MULTISPECIES: subtype II CRISPR-associated endonuclease Cas1
1.44688862517e-05	2	Na+/H+ antiporter, NhaD family
1.44688862517e-05	2	bacitracin resistance protein BacA
1.44688862517e-05	2	chlorophyll synthesis pathway, bchC
1.44688862517e-05	2	HutD/Ves family protein, partial
1.44688862517e-05	2	MULTISPECIES: diphosphate--fructose-6-phosphate 1-phosphotransferase
1.44688862517e-05	2	MULTISPECIES: proteasome-type protease
1.44688862517e-05	2	biosynthetic aromatic amino acid aminotransferase alpha / Aspartate aminotransferase
1.44688862517e-05	2	integral membrane protein-like protein
1.44688862517e-05	2	arylesterase, partial
1.44688862517e-05	2	MULTISPECIES: lytic enzyme
1.44688862517e-05	2	CoA reductase
1.44688862517e-05	2	MULTISPECIES: TnpR resolvase
1.44688862517e-05	2	plasmid replication region
1.44688862517e-05	2	MULTISPECIES: nitrite reductase small subunit
1.44688862517e-05	2	MULTISPECIES: acylglycerol lipase
1.44688862517e-05	2	MULTISPECIES: D-xylose ABC transporter permease
1.44688862517e-05	2	lysine:cadaverine antiporter
1.44688862517e-05	2	autotransporter protein or domain, integral membrane beta-barrel involved in protein secretion
1.44688862517e-05	2	endo-1,3-1,4-beta-glycanase, C-terminal secretion signal protein
1.44688862517e-05	2	B/F/G family RNA polymerase sigma-70 factor
1.44688862517e-05	2	monogalactosyldiacylglycerol synthase
1.44688862517e-05	2	MULTISPECIES: DUF4823 domain-containing protein
1.44688862517e-05	2	IS3 family transposase ISKpn11
1.44688862517e-05	2	bifunctional enzyme with isomerase/decarboxylase activity
1.44688862517e-05	2	wd40 repeat, subgroup
1.44688862517e-05	2	DEAD-box ATP dependent DNA helicase
1.44688862517e-05	2	MULTISPECIES: phosphatidylserine decarboxylase proenzyme
1.44688862517e-05	2	DNA topoisomerase 4 subunit A
1.44688862517e-05	2	MULTISPECIES: methyltransferase FkbM domain protein
1.44688862517e-05	2	DUF2079 domain-containing protein, partial
1.44688862517e-05	2	TspO and MBR like proteins
1.44688862517e-05	2	MULTISPECIES: flagellar motor protein PomA
1.44688862517e-05	2	heme/copper-type cytochrome/quinol oxidase subunit 1
1.44688862517e-05	2	MULTISPECIES: phosphatidylethanolamine N-methyltransferase
1.44688862517e-05	2	type VI secretion effector protein (Hcp)
1.44688862517e-05	2	MULTISPECIES: bacteriocin
1.44688862517e-05	2	IS256 family transposase ISOan3
1.44688862517e-05	2	M13 family metallopeptidase
1.44688862517e-05	2	respiratory-chain NADH dehydrogenase, 30 Kd subunit
1.44688862517e-05	2	hemin receptor, partial
1.44688862517e-05	2	IS66 family transposase ISUnCu14
1.44688862517e-05	2	diguanylate cyclase/phosphodiesterase with extracellular sensor
1.44688862517e-05	2	phage-related HNH endonuclease family protein
1.44688862517e-05	2	parallel beta-helix repeat protein
1.44688862517e-05	2	diadenosine tetraphosphate hydrolase
1.44688862517e-05	2	type IV conjugative transfer system protein TraE
1.44688862517e-05	2	tail collar domain protein
1.44688862517e-05	2	DNA repair protein MmcB-related protein, partial
1.44688862517e-05	2	MULTISPECIES: hexapeptide transferase
1.44688862517e-05	2	DUF705 domain-containing protein
1.44688862517e-05	2	protein with WD40 repeat domains
1.44688862517e-05	2	ABC-transporter polyamine-binding lipoprotein
1.44688862517e-05	2	integrating conjugative element relaxase
1.44688862517e-05	2	propeptide peptidase M4 and M36
1.44688862517e-05	2	homoserine kinase, partial
1.44688862517e-05	2	MULTISPECIES: D-serine ammonia-lyase
1.44688862517e-05	2	30S ribosomal protein S6--L-glutamate ligase, partial
1.44688862517e-05	2	BapC protein
1.44688862517e-05	2	molybdopterin-binding oxidoreductase, partial
1.44688862517e-05	2	MULTISPECIES: MCP chemoreceptor protein
1.44688862517e-05	2	MULTISPECIES: transcriptional regulator LldR
1.44688862517e-05	2	MULTISPECIES: haloacid dehalogenase, partial
1.44688862517e-05	2	MULTISPECIES: Dak phosphatase
1.44688862517e-05	2	M10 family peptidase
1.44688862517e-05	2	Fe-S cluster assembly ATP-binding protein
1.44688862517e-05	2	flagellar export protein
1.44688862517e-05	2	MULTISPECIES: lysogenization regulator HflD
1.44688862517e-05	2	phosphate acetyl/butyryl transferase
1.44688862517e-05	2	DRTGG domain-containing protein
1.44688862517e-05	2	23S rRNA (adenine(2503)-C(8))-methyltransferase Cfr
1.44688862517e-05	2	proteic killer protein
1.44688862517e-05	2	the GLUG motif domain-containing protein
1.44688862517e-05	2	MULTISPECIES: band 7 protein
1.44688862517e-05	2	restriction endonuclease EcoEI subunit R
1.44688862517e-05	2	sensory transducer YqeI
1.44688862517e-05	2	MULTISPECIES: DUF1467 domain-containing protein
1.44688862517e-05	2	MULTISPECIES: 2-methylcitrate synthase/citrate synthase II
1.44688862517e-05	2	LmbE-like protein
1.44688862517e-05	2	DUF4148 domain-containing protein, partial
1.44688862517e-05	2	acyl-CoA synthetase (AMP-forming)
1.44688862517e-05	2	site-2 protease
1.44688862517e-05	2	phosphomannose isomerase type I-like protein
1.44688862517e-05	2	cell division protein FtsI, partial
1.44688862517e-05	2	fructose-bisphosphate aldolase, partial
1.44688862517e-05	2	arabinosidase, partial
1.44688862517e-05	2	DUF370 domain-containing protein
1.44688862517e-05	2	MULTISPECIES: DUF3592 domain-containing protein
1.44688862517e-05	2	LAGLIDADG DNA endonuclease
1.44688862517e-05	2	MULTISPECIES: helicase IV
1.44688862517e-05	2	RNA polymerase, sigma-24 subunit, RpoE
1.44688862517e-05	2	nucleotide-binding protein, partial
1.44688862517e-05	2	cupin domain-containing protein, partial
1.44688862517e-05	2	MULTISPECIES: acetolactate synthase AlsS
1.44688862517e-05	2	adenylate cyclase 3
1.44688862517e-05	2	MULTISPECIES: ZIP zinc transporter
1.44688862517e-05	2	pilC, type II secretion system protein
1.44688862517e-05	2	heat-shock protein G
1.44688862517e-05	2	glycosyltransferase TIGR04372 family
1.44688862517e-05	2	copper ABC transporter
1.44688862517e-05	2	dipeptidylaminopeptidase/acylaminoacyl-peptidase
1.44688862517e-05	2	3'-phosphoesterase
1.44688862517e-05	2	ABC transporter permease and ATPase
1.44688862517e-05	2	ammonium permease
1.44688862517e-05	2	two-component sensor and regulatory system
1.44688862517e-05	2	DUF732 domain-containing protein
1.44688862517e-05	2	RND efflux system, hypothetical protein, NodT family, partial
1.44688862517e-05	2	MULTISPECIES: activator of osmoprotectant transporter prop
1.44688862517e-05	2	NAD+/NADH kinase
1.44688862517e-05	2	ATP-dependent chaperone protein ClpB
1.44688862517e-05	2	type III restriction-modification system, restriction subunit
1.44688862517e-05	2	flagella biosynthesis regulator
1.44688862517e-05	2	replication initiator protein
1.44688862517e-05	2	Serine dehydratase single chain form
1.44688862517e-05	2	Exopolysaccharide synthesis ExoD
1.44688862517e-05	2	phosphoribosylformylglycinamidine (FGAM) synthase synthetase
1.44688862517e-05	2	ribonuclease E/G-like protein
1.44688862517e-05	2	MULTISPECIES: branched-chain amino acid ABC transporter permease (LIV-I protein M)
1.44688862517e-05	2	biodegradative arginine decarboxylase
1.44688862517e-05	2	type 4 fimbrial assembly protein pilC
1.44688862517e-05	2	phosphatase, partial
1.44688862517e-05	2	osmosensitive K channel His kinase sensor
1.44688862517e-05	2	IS630 family transposase ISCARN21
1.44688862517e-05	2	MULTISPECIES: alkaline serine protease
1.44688862517e-05	2	TRAP transporter, DctM subunit
1.44688862517e-05	2	phage large terminase
1.44688862517e-05	2	MULTISPECIES: deacetylase sulfotransferase
1.44688862517e-05	2	MULTISPECIES: dockerin
1.44688862517e-05	2	sporadic carbohydrate cluster protein, TIGR04323 family
1.44688862517e-05	2	amino acid:proton symporter
1.44688862517e-05	2	PolC-type DNA polymerase
1.44688862517e-05	2	MULTISPECIES: toxin B
1.44688862517e-05	2	Mlc titration factor A
1.44688862517e-05	2	putative aminobutyrate aminotransferase
1.44688862517e-05	2	glucose-6-phosphate dehydrogenase (NADP(+)), partial
1.44688862517e-05	2	citrate lyase ACP
1.44688862517e-05	2	glycoside hydrolase family 43 protein, partial
1.44688862517e-05	2	Excalibur domain-containing protein
1.44688862517e-05	2	exported lipase/acylhydrolase (lipoprotein)
1.44688862517e-05	2	MicC protein
1.44688862517e-05	2	DUF4415 domain-containing protein
1.44688862517e-05	2	MULTISPECIES: sulfate/molybdate ABC transporter ATPase
1.44688862517e-05	2	MULTISPECIES: 5-aminolevulinic acid synthase
1.44688862517e-05	2	NADH:ubiquinone oxidoreductase membrane subunit J
1.44688862517e-05	2	DUF1177 domain-containing protein
1.44688862517e-05	2	indolepyruvate ferredoxin oxidoreductase subunit beta
1.44688862517e-05	2	ribosomal methyltransferase
1.44688862517e-05	2	diphosphomevalonate decarboxylase, partial
1.44688862517e-05	2	MULTISPECIES: phage prohead protease
1.44688862517e-05	2	isoquinoline oxidoreductase subunit beta
1.44688862517e-05	2	MULTISPECIES: electron transport complex subunit RsxG
1.44688862517e-05	2	DUF3431 domain-containing protein, partial
1.44688862517e-05	2	IS21 family transposase ISPst3
1.44688862517e-05	2	anaerobic nitric oxide reductase transcription regulator
1.44688862517e-05	2	acyl-CoA synthetase AMP-fatty acid ligase
1.44688862517e-05	2	nitrogenase-stabilizing/protective protein NifW
1.44688862517e-05	2	HsdR protein
1.44688862517e-05	2	bifunctional transaldolase/phosoglucose isomerase
1.44688862517e-05	2	MULTISPECIES: late competence protein
1.44688862517e-05	2	phosphoribulokinase/uridine kinase
1.44688862517e-05	2	MULTISPECIES: photosystem II manganese-stabilizing polypeptide
1.44688862517e-05	2	MULTISPECIES: 2-hydroxyglutaryl-CoA dehydratase
1.44688862517e-05	2	ABC transporter permease DevC
1.44688862517e-05	2	MULTISPECIES: aerobic carbon monoxide dehydrogenase
1.44688862517e-05	2	KR domain-containig protein
1.44688862517e-05	2	MacB-like periplasmic core domain protein
1.44688862517e-05	2	bifunctional 3-demethylubiquinone 3-O-methyltransferase/2-octaprenyl-6-hydroxy phenol methylase, partial
1.44688862517e-05	2	MULTISPECIES: acetyl-/propionyl-CoA carboxylase alpha chain
1.44688862517e-05	2	ZipA-like protein
1.44688862517e-05	2	phosphate ABC transporter periplasmic phosphate-binding protein
1.44688862517e-05	2	ISL3 family transposase ISCARN77
1.44688862517e-05	2	dihydropteroate synthase DHPS
1.44688862517e-05	2	DUF2759 domain-containing protein
1.44688862517e-05	2	Propionyl-CoA carboxylase carboxyl transferase subunit
1.44688862517e-05	2	MULTISPECIES: TIGR04563 family protein
1.44688862517e-05	2	ABC-2 transporter permease
1.44688862517e-05	2	Na+/H+ dicarboxylate symporter
1.44688862517e-05	2	type VI secretion protein, family
1.44688862517e-05	2	transporter, UIT1 family
1.44688862517e-05	2	non-canonical purine NTP pyrophosphatase, RdgB/HAM1 family, partial
1.44688862517e-05	2	DUF4159 domain-containing protein, partial
1.44688862517e-05	2	gramicidin S non-ribosomal peptide synthetase GrsB
1.44688862517e-05	2	MULTISPECIES: eicosanoid and glutathione metabolism membrane-associated protein
1.44688862517e-05	2	23S rRNA (guanine(1835)-N(2))-methyltransferase
1.44688862517e-05	2	Neuraminidase (sialidase)
1.44688862517e-05	2	MULTISPECIES: DUF4256 domain-containing protein
1.44688862517e-05	2	sensor kinase of Zn/Pb responsive two-component regulatory system
1.44688862517e-05	2	L-glyceraldehyde 3-phosphate reductase, partial
1.44688862517e-05	2	replicase
1.44688862517e-05	2	endo-alpha-(1->5)-L-arabinanase
1.44688862517e-05	2	omega-3 polyunsaturated fatty acid synthase PfaA
1.44688862517e-05	2	salicylaldehyde dehydrogenase (modular protein)
1.44688862517e-05	2	putative Helicase/secretion neighborhood DEAH-box helicase
1.44688862517e-05	2	ribosome biogenesis GTP-binding protein YsxC, partial
1.44688862517e-05	2	serine/threonine protein phosphatase, partial
1.44688862517e-05	2	anti-ECFsigma factor ChrR
1.44688862517e-05	2	MULTISPECIES: K(+)-transporting ATPase subunit B
1.44688862517e-05	2	MULTISPECIES: multiple antibiotic resistance protein
1.44688862517e-05	2	MULTISPECIES: IS1595 family transposase ISCosp2
1.44688862517e-05	2	MULTISPECIES: TIR chaperone family protein
1.44688862517e-05	2	MULTISPECIES: alkanesulfonate monooxygenase, FMNH(2)-dependent
1.44688862517e-05	2	MULTISPECIES: D-mycarose 3-C-methyltransferase
1.44688862517e-05	2	iron ABC transporter substrate-binding protein, partial
1.44688862517e-05	2	Extracellular serine protease precursor
1.44688862517e-05	2	DUF3487 domain-containing protein
1.44688862517e-05	2	MULTISPECIES: impB/mucB/samB family protein
1.44688862517e-05	2	MULTISPECIES: aspartate dehydrogenase
1.44688862517e-05	2	MULTISPECIES: amino acid ABC transporter solute-binding protein
1.44688862517e-05	2	urease accessory protein UreG, partial
1.44688862517e-05	2	primosome, DnaD subunit
1.44688862517e-05	2	cloacin
1.44688862517e-05	2	branched-chain amino acid ABC-type transport system permease component
1.44688862517e-05	2	lipoprotein PlpD
1.44688862517e-05	2	MULTISPECIES: plasmid recombination enzyme
1.44688862517e-05	2	V-type ATPase subunit family protein
1.44688862517e-05	2	MULTISPECIES: L-selenocysteinyl-tRNA(Sec) synthase
1.44688862517e-05	2	ApbE family protein
1.44688862517e-05	2	PTS N-acetylglucosamine transporter subunit IIBC
1.44688862517e-05	2	MULTISPECIES: Ribulose bisphosphate carboxylase (RuBisCO)
1.44688862517e-05	2	DnaK8
1.44688862517e-05	2	1-hydroxy-2-glutathionyl-2-methyl-3-butene dehydrogenase
1.44688862517e-05	2	WecB/TagA/CpsF family exopolysaccharide biosynthesis protein
1.44688862517e-05	2	ATP citrate lyase
1.44688862517e-05	2	N-acetyl sugar amidotransferase, partial
1.44688862517e-05	2	putative PKD domain containing protein
1.44688862517e-05	2	MULTISPECIES: DUF4132 domain-containing protein
1.44688862517e-05	2	MULTISPECIES: D-alanyl transfer protein
1.44688862517e-05	2	Nidogen, region
1.44688862517e-05	2	phosphoglycerol transferase family protein, alkaline phosphatase superfamily
1.44688862517e-05	2	phycobilisome rod-core linker protein cpcG
1.44688862517e-05	2	MULTISPECIES: glycerol-3-phosphate ABC transporter ATP-binding protein
1.44688862517e-05	2	1,4-beta-N-acetylmuramidase
1.44688862517e-05	2	thiol methyltransferase 1
1.44688862517e-05	2	Dcm methylase
1.44688862517e-05	2	iron-regulated protein frpA, partial
1.44688862517e-05	2	DNA polymerase V, subunit C, partial
1.44688862517e-05	2	Tfp pilus assembly protein PilF, partial
1.44688862517e-05	2	acylamino acid-releasing protein
1.44688862517e-05	2	synthase
1.44688862517e-05	2	fructosamine-3-kinase
1.44688862517e-05	2	phage-associated protein HI1409 family
1.44688862517e-05	2	MULTISPECIES: two-component system sensor histidine kinase CreC
1.44688862517e-05	2	DUF4007 domain-containing protein, partial
1.44688862517e-05	2	MULTISPECIES: heme biosynthesis protein
1.44688862517e-05	2	outer membrane porin, OprD family, partial
1.44688862517e-05	2	serine acetyltransferase, partial
1.44688862517e-05	2	MULTISPECIES: cytochrome c6
1.44688862517e-05	2	kynureninase, partial
1.44688862517e-05	2	MULTISPECIES: myo-inosose-2 dehydratase
1.44688862517e-05	2	cellulase, partial
1.44688862517e-05	2	DUF3262 domain-containing protein
1.44688862517e-05	2	acyl-transferase
1.44688862517e-05	2	MULTISPECIES: gamma-glutamyltranspeptidase
1.44688862517e-05	2	secretion system protein C
1.44688862517e-05	2	type-F conjugative transfer system secretin TraK
1.44688862517e-05	2	demethylmenaquinone methyltransferase-like protein
1.44688862517e-05	2	serine/threonine protein kinase and signal transduction histidine kinase (STHK) with GAF and PAS/PAC sensor
1.44688862517e-05	2	MULTISPECIES: DUF374 domain-containing protein
1.44688862517e-05	2	cobalt transport protein
1.44688862517e-05	2	L-aspartate transporter
1.44688862517e-05	2	MULTISPECIES: iron-sulfur cluster regulator IscR
1.44688862517e-05	2	flagellar export FliJ
1.44688862517e-05	2	type I restriction-modification system, S subunit
1.44688862517e-05	2	outer membrane protein romA
1.44688862517e-05	2	MULTISPECIES: methane monooxygenase/ammonia monooxygenase subunit B
1.44688862517e-05	2	cell adhesion domain-containing protein
1.44688862517e-05	2	DoxX family membrane protein, partial
1.44688862517e-05	2	protein archease
1.44688862517e-05	2	ribonuclease P, partial
1.44688862517e-05	2	alkaline phosphatase, putative
1.44688862517e-05	2	MULTISPECIES: copper resistance protein C
1.44688862517e-05	2	DHH family protein
1.44688862517e-05	2	MULTISPECIES: DUF3727 domain-containing protein
1.44688862517e-05	2	double-stranded DNA exonuclease
1.44688862517e-05	2	Long-chain-fatty-acid--CoA ligase FadD13
1.44688862517e-05	2	type III secretion apparatus H+-transporting two-sector ATPase
1.44688862517e-05	2	DUF2517 domain-containing protein
1.44688862517e-05	2	dephospho-CoA kinase, partial
1.44688862517e-05	2	Cbb3-type cytochrome oxidase, cytochrome c subunit
1.44688862517e-05	2	septation protein spoVG
1.44688862517e-05	2	MULTISPECIES: acetyl-CoA--acetoacetyl-CoA transferase subunit beta
1.44688862517e-05	2	MULTISPECIES: IS5 family transposase ISBmu20
1.44688862517e-05	2	MULTISPECIES: Ryanodine receptor Ryr
1.44688862517e-05	2	anacyclamide/piricyclamide family prenylated cyclic peptide
1.44688862517e-05	2	MULTISPECIES: NHLP family bacteriocin export ABC transporter permease/ATPase subunit
1.44688862517e-05	2	peptidoglycan binding domain protein
1.44688862517e-05	2	MULTISPECIES: pilus assembly protein PilB
1.44688862517e-05	2	MULTISPECIES: pilus assembly protein PilN
1.44688862517e-05	2	putative amidohydrolase family protein
1.44688862517e-05	2	IS21 family transposase ISAzo4
1.44688862517e-05	2	encapsulating for peroxidase
1.44688862517e-05	2	Radical SAM
1.44688862517e-05	2	CBS domain-containing protein, partial
1.44688862517e-05	2	MULTISPECIES: phage head protein
1.44688862517e-05	2	NAD-dependent glycerol-3-phosphate dehydrogenase
1.44688862517e-05	2	serine/arginine repetitive matrix protein 2
1.44688862517e-05	2	cobalamin ABC transporter ATPase
1.44688862517e-05	2	NADPH quinone reductase
1.44688862517e-05	2	Reverse transcriptase (RNA-dependent DNA polymerase)
1.44688862517e-05	2	MULTISPECIES: Fatty acid desaturase type 1
1.44688862517e-05	2	DNA-binding transcriptional activator of the SARP family
1.44688862517e-05	2	ComEC/Rec2-related protein
1.44688862517e-05	2	DUF748 domain-containing protein, partial
1.44688862517e-05	2	heparanase/b-glucuronidase
1.44688862517e-05	2	fumarylacetoacetate hydrolase 2
1.44688862517e-05	2	MULTISPECIES: crossover junction endodeoxyribonuclease
1.44688862517e-05	2	fimbrial assembly membrane protein
1.44688862517e-05	2	medium-chain-fatty-acid--CoA ligase AlkK
1.44688862517e-05	2	IS701 family transposase ISSus1
1.44688862517e-05	2	water stress/hypersensitive response domain-containing protein
1.44688862517e-05	2	IS21 family transposase ISGur9
1.44688862517e-05	2	antifreeze protein, partial
1.44688862517e-05	2	type I restriction-modification system R subunit
1.44688862517e-05	2	MULTISPECIES: IS3 family transposase ISShes1
1.44688862517e-05	2	non-ribosomal peptide synthase:amino acid adenylation
1.44688862517e-05	2	hydratase/decarboxylase
1.44688862517e-05	2	MULTISPECIES: channel protein hemolysin III family
1.44688862517e-05	2	PEP phosphonomutase
1.44688862517e-05	2	putative cytochrome c
1.44688862517e-05	2	GTP cyclohydrolase II, partial
1.44688862517e-05	2	polyamine aminopropyltransferase
1.44688862517e-05	2	ATP-dependent helicase/deoxyribonuclease subunit B
1.44688862517e-05	2	voltage-gated ClC-type chloride channel ClcB
1.44688862517e-05	2	MULTISPECIES: urease accessory protein UreJ
1.44688862517e-05	2	Allergen V5/Tpx-1 family protein
1.44688862517e-05	2	protein dpnD
1.44688862517e-05	2	MULTISPECIES: protein translocase subunit SecA 1
1.44688862517e-05	2	ribosomal RNA small subunit methyltransferase H 2
1.44688862517e-05	2	mannosyltransferase-like protein
1.44688862517e-05	2	poly granule associated family protein
1.44688862517e-05	2	MULTISPECIES: glutamine ABC transporter substrate-binding protein
1.44688862517e-05	2	MULTISPECIES: double-stranded uracil-DNA glycosylase
1.44688862517e-05	2	bb3-type cytochrome oxidase subunit III
1.44688862517e-05	2	MULTISPECIES: ABC-type nitrate/sulfonate/bicarbonate transport systems periplasmic components-like protein
1.44688862517e-05	2	photosystem II stability/assembly factor
1.44688862517e-05	2	Response regulator receiver:Metal-dependent phosphohydrolase, HD subdomain
1.44688862517e-05	2	type II R-M system restriction endonuclease
1.44688862517e-05	2	NAD+ dependent betaine aldehyde dehydrogenase
1.44688862517e-05	2	kelch repeat protein
1.44688862517e-05	2	putative periplasmic binding transport protein
1.44688862517e-05	2	fatty acyl CoA synthetase
1.44688862517e-05	2	rRNA small subunit methyltransferase G
1.44688862517e-05	2	Zn-dependent hydrolase or glyoxylase
1.44688862517e-05	2	GAF sensor-containing adenylate/guanylate cyclase
1.44688862517e-05	2	bacteriocin, partial
1.44688862517e-05	2	DtxR family iron (metal) dependent repressor
1.44688862517e-05	2	MULTISPECIES: 2,3-dihydroxyphenylpropionate 1,2-dioxygenase
1.44688862517e-05	2	zonula occludens toxin
1.44688862517e-05	2	transcriptional regulator AbrB
1.44688862517e-05	2	MULTISPECIES: DUF802 domain-containing protein
1.44688862517e-05	2	flagellum-specific ATP synthase FliL, partial
1.44688862517e-05	2	MULTISPECIES: NAD-dependent malic enzyme 4
1.44688862517e-05	2	Signal transduction histidine kinase
1.44688862517e-05	2	CRISPR-associated protein Cse2
1.44688862517e-05	2	MULTISPECIES: patatin family protein
1.44688862517e-05	2	putative AMP-dependent synthetase/ligase (fragment)
1.44688862517e-05	2	ATP-dependent ClpAP protease, ATP-binding subunit ClpA
1.44688862517e-05	2	glucosiduronase
1.44688862517e-05	2	MULTISPECIES: 2-keto-3-deoxygluconate permease
1.44688862517e-05	2	DUF4400 domain-containing protein
1.44688862517e-05	2	negative regulator of type III secretion
1.44688862517e-05	2	MULTISPECIES: ATP F0F1 synthase subunit delta
1.44688862517e-05	2	anti-sigma-factor antagonist and glycosyl transferase
1.44688862517e-05	2	deoxyutp pyrophosphatase
1.44688862517e-05	2	glutathione-dependent formaldehyde-activating GFA
1.44688862517e-05	2	MULTISPECIES: DNA alkylation response protein
1.44688862517e-05	2	ACP synthetase
1.44688862517e-05	2	cell wall-binding repeat 2 family protein
1.44688862517e-05	2	peptidase S1/S6
1.44688862517e-05	2	peptidase, M50 family
1.44688862517e-05	2	efflux pump membrane fusion protein
1.44688862517e-05	2	PcfJ-like protein
1.44688862517e-05	2	SEFIR domain-containing protein
1.44688862517e-05	2	cupin 2 conserved barrel domain protein
1.44688862517e-05	2	queuosine biosynthesis protein QueC
1.44688862517e-05	2	MULTISPECIES: DUF1203 domain-containing protein
1.44688862517e-05	2	multisubunit sodium/proton antiporter, MrpD subunit
1.44688862517e-05	2	DUF4231 domain-containing protein, partial
1.44688862517e-05	2	IS3 family transposase ISGlo1
1.44688862517e-05	2	glycoside hydrolase family 76
1.44688862517e-05	2	pathogenesis-like protein
1.44688862517e-05	2	DUF1001 domain-containing protein
1.44688862517e-05	2	MULTISPECIES: glycerol 3-phosphate ABC transporter
1.44688862517e-05	2	alanine glycine permease
1.44688862517e-05	2	MULTISPECIES: sensory transducer protein
1.44688862517e-05	2	DUF2259 domain-containing protein
1.44688862517e-05	2	dipeptidase PepV
1.44688862517e-05	2	MULTISPECIES: DUF4865 domain-containing protein
1.44688862517e-05	2	molybdopterin dehydrogenase FAD-binding, partial
1.44688862517e-05	2	non-ribosomal peptide synthetase modules, partial
1.44688862517e-05	2	protein involved in formation of curli polymer
1.44688862517e-05	2	MULTISPECIES: carbamoyl-phosphate synthase subunit L
1.44688862517e-05	2	MULTISPECIES: organic solvent ABC transporter permease
1.44688862517e-05	2	Ethanolamine ammonia-lyase heavy chain
1.44688862517e-05	2	cadherin domain protein
1.44688862517e-05	2	Inositol monophosphatase/ADP-ribosylglycohydrolase
1.44688862517e-05	2	putative acetamidase/formamidase
1.44688862517e-05	2	head morphogenesis protein SPP1
1.44688862517e-05	2	SulD
1.44688862517e-05	2	flagellar FlaF family protein
1.44688862517e-05	2	MULTISPECIES: spore germination protein
1.44688862517e-05	2	benzylsuccinyl-CoA dehydrogenase
1.44688862517e-05	2	lysC protein
1.44688862517e-05	2	putative membrane protein of unknown function
1.44688862517e-05	2	HTH domain-containig protein
1.44688862517e-05	2	MULTISPECIES: DUF3126 domain-containing protein
1.44688862517e-05	2	DUF2635 domain-containing protein
1.44688862517e-05	2	L-aspartate aminotransferase
1.44688862517e-05	2	MULTISPECIES: adenine-specific DNA-methyltransferase
1.44688862517e-05	2	ubiquitin carboxyl-hydrolase
1.44688862517e-05	2	ABC-type dipeptide transport system, periplasmic component
1.44688862517e-05	2	mannitol-1-phosphate/altronate dehydrogenase
1.44688862517e-05	2	nuclease SbcCD subunit D
1.44688862517e-05	2	poly-gamma-glutamic synthesis PgsA protein
1.44688862517e-05	2	MULTISPECIES: phage-associated protein, BcepMu gp16 family
1.44688862517e-05	2	phosphorylase superfamily protein
1.44688862517e-05	2	deoxyribose-phosphate aldolase/phospho-2-dehydro-3-deoxyheptonate aldolase
1.44688862517e-05	2	MULTISPECIES: pyrroloquinoline quinone biosynthesis protein PqqD
1.44688862517e-05	2	MULTISPECIES: DUF3164 domain-containing protein
1.44688862517e-05	2	glyoxalase-like domain-containing protein
1.44688862517e-05	2	heat shock protein DnaJ domain-containing protein
1.44688862517e-05	2	cobalamin synthesis protein/P47K family protein
1.44688862517e-05	2	cytochrome d ubiquinol oxidase subunit II, partial
1.44688862517e-05	2	MULTISPECIES: type 2 lantipeptide synthetase LanM
1.44688862517e-05	2	protein of unknown function DUF1058
1.44688862517e-05	2	peptidyl-prolyl cis-trans isomerase, partial
1.44688862517e-05	2	MULTISPECIES: DUF3224 domain-containing protein
1.44688862517e-05	2	malate/L-lactate dehydrogenase
1.44688862517e-05	2	S8 subtilisin family serine endopeptidase precursor
1.44688862517e-05	2	DUF2339 domain-containing protein, partial
1.44688862517e-05	2	inter-alpha-trypsin inhibitor heavy chain H2 precursor-like protein
1.44688862517e-05	2	YcaO protein
1.44688862517e-05	2	Ni,Fe-hydrogenase III large subunit
1.44688862517e-05	2	RelE/StbE
1.44688862517e-05	2	MULTISPECIES: prokaryotic cytochrome b561
1.44688862517e-05	2	fructose 2,6-bisphosphatase
1.44688862517e-05	2	putative adenylate kinase/hypoxanthine phosphoribosyltransferase fusion protein
1.44688862517e-05	2	pyruvate formate-lyase PFL
1.44688862517e-05	2	MULTISPECIES: phospholipid-binding lipoprotein MlaA
1.44688862517e-05	2	DUF718 domain-containing protein
1.44688862517e-05	2	2-oxoglutarate synthase subunit B, korB-like protein
1.44688862517e-05	2	hemolysin-coregulated protein
1.44688862517e-05	2	IS5 family transposase ISDal2
1.44688862517e-05	2	MULTISPECIES: DNA replication protein DnaD
1.44688862517e-05	2	MULTISPECIES: strictosidine synthase
1.44688862517e-05	2	outer membrane insertion signal domain-containing protein
1.44688862517e-05	2	RHS repeat-like protein
1.44688862517e-05	2	conjugal transfer protein TraI, partial
1.44688862517e-05	2	DUF2656 domain-containing protein
1.44688862517e-05	2	MULTISPECIES: ceramide glucosyltransferase
1.44688862517e-05	2	MULTISPECIES: DUF3088 domain-containing protein
1.44688862517e-05	2	MULTISPECIES: PSE family sulfate exporter
1.44688862517e-05	2	pyridoxamine kinase
1.44688862517e-05	2	MULTISPECIES: rotamase
1.44688862517e-05	2	EpsE
1.44688862517e-05	2	Methyl-accepting chemotaxis protein signaling domain
1.44688862517e-05	2	urea carboxylase-associated protein 1 (DUF1989 domain)
1.44688862517e-05	2	peptidase, M23/M37 family
1.44688862517e-05	2	nitrate ABC transporter ATPases C and D
1.44688862517e-05	2	anti-sigma 24 factor
1.44688862517e-05	2	3D-(3,5/4)-trihydroxycyclohexane-1,2-dione acylhydrolase (decyclizing), partial
1.44688862517e-05	2	MULTISPECIES: Ig domain-containing protein
1.44688862517e-05	2	MULTISPECIES: 2-ketoisovalerate ferredoxin oxidoreductase subunit alpha
1.44688862517e-05	2	2-oxoglutarate decarboxylase
1.44688862517e-05	2	putative aminotransferase B
1.44688862517e-05	2	stress response protein TerZ
1.44688862517e-05	2	NADPH-dependent butanol dehydrogenase
1.44688862517e-05	2	chitinase class I
1.44688862517e-05	2	hemolysin III family protein
1.44688862517e-05	2	cytochrome C subunit protein
1.44688862517e-05	2	polyketide biosynthesis enoyl-CoA hydratase
1.44688862517e-05	2	polyamine ABC transporter
1.44688862517e-05	2	DEAD/DEAH box family ATP-dependent RNA helicase
1.44688862517e-05	2	peptidase M36, partial
1.44688862517e-05	2	sensor diguanylate cyclase/phosphoesterase, PAS, PAS and Hist_Kin_Sens domain-containing
1.44688862517e-05	2	MULTISPECIES: urea transporter
1.44688862517e-05	2	MULTISPECIES: conjugative transfer relaxase/helicase TraI
1.44688862517e-05	2	MULTISPECIES: CDP-paratose 2-epimerase
1.44688862517e-05	2	MULTISPECIES: selenoprotein
1.44688862517e-05	2	cation transport-associated protein
1.44688862517e-05	2	glycosyltransferase family 4 protein, partial
1.44688862517e-05	2	ATP:corrinoid adenosyltransferase
1.44688862517e-05	2	DNA helicase/exodeoxyribonuclease V subunit B
1.44688862517e-05	2	NdhF3 operon transcriptional regulator
1.44688862517e-05	2	exported alkaline phosphatase
1.44688862517e-05	2	MULTISPECIES: Medium-chain-fatty-acid--CoA ligase (Medium-chain acyl-CoA synthetase)
1.44688862517e-05	2	MULTISPECIES: cytochrome C biogenesis protein ResB
1.44688862517e-05	2	choline-phosphate cytidylyltransferase
1.44688862517e-05	2	CRISPR-associated protein Csm4
1.44688862517e-05	2	dihydroxyacetone kinase subunit DhaM
1.44688862517e-05	2	cyanophycin synthase
1.44688862517e-05	2	peptidase M41 FtsH domain protein
1.44688862517e-05	2	MULTISPECIES: solanesyl diphosphate synthase
1.44688862517e-05	2	VIT family protein, partial
1.44688862517e-05	2	2-octaprenyl-3-methyl-6-methoxy-1,4-benzoquinol hydroxylase, partial
1.44688862517e-05	2	T1SS-143 repeat domain-containing protein
1.44688862517e-05	2	co-chaperone YbbN, partial
1.44688862517e-05	2	dTDP-4-dehydrorhamnose reductase, partial
1.44688862517e-05	2	PAS domain S-box/PAS domain S-box/PAS domain S-box/PAS domain S-box/PAS domain S-box
1.44688862517e-05	2	DNA mismatch repair protein MutS domain-containing protein
1.44688862517e-05	2	aminopeptidase, putative
1.44688862517e-05	2	SOS-response transcriptional repressors (RecA-mediated autopeptidase)-like protein
1.44688862517e-05	2	MULTISPECIES: IS3 family transposase IS426
1.44688862517e-05	2	alpha (1,3)-fucosyltransferase
1.44688862517e-05	2	cytochrome o ubiquinol oxidase subunit II
1.44688862517e-05	2	GIY-YIG nuclease superfamily protein
1.44688862517e-05	2	Taurine catabolism dioxygenase TauD, TfdA family
1.44688862517e-05	2	MULTISPECIES: hydroxyethylthiazole kinase
1.44688862517e-05	2	MULTISPECIES: hydrogenase nickel incorporation protein HupN
1.44688862517e-05	2	DUF1092 domain-containing protein, partial
1.44688862517e-05	2	cation/cationic drug transporter
1.44688862517e-05	2	aminodeoxychorismate synthase component 2
1.44688862517e-05	2	Lon protease 1
1.44688862517e-05	2	negative regulator of septation ring formation
1.44688862517e-05	2	ligand gated channel (GIC family protein)
1.44688862517e-05	2	MULTISPECIES: shufflon system plasmid conjugative transfer pilus tip adhesin PilV
1.44688862517e-05	2	poly(beta-D-mannuronate) C5 epimerase 1
1.44688862517e-05	2	putative phage associated protein
1.44688862517e-05	2	flavin mononucleotide phosphatase
1.44688862517e-05	2	Type II/IV secretion system ATP hydrolase TadA/VirB11/CpaF, TadA subfamily
1.44688862517e-05	2	tRNA (guanosine(46)-N7)-methyltransferase TrmB, partial
1.44688862517e-05	2	MULTISPECIES: aerotaxis receptor Aer
1.44688862517e-05	2	MULTISPECIES: L-arabinose transporter ATP-binding protein
1.44688862517e-05	2	MULTISPECIES: bicarbonate transport ATP-binding protein CmpC
1.44688862517e-05	2	acetazolamide conferring resistance protein Zam, partial
1.44688862517e-05	2	MULTISPECIES: anion permease, partial
1.44688862517e-05	2	protein translocase TatA
1.44688862517e-05	2	acetyl esterase (deacetylase)
1.44688862517e-05	2	MULTISPECIES: two-component system sensor histidine kinase KdbD
1.44688862517e-05	2	MULTISPECIES: inosine-5-monophosphate dehydrogenase
1.44688862517e-05	2	putative Iron-sulfur cluster-binding protein, Rieske family
1.44688862517e-05	2	putative calcium-binding protein,FG-GAP repeat protein
1.44688862517e-05	2	fermentation/respiration switch protein
1.44688862517e-05	2	DNA recombinase RecA
1.44688862517e-05	2	MULTISPECIES: GSCFA domain-containing protein
1.44688862517e-05	2	fimbriae biosynthesis protein
1.44688862517e-05	2	Ferredoxin family protein
1.44688862517e-05	2	carboxysome structural protein EutM
1.44688862517e-05	2	MCP methyltransferase, CheR-type
1.44688862517e-05	2	MULTISPECIES: teicoplanin resistance protein VanZ
1.44688862517e-05	2	protein CsuC
1.44688862517e-05	2	porin outer membrane protein
1.44688862517e-05	2	IS3 family transposase ISRj2
1.44688862517e-05	2	DUF86 domain-containing protein, partial
1.44688862517e-05	2	Na+/H+ antiporter NhaA type
1.44688862517e-05	2	lincosamide nucleotidyltransferase Lnu(C)
1.44688862517e-05	2	bifunctional protein precursor : putative endonuclease 1 precursor and putative adhesin
1.44688862517e-05	2	erythronolide synthase/acyl transferase EryA
1.44688862517e-05	2	DUF3299 domain-containing protein, partial
1.44688862517e-05	2	MULTISPECIES: flagellar basal body rod modification protein
1.44688862517e-05	2	putative N-6 adenine-specific DNA methylase
1.44688862517e-05	2	WD40 repeat, subgroup
1.44688862517e-05	2	toxin ABC transporter ATP-binding protein, partial
1.44688862517e-05	2	DUF2987 domain-containing protein
1.44688862517e-05	2	arabinofuranosyltransferase
1.44688862517e-05	2	IS5 family transposase ISCca5
1.44688862517e-05	2	MULTISPECIES: multifunctional 2',3'-cyclic-nucleotide 2'-phosphodiesterase/5'-nucleotidase/3'-nucleotidase
1.44688862517e-05	2	MULTISPECIES: IS66 family transposase ISCku6
1.44688862517e-05	2	MULTISPECIES: DNA-binding transcriptional repressor DeoR
1.44688862517e-05	2	oxidoreductase molybdopterin-binding
1.44688862517e-05	2	MULTISPECIES: O-acetyl-ADP-ribose deacetylase
1.44688862517e-05	2	ADP,ATP carrier protein 1
1.44688862517e-05	2	ADP,ATP carrier protein 2
1.44688862517e-05	2	MULTISPECIES: formate acetyltransferase
1.44688862517e-05	2	DUF3103 domain-containing protein
1.44688862517e-05	2	DNA methylase family protein
1.44688862517e-05	2	DNA-binding transcriptional repressor AcrR
1.44688862517e-05	2	IS3 family transposase ISErh6
1.44688862517e-05	2	MULTISPECIES: branched-chain amino acid transporter AzlC
1.44688862517e-05	2	ABC transporter permease yknZ
1.44688862517e-05	2	DNA photolyase FAD-binding
1.44688862517e-05	2	MULTISPECIES: homoserine acetyltransferase
1.44688862517e-05	2	putative large terminase protein
1.44688862517e-05	2	MULTISPECIES: DUF3079 domain-containing protein
1.44688862517e-05	2	30S ribosomal protein S14 type Z
1.44688862517e-05	2	putative Protein CicA
1.44688862517e-05	2	rep protein
1.44688862517e-05	2	outer membrane autotransporter barrel domain-containing protein 5
1.44688862517e-05	2	MULTISPECIES: aminoglycoside 3'-phosphotransferase
1.44688862517e-05	2	di-heme cytochrome c peroxidase
1.44688862517e-05	2	MULTISPECIES: tRNA (mo5U34)-methyltransferase
1.44688862517e-05	2	Glu-tRNA(Gln) amidotransferase subunit A
1.44688862517e-05	2	tagatose-1,6-bisphosphate aldolase
1.44688862517e-05	2	toxin-antitoxin system toxin component Fic family
1.44688862517e-05	2	phosphoglucose isomerase (PGI)
1.44688862517e-05	2	protein serine/threonine phosphatase 2C domain-containing protein
1.44688862517e-05	2	beta-phosphoglucomutase, partial
1.44688862517e-05	2	precorrin methylase
1.44688862517e-05	2	Amidase, putative
1.44688862517e-05	2	MULTISPECIES: antirestriction protein ArdC
1.44688862517e-05	2	MULTISPECIES: IS110 family transposase ISWpi13
1.44688862517e-05	2	acyl-CoA dehydrogenase domain protein
1.44688862517e-05	2	succinoglycan biosynthesis protein exoh
1.44688862517e-05	2	succinoglycan biosynthesis protein exoi
1.44688862517e-05	2	GAP family protein
1.44688862517e-05	2	MULTISPECIES: carbon monoxide dehydrogenase F protein
1.44688862517e-05	2	MULTISPECIES: precorrin isomerase
1.44688862517e-05	2	Sua5 YciO YrdC YwlC family protein
1.44688862517e-05	2	transcriptional regulator, LacI family
1.44688862517e-05	2	P-II family nitrogen regulator, partial
1.44688862517e-05	2	cytochrome C protein NapC, partial
1.44688862517e-05	2	DEAD/DEAH box helicase-like protein
1.44688862517e-05	2	RecA protein
1.44688862517e-05	2	MULTISPECIES: stage V sporulation protein D
1.44688862517e-05	2	UDP-phosphomannose--protein mannosyltransferase
1.44688862517e-05	2	arsenite transporter
1.44688862517e-05	2	NUMOD1 domain-containing protein
1.44688862517e-05	2	IS3 family transposase ISAs31
1.44688862517e-05	2	alkylphosphonate utilization protein, partial
1.44688862517e-05	2	lipopolysaccharide N-acetylglucosaminyltransferase
1.44688862517e-05	2	LexA repressor 1
1.44688862517e-05	2	pilus assembly protein CpaB
1.44688862517e-05	2	MULTISPECIES: MgtC/SapB transporter
1.44688862517e-05	2	cell envelope-like function transcriptional attenuator common domain protein, partial
1.44688862517e-05	2	MULTISPECIES: periplasmic nitrate/nitrite reductase c-type cytochrome, NapC/NirT family protein
1.44688862517e-05	2	MULTISPECIES: DUF1145 domain-containing protein
1.44688862517e-05	2	ATP F0F1 synthase subunit alpha, partial
1.44688862517e-05	2	MULTISPECIES: DUF4054 domain-containing protein
1.44688862517e-05	2	Histidinol-phosphate aminotransferase 1
1.44688862517e-05	2	spermidine/putrescine ABC transporter permease, partial
1.44688862517e-05	2	penicillin-binding protein 2B
1.44688862517e-05	2	integral membrane protein terC
1.44688862517e-05	2	ATPase involved in replication control, Cdc46/Mcm family
1.44688862517e-05	2	MULTISPECIES: DUF4926 domain-containing protein
1.44688862517e-05	2	MULTISPECIES: general secretion pathway protein GspJ
1.44688862517e-05	2	polysaccharide lyase family 7 protein, partial
1.44688862517e-05	2	molybdenum storage protein subunit alpha
1.44688862517e-05	2	dynein regulation protein LC7
1.44688862517e-05	2	MULTISPECIES: capsule biosynthesis protein CapM
1.44688862517e-05	2	MULTISPECIES: capsule biosynthesis protein CapK
1.44688862517e-05	2	DNA/RNA helicase, superfamily I
1.44688862517e-05	2	MULTISPECIES: septation protein SpoVG
1.44688862517e-05	2	MULTISPECIES: cytochrome C oxidase subunit I
1.44688862517e-05	2	ribosome-recycling factor, partial
1.44688862517e-05	2	MULTISPECIES: DUF4907 domain-containing protein
1.44688862517e-05	2	cinnamoyl-CoA:phenyllactate CoA-transferase
1.44688862517e-05	2	efflux transporter, RND family, MFP subunit
1.44688862517e-05	2	anaerobic ribonucleoside-triphosphate reductase, partial
1.44688862517e-05	2	Bll6274 protein
1.44688862517e-05	2	superfamily II helicase
1.44688862517e-05	2	BstXI family restriction endonuclease
1.44688862517e-05	2	adventurous gliding motility protein T
1.44688862517e-05	2	UDP-N-acetylmuramoyl-tripeptide-D-alanyl-D-alanine ligase MurF
1.44688862517e-05	2	negative regulator of beta-lactamase
1.44688862517e-05	2	RyR domain protein
1.44688862517e-05	2	arylsulfatase A, partial
1.44688862517e-05	2	CDP-glycerol--poly(glycerophosphate) glycerophosphotransferase
1.44688862517e-05	2	group 1 glycosyl transferase, partial
1.44688862517e-05	2	MULTISPECIES: cytochrome o ubiquinol oxidase
1.44688862517e-05	2	3-hydroxyacyl-CoA dehydrogenase NAD-binding
1.44688862517e-05	2	phosphate ABC transporter permease subunit PstC, partial
1.44688862517e-05	2	N-acetylmuramoyl-L-alanine amidase, family 2
1.44688862517e-05	2	heavy metal-transporting P-type ATPase-most likely copper-transporting
1.44688862517e-05	2	putative phytanoyl-CoA dioxygenase family protein
1.44688862517e-05	2	UMP phosphatase
1.44688862517e-05	2	MULTISPECIES: asparagine synthetase A
1.44688862517e-05	2	putative Acetyl-CoA synthetase
1.44688862517e-05	2	pilus assembly protein PilS
1.44688862517e-05	2	hemolysin secretion protein D, plasmid
1.44688862517e-05	2	MCP-domain signal transduction protein
1.44688862517e-05	2	wd40-like beta propeller containing protein
1.44688862517e-05	2	SrtB family sortase
1.44688862517e-05	2	small GTP-binding domain protein
1.44688862517e-05	2	DNA segregation ATPase
1.44688862517e-05	2	3-aminobutyryl-CoA aminotransferase
1.44688862517e-05	2	MULTISPECIES: type-F conjugative transfer system pilin assembly protein TrbC
1.44688862517e-05	2	Glycosyl hydrolases family 2, sugar binding domain protein
1.44688862517e-05	2	MULTISPECIES: DJ-1 family protein
1.44688862517e-05	2	MULTISPECIES: thiol:disulfide interchange protein, partial
1.44688862517e-05	2	(p)ppGpp synthetase I, SpoT/RelA
1.44688862517e-05	2	MULTISPECIES: pyruvate synthase
1.44688862517e-05	2	MULTISPECIES: DUF3574 domain-containing protein
1.44688862517e-05	2	CheA signal transduction histidine kinase
1.44688862517e-05	2	amino acid ABC transporter substrate-binding protein/signal transduction system
1.44688862517e-05	2	structural toxin protein RtxA
1.44688862517e-05	2	MULTISPECIES: restriction endonuclease, SacI family
1.44688862517e-05	2	TIGR00282 family metallophosphoesterase
1.44688862517e-05	2	sodium-glucose/galactose cotransporter
1.44688862517e-05	2	MULTISPECIES: Tir chaperone family protein
1.44688862517e-05	2	sulfatase modifying factor 1 (C-alpha-formyglycine- generating enzyme 1), partial
1.44688862517e-05	2	MULTISPECIES: extra-cytoplasmic solute receptor protein
1.44688862517e-05	2	Type II restriction enzyme, methylase subunit
1.44688862517e-05	2	IS4 family transposase ISCARN70
1.44688862517e-05	2	arachidonate 15-lipoxygenase
1.44688862517e-05	2	porphyrin biosynthesis protein, partial
1.44688862517e-05	2	multidrug resistance efflux transporter family protein
1.44688862517e-05	2	glycosidase-like protein
1.44688862517e-05	2	MULTISPECIES: methionine ABC transporter permease
1.44688862517e-05	2	MULTISPECIES: DUF4864 domain-containing protein
1.44688862517e-05	2	nitrous oxide maturation protein NosY
1.44688862517e-05	2	MULTISPECIES: histidine phosphatase
1.44688862517e-05	2	TrpR-binding protein WrbA
1.44688862517e-05	2	MULTISPECIES: S-layer protein
1.44688862517e-05	2	mobilization protein BmgA
1.44688862517e-05	2	MULTISPECIES: microcin C ABC transporter ATP-binding protein YejF
1.44688862517e-05	2	NAD dependent epimerase/dehydratase family protein
1.44688862517e-05	2	phospholipase D, partial
1.44688862517e-05	2	MULTISPECIES: cell wall assembly protein
1.44688862517e-05	2	ubiquinone/menaquinone biosynthesis methyltransferase UbiE
1.44688862517e-05	2	epitope biosynthesis protein
1.44688862517e-05	2	Na(+)-transporting NADH-quinone reductase subunit B
1.44688862517e-05	2	cyanophycin synthetase CphA
1.44688862517e-05	2	MULTISPECIES: aspartate carbamoyltransferase regulatory subunit
1.44688862517e-05	2	DUF1496 domain-containing protein
1.44688862517e-05	2	purine nucleoside phosphorylase I, inosine and guanosine-specific
1.44688862517e-05	2	Major vault protein
1.44688862517e-05	2	DUF4743 domain-containing protein, partial
1.44688862517e-05	2	inorganic diphosphatase, partial
1.44688862517e-05	2	MULTISPECIES: 6-pyruvoyltetrahydropterin synthase
1.44688862517e-05	2	fused FAD/FMN-containing dehydrogenase/FeS oxidoreductase
1.44688862517e-05	2	neuraminidase (sialidase)-like protein
1.44688862517e-05	2	putative polyhydroxyalkanoate synthesis repressor PhaR
1.44688862517e-05	2	MULTISPECIES: phenol degradation protein meta
1.44688862517e-05	2	Zn-finger protein
1.44688862517e-05	2	biotin--acetyl-CoA-carboxylase ligase
1.44688862517e-05	2	MULTISPECIES: RNA methyltransferase TrmH
1.44688862517e-05	2	pyridoxal phosphate-dependent enzyme apparently involved in regulation of cell wall biogenesis
1.44688862517e-05	2	MULTISPECIES: phage antirepressor
1.44688862517e-05	2	methane monooxygenase/ammonia monooxygenase subunit A
1.44688862517e-05	2	MULTISPECIES: ferrichrome porin FhuA
1.44688862517e-05	2	energy transducer protein TonB, partial
1.44688862517e-05	2	TauD/TfdA family protein
1.44688862517e-05	2	Na+/H+ antiporter NhaD-like permease
1.44688862517e-05	2	MULTISPECIES: SulP family sulfate transporter
1.44688862517e-05	2	urocanate hydratase, partial
1.44688862517e-05	2	peptidase M15D vanX D-ala-D-ala dipeptidase
1.44688862517e-05	2	MULTISPECIES: peptidase S33 family protein
1.44688862517e-05	2	IS5 family transposase ISAzo41
1.44688862517e-05	2	methenyltetrahydrofolate synthetase
1.44688862517e-05	2	secretion ATPase PEP-CTERM locus family protein
1.44688862517e-05	2	MULTISPECIES: N-acyl amino acid synthase, PEP-CTERM/exosortase system-associated
1.44688862517e-05	2	glycosyl/glycerophosphate transferase teichoic acid biosynthesis
1.44688862517e-05	2	MULTISPECIES: DUF3302 domain-containing protein
1.44688862517e-05	2	Lanthionine synthetase C family protein
1.44688862517e-05	2	MULTISPECIES: heme NO-binding domain-containing protein
1.44688862517e-05	2	ferredoxin protein
1.44688862517e-05	2	MULTISPECIES: capsular exopolysaccharide family protein
1.44688862517e-05	2	metabolite-proton symporter
1.44688862517e-05	2	cysteine protease, partial
1.44688862517e-05	2	type IV pili sensor histidine kinase/response regulator PilL
1.44688862517e-05	2	DUF2024 domain-containing protein
1.44688862517e-05	2	MULTISPECIES: F420-dependent oxidoreductase
1.44688862517e-05	2	galactofuranosyltransferase
1.44688862517e-05	2	type III restriction-modification system, Res subunit
1.44688862517e-05	2	teichuronic acid biosynthesis glycosyltransferase TuaH
1.44688862517e-05	2	PTS N-acetyl glucosamine transporter subunits IIABC
1.44688862517e-05	2	outer membrane assembly lipoprotein YfgL
1.44688862517e-05	2	ornithine decarboxylase SpeF
1.44688862517e-05	2	sensor protein PhoQ
1.44688862517e-05	2	PAS/PAC/GAF sensor-containing diguanylate cyclase
1.44688862517e-05	2	endoribonuclease GhoS
1.44688862517e-05	2	Mg2 transporter protein CorA family protein
1.44688862517e-05	2	flagellar basal body rod protein FlgF, partial
1.44688862517e-05	2	TrwE protein
1.44688862517e-05	2	MULTISPECIES: wbmP
1.44688862517e-05	2	MULTISPECIES: ribulose 1,5-bisphosphate carboxylase
1.44688862517e-05	2	ABC transporter-associated protein EcsC
1.44688862517e-05	2	D-alanyl-D-alanine carboxypeptidase PBP3
1.44688862517e-05	2	MULTISPECIES: para-aminobenzoate synthase
1.44688862517e-05	2	metallo-hydrolase
1.44688862517e-05	2	3-carboxymuconate cyclase-like protein
1.44688862517e-05	2	nucleoside-binding protein
1.44688862517e-05	2	NinB phage protein
1.44688862517e-05	2	putative aspartyl/asparaginyl beta-hydroxylase
1.44688862517e-05	2	MULTISPECIES: integration host factor
1.44688862517e-05	2	hemerythrin-like metal-binding protein
1.44688862517e-05	2	putative 6-aminohexanoate-dimer hydrolase
1.44688862517e-05	2	protease/lipase ABC transporter permease/ATP-binding protein
1.44688862517e-05	2	lipopolysaccharide heptosyltransferase-1
1.44688862517e-05	2	protein, contains AAA+ NTPase domain and R3H ssDNA-binding domain
1.44688862517e-05	2	ribose periplasmic binding protein
1.44688862517e-05	2	Free methionine-R-sulfoxide reductase
1.44688862517e-05	2	Maf-like protein yceF
1.44688862517e-05	2	Mg-protoporphyrin IX chelatase BchI
1.44688862517e-05	2	hemolysin-type calcium-binding region, partial
1.44688862517e-05	2	cellulose synthase operon protein C
1.44688862517e-05	2	MULTISPECIES: glycoside hydrolase family 24
1.44688862517e-05	2	MULTISPECIES: glycoside hydrolase family 25
1.44688862517e-05	2	P-loop protein
1.44688862517e-05	2	MULTISPECIES: pectin esterase
1.44688862517e-05	2	MULTISPECIES: L-ornithine 5-monooxygenase
1.44688862517e-05	2	MULTISPECIES: DUF2075 domain-containing protein, partial
1.44688862517e-05	2	Stage II sporulation E family protein
1.44688862517e-05	2	benzoyl-CoA reductase, bzd-type, subunit Q
1.44688862517e-05	2	beta-glucuronidase UidA
1.44688862517e-05	2	DUF3866 domain-containing protein
1.44688862517e-05	2	rhamnogalacturonan lyase, partial
1.44688862517e-05	2	Nucleotidyltransferase/DNA polymerase involved in DNA repair-like protein
1.44688862517e-05	2	putative CDP-glycerol:poly(glycerophosphate) glycerophosphotransferase
1.44688862517e-05	2	SIR2 family transcriptional regulator
1.44688862517e-05	2	putative partition-related protein
1.44688862517e-05	2	lambda integrase
1.44688862517e-05	2	SLBB domain-containing protein
1.44688862517e-05	2	phage baseplate assembly protein
1.44688862517e-05	2	TIGR04190 family B12-binding domain/radical SAM domain protein
1.44688862517e-05	2	dNDP-4-keto-6-deoxy-glucose-2,3- dehydratase
1.44688862517e-05	2	ribosome alternative rescue factor ArfA
1.44688862517e-05	2	2-hydroxypropyl-CoM dehydrogenase
1.44688862517e-05	2	MULTISPECIES: DUF2514 domain-containing protein
1.44688862517e-05	2	MULTISPECIES: PAS domain-containing protein
1.44688862517e-05	2	L-ascorbate-6-phosphate lactonase
1.44688862517e-05	2	type II restriction endonuclease MunI
1.44688862517e-05	2	phenylacetic acid degradation protein paaN
1.44688862517e-05	2	MULTISPECIES: putative Glycosyl transferase, group 2 family protein
1.44688862517e-05	2	3-aminobutyryl-CoA ammonia lyase
1.44688862517e-05	2	lipid A export permease/ATP-binding protein MsbA, partial
1.44688862517e-05	2	O-acetylhomoserine aminocarboxypropyltransferase/cysteine synthase, partial
1.44688862517e-05	2	MULTISPECIES: virulence factor family protein
1.44688862517e-05	2	dTDP-rhamnosyl transferase RfbF
1.44688862517e-05	2	MULTISPECIES: aminoglycoside nucleotidyltransferase
1.44688862517e-05	2	glutamine amidotransferase, class I
1.44688862517e-05	2	nodulation protein nolO
1.44688862517e-05	2	amide hydrolase
1.44688862517e-05	2	cellulosome protein
1.44688862517e-05	2	beta-1,4-N-acetylgalactosaminyltransferase
1.44688862517e-05	2	MULTISPECIES: DUF2279 domain-containing protein
1.44688862517e-05	2	cytochrome c biogenesis protein CcmA
1.44688862517e-05	2	FMN-dependent protein
1.44688862517e-05	2	sodium/glucose cotransporter 2
1.44688862517e-05	2	sugar permease
1.44688862517e-05	2	IS30 family transposase ISMae39
1.44688862517e-05	2	arabinose transporter permease
1.44688862517e-05	2	fibronectin-binding protein (FBP)
1.44688862517e-05	2	LPS biosynthesis transferase
1.44688862517e-05	2	WD domain-/G-beta repeat/PBS lyase HEAT-like repeat-containing protein
1.44688862517e-05	2	MULTISPECIES: hemolysin-type calcium-binding region
1.44688862517e-05	2	ring-hydroxylation complex protein 4
1.44688862517e-05	2	dipeptide/oligopeptide/nickel ABC transporter ATP-binding protein, partial
1.44688862517e-05	2	nodulation protein NoeI
1.44688862517e-05	2	SprT-like family protein
1.44688862517e-05	2	hydrolyase tartrate subunit beta/fumarate domain-containing protein Fe-S type
1.44688862517e-05	2	toxin-antitoxin system protein
1.44688862517e-05	2	transferase membrane protein
1.44688862517e-05	2	ATPase domain-containing protein
1.44688862517e-05	2	MULTISPECIES: ATP-binding protein IstB
1.44688862517e-05	2	TAIL FIBER-RELATED protein
1.44688862517e-05	2	mitomycin antibiotic biosynthesis protein
1.44688862517e-05	2	MULTISPECIES: acyltransferase family protein
1.44688862517e-05	2	RNA-binding S4 domain protein
1.44688862517e-05	2	MULTISPECIES: sulfurtransferase TusB
1.44688862517e-05	2	kelch motif-containing protein
1.44688862517e-05	2	holliday junction resolvasome, endonuclease subunit
1.44688862517e-05	2	Proprotein convertase P-domain protein
1.44688862517e-05	2	MULTISPECIES: beta-glucuronidase
1.44688862517e-05	2	Zn-dependent hydrolase, partial
1.44688862517e-05	2	MULTISPECIES: ubiquinone/menaquinone biosynthesis methyltransferase UbiE
1.44688862517e-05	2	putative bacterial secretion system protein
1.44688862517e-05	2	ditF protein
1.44688862517e-05	2	ferric-rhodotorulic acid/ferric-coprogen receptor FhuE
1.44688862517e-05	2	2-keto-4-pentenoate hydratase, partial
1.44688862517e-05	2	spirocyclase, AveC family
1.44688862517e-05	2	MULTISPECIES: disulfide reductase
1.44688862517e-05	2	bacteriocin-type transport-associated protein
1.44688862517e-05	2	MULTISPECIES: DUF2219 domain-containing protein
1.44688862517e-05	2	late control protein D, partial
1.44688862517e-05	2	homogentisate 1,2-dioxygenase, partial
1.44688862517e-05	2	type III effector HopAI1
1.44688862517e-05	2	PucC protein
1.44688862517e-05	2	MULTISPECIES: flagellar protein FliT
1.44688862517e-05	2	MULTISPECIES: DUF1230 domain-containing protein
1.44688862517e-05	2	MULTISPECIES: DUF5076 domain-containing protein
1.44688862517e-05	2	MULTISPECIES: hemin transporter
1.44688862517e-05	2	MULTISPECIES: spore coat protein U
1.44688862517e-05	2	MULTISPECIES: cytochrome bd ubiquinol oxidase subunit II
1.44688862517e-05	2	Ig-like domain-containing protein
1.44688862517e-05	2	peptidase M4, thermolysin
1.44688862517e-05	2	MULTISPECIES: portal protein
1.44688862517e-05	2	ABC exporter subunit DevC
1.44688862517e-05	2	TIGR03854 family LLM class F420-dependent oxidoreductase
1.44688862517e-05	2	MULTISPECIES: ATP-dependent zinc metalloprotease FtsH
1.44688862517e-05	2	ATP12 family protein
1.44688862517e-05	2	MULTISPECIES: hemin ABC transporter substrate-binding protein
1.44688862517e-05	2	glycogen(starch) synthase
1.44688862517e-05	2	DNA ligase D, partial
1.44688862517e-05	2	virginiamycin B lyase
1.44688862517e-05	2	PvdJ/PvdD/PvdP-like protein
1.44688862517e-05	2	MULTISPECIES: DUF1367 domain-containing protein
1.44688862517e-05	2	2-oxoacid-ferredoxin oxidoreductase subunit CD
1.44688862517e-05	2	putative restriction
1.44688862517e-05	2	MULTISPECIES: peptide chain release factor-like protein
1.44688862517e-05	2	glycolipid ABC exporter family
1.44688862517e-05	2	NIL domain protein
1.44688862517e-05	2	MULTISPECIES: sporulation protein YhbH
1.44688862517e-05	2	succinate:quinone oxidoreductase subunit C
1.44688862517e-05	2	IS630 family transposase ISWpi11
1.44688862517e-05	2	HslU--HslV peptidase ATPase subunit, partial
1.44688862517e-05	2	comec/rec2-related protein
1.44688862517e-05	2	Ammonia transporter
1.44688862517e-05	2	spiro-SPASM protein
1.44688862517e-05	2	MULTISPECIES: L-ectoine synthase
1.44688862517e-05	2	glutamine ABC transporter permease GlnP
1.44688862517e-05	2	MULTISPECIES: hybrid-cluster NAD(P)-dependent oxidoreductase
1.44688862517e-05	2	biotin-requiring enzyme family protein
1.44688862517e-05	2	electron transporter RnfE
1.44688862517e-05	2	HAD superfamily (subfamily IG) hydrolase, 5'-Nucleotidase
1.44688862517e-05	2	Alpha-amylase precursor
1.44688862517e-05	2	anti sigma-E protein, RseA
1.44688862517e-05	2	MULTISPECIES: DUF1517 domain-containing protein
1.44688862517e-05	2	MULTISPECIES: cobalamin adenosyltransferase
1.44688862517e-05	2	cytochrome c class i
1.44688862517e-05	2	nucleotidyltransferase-like protein
1.44688862517e-05	2	MULTISPECIES: NAD(P)-binding Rossmann-like domain protein
1.44688862517e-05	2	peptidase S46 family protein
1.44688862517e-05	2	C4-dicarboxylate transport system permease large subunit
1.44688862517e-05	2	cell division protein MukB
1.44688862517e-05	2	glycosyltransferase family 6, partial
1.44688862517e-05	2	HupB
1.44688862517e-05	2	ketoisovalerate oxidoreductase
1.44688862517e-05	2	putative OmpA-related protein
1.44688862517e-05	2	MULTISPECIES: multidrug DMT transporter
1.44688862517e-05	2	Flp pilus assembly ATPase TadA
1.44688862517e-05	2	MULTISPECIES: TraG family conjugative transposon ATPase
1.44688862517e-05	2	Cytochrome c oxidase polypeptide I
1.44688862517e-05	2	MULTISPECIES: NAD-dependent phenylacetaldehyde dehydrogenase
1.44688862517e-05	2	MULTISPECIES: ribonuclease N
1.44688862517e-05	2	MULTISPECIES: DUF1269 domain-containing protein
1.44688862517e-05	2	DnaQ-like 3'-5' exonuclease domain superfamily protein
1.44688862517e-05	2	Pyrophosphate--fructose 6-phosphate 1-phosphotransferase subunit alpha
1.44688862517e-05	2	MarR family protein
1.44688862517e-05	2	MULTISPECIES: amino acid decarboxylase
1.44688862517e-05	2	transport energizing protein, ExbD/TolR family
1.44688862517e-05	2	2-oxoacid:acceptor oxidoreductase subunit alpha, partial
1.44688862517e-05	2	gamma-aminobutyraldehyde dehydrogenase, partial
1.44688862517e-05	2	RNA polymerase subunit sigma, partial
1.44688862517e-05	2	MULTISPECIES: mannitol-1-phosphate 5-dehydrogenase
1.44688862517e-05	2	biotin carboxylase like protein
1.44688862517e-05	2	type I restriction-modification system, M subunit
1.44688862517e-05	2	pseudouridylate synthase, partial
1.44688862517e-05	2	MULTISPECIES: DUF982 domain-containing protein
1.44688862517e-05	2	acyl dehydratase with a MaoC-like domain
1.44688862517e-05	2	kinase/pyrophosphorylase, partial
1.44688862517e-05	2	S1 RNA-binding domain protein
1.44688862517e-05	2	nitrate ABC transporter substrate-binding protein, partial
1.44688862517e-05	2	nucleoside permease NupG
1.44688862517e-05	2	TnpF
1.44688862517e-05	2	pyrrolo-quinoline quinone-dependent enzyme
1.44688862517e-05	2	NAD(P)H-quinone oxidoreductase subunit 5, organellar chromatophore 2
1.44688862517e-05	2	MULTISPECIES: nitric-oxide reductase large subunit
1.44688862517e-05	2	ATP10 protein
1.44688862517e-05	2	MULTISPECIES: nitroreductase A
1.44688862517e-05	2	general L-amino acid ABC transporter permease AapQ
1.44688862517e-05	2	MULTISPECIES: protein-glutamate O-methyltransferase
1.44688862517e-05	2	MULTISPECIES: CoA-transferase subunit beta
1.44688862517e-05	2	MULTISPECIES: NADH-ubiquinone/plastoquinone oxidoreductase chain 6
1.44688862517e-05	2	IS3 family transposase ISSst1
1.44688862517e-05	2	rod-binding protein
1.44688862517e-05	2	membrane-bound serine protease
1.44688862517e-05	2	MULTISPECIES: lysis protein E
1.44688862517e-05	2	MULTISPECIES: regulator SirB
1.44688862517e-05	2	precorrin isomerase
1.44688862517e-05	2	MULTISPECIES: DUF4282 domain-containing protein
1.44688862517e-05	2	SOS response transcriptional repressor
1.44688862517e-05	2	MULTISPECIES: daunorubicin ABC transporter ATP-binding protein
1.44688862517e-05	2	phosphoribosyltransferase-like protein
1.44688862517e-05	2	outer membrane protein assembly factor BamC, partial
1.44688862517e-05	2	MULTISPECIES: aminoglycoside nucleotidyltransferase ANT(6)-Ib
1.44688862517e-05	2	DUF2671 domain-containing protein
1.44688862517e-05	2	D-alanine glycine permease
1.44688862517e-05	2	MULTISPECIES: phosphate transport system permease PstA
1.44688862517e-05	2	sensory histidine kinase
1.44688862517e-05	2	MULTISPECIES: AzlD family protein
1.44688862517e-05	2	MULTISPECIES: acetyl-CoA carboxylase subunit alpha
1.44688862517e-05	2	TENA/THI-4 domain protein
1.44688862517e-05	2	weeF
1.44688862517e-05	2	polyketide biosynthesis acyltransferase
1.44688862517e-05	2	phosphatase GppA
1.44688862517e-05	2	Mur ligase family, glutamate ligase domain protein
1.44688862517e-05	2	multifunctional nuclease/2',3'-cyclic-nucleotide 2'-phosphodiesterase/5'-nucleotidase/3'-nucleotidase
1.44688862517e-05	2	tRNA (methyladenosine) methyltransferase
1.44688862517e-05	2	MULTISPECIES: anaerobic ribonucleoside-triphosphate reductase
1.44688862517e-05	2	ribonuclease Z, partial
1.44688862517e-05	2	alpha-2-macroglobulin domain-containing protein, partial
1.44688862517e-05	2	Putative endonuclease protein
1.44688862517e-05	2	folate-binding Fe/S cluster repair protein
1.44688862517e-05	2	Lead, cadmium, zinc and mercury transporting ATPase; Copper-translocating P-type ATPase
1.44688862517e-05	2	MULTISPECIES: glycosyl hydrolase family 10
1.44688862517e-05	2	MULTISPECIES: glycosyl hydrolase family 16
1.44688862517e-05	2	MULTISPECIES: RpiB/LacA/LacB family sugar-phosphate isomerase
1.44688862517e-05	2	MULTISPECIES: autotransporter domain-containing esterase
1.44688862517e-05	2	diaminopimelate epimerase, partial
1.44688862517e-05	2	UDP-galactose-lipid carrier transferase MED92
1.44688862517e-05	2	Cys/Met metabolism lyase
1.44688862517e-05	2	protein of unknown function (DUF821)
1.44688862517e-05	2	ISAzo13 family transposase ISLsp4
1.44688862517e-05	2	MULTISPECIES: serine protein kinase RIO
1.44688862517e-05	2	MULTISPECIES: ligand-binding protein
1.44688862517e-05	2	riboflavin synthase subunit alpha, partial
1.44688862517e-05	2	MULTISPECIES: ribose-phosphate pyrophosphokinase Prs
1.44688862517e-05	2	prokaryotic cytochrome C oxidase subunit IV
1.44688862517e-05	2	membrane-spanning protein
1.44688862517e-05	2	membrane metal-binding protein
1.44688862517e-05	2	aminodeoxychorismate lyase, partial
1.44688862517e-05	2	MULTISPECIES: nitrogen-fixing protein NifU
1.44688862517e-05	2	calcium-binding protein, RTX family
1.44688862517e-05	2	MULTISPECIES: NAD(P)H-quinone oxidoreductase subunit 2
1.44688862517e-05	2	MULTISPECIES: DUF523 domain-containing protein
1.44688862517e-05	2	biopolymer transporter ExbD/TolR
1.44688862517e-05	2	MULTISPECIES: NAD(P)H-quinone oxidoreductase subunit H
1.44688862517e-05	2	MULTISPECIES: S-ribosylhomocysteine lyase
1.44688862517e-05	2	biotin sulfoxide reductase
1.44688862517e-05	2	DUF4179 domain-containing protein
1.44688862517e-05	2	alkaline protease
1.44688862517e-05	2	para-aminobenzoate synthase component I
1.44688862517e-05	2	dienelactone hydrolase-like enzyme
1.44688862517e-05	2	surface-associated protein CshB, partial
1.44688862517e-05	2	NAD(P)-dependent iron-only hydrogenase iron-sulfur protein
1.44688862517e-05	2	pilus protein PilC
1.44688862517e-05	2	MULTISPECIES: rhizosphere induced protein RhiB
1.44688862517e-05	2	transcriptional regulator-like protein
1.44688862517e-05	2	FeS assembly protein IscX
1.44688862517e-05	2	undecaprenyl-phosphate galactose phosphotransferase
1.44688862517e-05	2	MULTISPECIES: IS3 family transposase ISAzo18
1.44688862517e-05	2	MULTISPECIES: DUF2497 domain-containing protein
1.44688862517e-05	2	phosphoribosylformylglycinamidine synthase subunit PurQ
1.44688862517e-05	2	MULTISPECIES: DUF3363 domain-containing protein
1.44688862517e-05	2	MULTISPECIES: DUF3182 domain-containing protein
1.44688862517e-05	2	putative type II endonuclease-methyltransferase fusion protein
1.44688862517e-05	2	2-hydroxypropyl-CoM lyase
1.44688862517e-05	2	MULTISPECIES: antibiotic synthesis protein MbtH
1.44688862517e-05	2	gamma-glutamyl-gamma-aminobutyrate hydrolase PuuD
1.44688862517e-05	2	putative N-ethylammeline chlorohydrolase
1.44688862517e-05	2	peptidase M15B and M15C
1.44688862517e-05	2	DUF4879 domain-containing protein
1.44688862517e-05	2	enod-1,4-beta-xylanase
1.44688862517e-05	2	McrBC endonuclease McrB
1.44688862517e-05	2	cytosine-specific DNA modification methyltransferase
1.44688862517e-05	2	MULTISPECIES: outer membrane channel protein TolC
1.44688862517e-05	2	phosphoribosylaminoimidazole carboxylase, partial
1.44688862517e-05	2	cellulose biosynthesis protein
1.44688862517e-05	2	MULTISPECIES: IS3 family transposase ISSisp1
1.44688862517e-05	2	Cse2 family CRISPR-associated protein
1.44688862517e-05	2	NAD(P)H-quinone oxidoreductase subunit O
1.44688862517e-05	2	MULTISPECIES: multidrug transporter MdfA
1.44688862517e-05	2	polysaccharide export protein, outer membrane
1.44688862517e-05	2	phosphatidylinositol alpha-mannosyltransferase
1.44688862517e-05	2	pyranose oxidase
1.44688862517e-05	2	DUF2955 domain-containing protein
1.44688862517e-05	2	V-type ATP synthase subunit E
1.44688862517e-05	2	V-type ATP synthase subunit F
1.44688862517e-05	2	CRISPR-associated protein Cas5
1.44688862517e-05	2	MULTISPECIES: oxidoreductase FAD-binding subunit
1.44688862517e-05	2	poly(3-hydroxyalkanoate) synthetase
1.44688862517e-05	2	Permease, cytosine/purine, uracil, thiamine, allantoin family protein
1.44688862517e-05	2	KH domain protein
1.44688862517e-05	2	Outer membrane protein Omp28
1.44688862517e-05	2	thioesterase family-like protein
1.44688862517e-05	2	pyrimidine dimer DNA glycosylase
1.44688862517e-05	2	RNAse H family protein
1.44688862517e-05	2	MULTISPECIES: sodium ABC exporter ATP-binding protein
1.44688862517e-05	2	RnfABCDGE type electron transport complex subunit D
1.44688862517e-05	2	group 2 family glycosyltransferase
1.44688862517e-05	2	peptidase, M61 glycyl aminopeptidase family protein, partial
1.44688862517e-05	2	MULTISPECIES: uroporphyrinogen III methyltransferase
1.44688862517e-05	2	DUF1403 domain-containing protein
1.44688862517e-05	2	Salicylate 5-hydroxylase large oxygenase component
1.44688862517e-05	2	pyridoxal-phosphate dependent protein
1.44688862517e-05	2	carboxysome peptide B
1.44688862517e-05	2	MULTISPECIES: rhombosortase
1.44688862517e-05	2	DUF2071 domain-containing protein, partial
1.44688862517e-05	2	DUF2243 domain-containing protein
1.44688862517e-05	2	group 2 glycosyl transferase
1.44688862517e-05	2	Macrolide-specific efflux protein macA precursor
1.44688862517e-05	2	MULTISPECIES: SPBc2 prophage-derived antirepressor protein YoqD
1.44688862517e-05	2	GUN4-like family protein
1.44688862517e-05	2	4-alpha-glucanotransferase, partial
1.44688862517e-05	2	restriction endonuclease DpnII
1.44688862517e-05	2	putative exported serine protease
1.44688862517e-05	2	hydrogenase-4 transcriptional activator
1.44688862517e-05	2	MULTISPECIES: flagellar hook-associated 2-like protein
1.44688862517e-05	2	Negative regulator of genetic competence ClpC/MecB
1.44688862517e-05	2	phospholipase A2 patain superfamily
1.44688862517e-05	2	protein of unknown function DUF1801
1.44688862517e-05	2	MULTISPECIES: peptidase E
1.44688862517e-05	2	poly-gamma-glutamate synthase PgsB
1.44688862517e-05	2	acetyl-CoA transferase
1.44688862517e-05	2	wall associated protein
1.44688862517e-05	2	MULTISPECIES: amino acid ABC transporter substrate-bindnig protein
1.44688862517e-05	2	Medium-chain-fatty-acid-CoA ligase (Medium-chain acyl-CoA synthetase)
1.44688862517e-05	2	phosphopantetheine--protein transferase
1.44688862517e-05	2	glycosyl hydrolase family chitinase
1.44688862517e-05	2	diguanylate cyclase domain protein
1.44688862517e-05	2	MULTISPECIES: serine/threonine-protein phosphatase 2
1.44688862517e-05	2	DUF1870 domain-containing protein
1.44688862517e-05	2	pilus retraction protein PilT
1.44688862517e-05	2	MULTISPECIES: ISL3 family transposase ISPsp2
1.44688862517e-05	2	signal transduction protein with CBS domains
1.44688862517e-05	2	MULTISPECIES: catalase/hydroperoxidase HPI(I)
1.44688862517e-05	2	MULTISPECIES: ATP-dependent dethiobiotin synthetase BioD
1.44688862517e-05	2	virion protein
1.44688862517e-05	2	multifunctional ribose 5-phosphate isomerase B/3-demethylubiquinone-9 3-methyltransferase/2-octaprenyl-6-hydroxy phenol methylase
1.44688862517e-05	2	MULTISPECIES: ATP F0F1 synthase subunit B
1.44688862517e-05	2	UDP-N-acetylglucosamine-lysosomal-acetylglucosaminephosphotransferase
1.44688862517e-05	2	MULTISPECIES: DUF1622 domain-containing protein
1.44688862517e-05	2	MULTISPECIES: Holliday junction DNA helicase
1.44688862517e-05	2	bacteriophage regulatory protein
1.44688862517e-05	2	MULTISPECIES: TenA family transcriptional regulator
1.44688862517e-05	2	cyanuric acid amidohydrolase, partial
1.44688862517e-05	2	cytochrome c biogenesis protein subunit
1.44688862517e-05	2	MULTISPECIES: ubiquinol-cytochrome C chaperone
1.44688862517e-05	2	adenine nucleotide alpha hydrolase
1.44688862517e-05	2	protein-glutamate methyltransferase
1.44688862517e-05	2	DNA segregation ATPase FtsK/SpoIIIE-like protein
1.44688862517e-05	2	MULTISPECIES: surfeit locus 1 family protein
1.44688862517e-05	2	translocation protein in type III secretion system, RhcU
1.44688862517e-05	2	benzaldehyde dehydrogenase (NAD(+))
1.44688862517e-05	2	photosystem I reaction centre subunit III
1.44688862517e-05	2	MULTISPECIES: ketoglutarate semialdehyde dehydrogenase
1.44688862517e-05	2	MULTISPECIES: nitrous-oxide reductase
1.44688862517e-05	2	MULTISPECIES: lipoprotein VacJ
1.44688862517e-05	2	folate-binding protein YgfZ, partial
1.44688862517e-05	2	phage variable tail fiber protein
1.44688862517e-05	2	type IV secretory pathway, VirB9 component
1.44688862517e-05	2	arginine exporter protein
1.44688862517e-05	2	pyruvate dehydrogenase E1 component subunit beta
1.44688862517e-05	2	RNA polymerase-binding transcription factor
1.44688862517e-05	2	epoxide hydratase
1.44688862517e-05	2	taurine ABC transporter ATPase
1.44688862517e-05	2	peptidase Do
1.44688862517e-05	2	ribose 5-phosphate isomerase B, partial
1.44688862517e-05	2	MULTISPECIES: DNA polymerase III, delta' subunit
1.44688862517e-05	2	Na+/H+ antiporter NhaD type
1.44688862517e-05	2	MULTISPECIES: glycosyl hydrolase family 3
1.44688862517e-05	2	peptidase M23B family protein
1.44688862517e-05	2	retinol dehydrogenase
1.44688862517e-05	2	IS21 family transposase ISCARN24
1.44688862517e-05	2	pectate lyase, partial
1.44688862517e-05	2	Prolyl tripeptidyl peptidase precursor
1.44688862517e-05	2	potassium transporter kup
1.44688862517e-05	2	ferredoxin--sulfite reductase
1.44688862517e-05	2	nitrogen fixation protein NifM
1.44688862517e-05	2	nitrogen fixation protein NifR
1.44688862517e-05	2	MULTISPECIES: sec-independent translocation protein mttA/Hcf106
1.44688862517e-05	2	precited cellulosome enzyme
1.44688862517e-05	2	putative protease/scaffold protein
1.44688862517e-05	2	MltA-interacting MipA family protein
1.44688862517e-05	2	MULTISPECIES: acyl-CoA synthetase/AMP-acid ligase II
1.44688862517e-05	2	SEC-C motif-containing protein
1.44688862517e-05	2	sulfatase-modifying factor protein, partial
1.44688862517e-05	2	Oar outer membrane protein protein, OmpA family
1.44688862517e-05	2	alkylhydroperoxidase, AhpD family
1.44688862517e-05	2	MULTISPECIES: DUF4837 domain-containing protein
1.44688862517e-05	2	DUF3944 domain-containing protein
1.44688862517e-05	2	molecular chaperone-like protein
1.44688862517e-05	2	MULTISPECIES: DUF1176 domain-containing protein
1.44688862517e-05	2	cadmium-translocating P-type ATPase, partial
1.44688862517e-05	2	type I secretion system outer membrane protein
1.44688862517e-05	2	MULTISPECIES: histidine-binding periplasmic protein HisJ
1.44688862517e-05	2	CRISPR-associated protein Cmr6
1.44688862517e-05	2	MULTISPECIES: NdvB protein
1.44688862517e-05	2	3-methylmercaptopropionyl-CoA ligase
1.44688862517e-05	2	secreted protein containing cytochrome C, Planctomycete domain protein
1.44688862517e-05	2	MULTISPECIES: methionine ABC transporter substrate-binding protein MetQ
1.44688862517e-05	2	sensor protein ZraS
1.44688862517e-05	2	MULTISPECIES: multidrug transporter MatE
1.44688862517e-05	2	putative tRNA(Ile)-lysidine synthase
1.44688862517e-05	2	IS1634 family transposase, partial
1.44688862517e-05	2	MULTISPECIES: 2-oxoglutarate dehydrogenase
1.44688862517e-05	2	Hemagglutinin family protein
1.44688862517e-05	2	transporter cation channel family protein
1.44688862517e-05	2	DNA repair nucleotidyltransferase/DNA polymerase
1.44688862517e-05	2	DUF5074 domain-containing protein
1.44688862517e-05	2	HflK protein, partial
1.44688862517e-05	2	MULTISPECIES: chlorite dismutase
1.44688862517e-05	2	class II histone deacetylase, partial
1.44688862517e-05	2	sigma factor regulator FecR
1.44688862517e-05	2	aminotransferase class-V family protein
1.44688862517e-05	2	lactoylglutathione lyase-like lyase, partial
1.44688862517e-05	2	plasmid replication initiation protein
1.44688862517e-05	2	IS91 family transposase ISCARN110
1.44688862517e-05	2	adenine-specific DNA methyltransferase (EcoRI methylase)
1.44688862517e-05	2	MULTISPECIES: DUF2868 domain-containing protein
1.44688862517e-05	2	IS3 family transposase ISMxa1
1.44688862517e-05	2	MULTISPECIES: 4Fe-4S binding domain-containing protein
1.44688862517e-05	2	DUF1668 domain-containing protein
1.44688862517e-05	2	uracil DNA glycosylase superfamily protein
1.44688862517e-05	2	peptidase S33
1.44688862517e-05	2	filamentous hemagglutinin family N-terminal domain protein, partial
1.44688862517e-05	2	type III effector 1
1.44688862517e-05	2	L-lactate dehydrogenase (cytochrome)
1.44688862517e-05	2	CoA binding domain protein
1.44688862517e-05	2	trehalose-6-phosphate synthase, partial
1.44688862517e-05	2	glutathione peroxidase, partial
1.44688862517e-05	2	AmpG permease
1.44688862517e-05	2	MULTISPECIES: exodeoxyribonuclease 7 small subunit
1.44688862517e-05	2	MULTISPECIES: flagellar protein FlbA
1.44688862517e-05	2	heptosyltransferase II
1.44688862517e-05	2	ISKra4 family transposase ISAcas1
1.44688862517e-05	2	twin-arginine translocase subunit TatC, partial
1.44688862517e-05	2	MULTISPECIES: DUF2231 domain-containing protein
1.44688862517e-05	2	condensin subunit Smc
1.44688862517e-05	2	monovalent cation:proton antiporter-2 (CPA2) family transporter
1.44688862517e-05	2	CcdB-like toxin protein
1.44688862517e-05	2	co-factor of molecular chaperone
1.44688862517e-05	2	fucose-binding lectin II
1.44688862517e-05	2	NAD(+)/NADH kinase
1.44688862517e-05	2	histidine phosphatase family protein, partial
1.44688862517e-05	2	corrinoid ABC transporter permease
1.44688862517e-05	2	ribosomal biogenesis protein
1.44688862517e-05	2	DUF1308 domain-containing protein
1.44688862517e-05	2	DNA transposition protein
1.44688862517e-05	2	chemotaxis protein W
1.44688862517e-05	2	ectoine/hydroxyectoine ABC transporter permease subunit EhuD
1.44688862517e-05	2	zinc finger protein
1.44688862517e-05	2	bile-acid 7-alpha dehydratase
1.44688862517e-05	2	TIGR04442 family protein
1.44688862517e-05	2	organic colvent ABC transporter permease
1.44688862517e-05	2	TonB-dependent outer membrane receptor precursor
1.44688862517e-05	2	MULTISPECIES: deoxyuridine 5'-triphosphate nucleotidohydrolase Dut
1.44688862517e-05	2	MULTISPECIES: serpin family protein
1.44688862517e-05	2	binding-protein-dependent transport systems inner membrane component, partial
1.44688862517e-05	2	phycobilisome linker polypeptide ApcE
1.44688862517e-05	2	MULTISPECIES: phosphate transporter permease subunit PstC
1.44688862517e-05	2	Putative ATPase (DUF699),'RNA helicase, viral superfamily 1'
1.44688862517e-05	2	plastocyanin/azurin family domain protein
1.44688862517e-05	2	polyprenyl P-hydroxybenzoate and phenylacrylic acid decarboxylase
1.44688862517e-05	2	Immunoglobulin subtype
1.44688862517e-05	2	peptidoglycan with LysM domain protein
1.44688862517e-05	2	flagellar biosynthesis/type III secretory pathway protein
1.44688862517e-05	2	2-hydroxy-3-oxopropionate reductase, partial
1.44688862517e-05	2	molybdenum cofactor sulfurase
1.44688862517e-05	2	MULTISPECIES: sigma E regulatory protein, MucB/RseB
1.44688862517e-05	2	acetyl-CoA carboxylase subunit alpha / propionyl-CoA carboxylase subunit alpha, partial
1.44688862517e-05	2	glutamyl-tRNAGlu reductase
1.44688862517e-05	2	nitrate/nitrite transporter
1.44688862517e-05	2	MULTISPECIES: NTF2 enzyme family protein
1.44688862517e-05	2	flavin reductase-like, FMN-binding
1.44688862517e-05	2	MULTISPECIES: guanylyl cyclase
1.44688862517e-05	2	nucleoside recognition domain protein
1.44688862517e-05	2	multidrug DMT transporter permease, partial
1.44688862517e-05	2	fused acetyl/propionyl-CoA carboxylase subunit alpha/methylmalonyl-CoA decarboxylase subunit alpha
1.44688862517e-05	2	MULTISPECIES: NIF3 1
1.44688862517e-05	2	putative TonB dependent receptor
1.44688862517e-05	2	LacX protein
1.44688862517e-05	2	type 1 dockerin
1.44688862517e-05	2	peptidoglycan synthase
1.44688862517e-05	2	regulatory protein AepA
1.44688862517e-05	2	DUF1145 domain-containing protein
1.44688862517e-05	2	protein of unknown function DUF833
1.44688862517e-05	2	MULTISPECIES: DUF3094 domain-containing protein
1.44688862517e-05	2	3-hydroxybenzoate 6-hydroxylase 1
1.44688862517e-05	2	Lipoprotein, ToxR-activated, TagA
1.44688862517e-05	2	PemK family protein
1.44688862517e-05	2	mmoS
1.44688862517e-05	2	carbon monoxide dehydrogenase subunit G (CoxG) family protein
1.44688862517e-05	2	DUF1702 domain-containing protein
1.44688862517e-05	2	lysine biosynthesis protein LysX
1.44688862517e-05	2	rRNA (guanine-N2)-methyltransferase
1.44688862517e-05	2	NAD(P)-dependent methylenetetrahydromethanopterin dehydrogenase
1.44688862517e-05	2	short-chained dehydrogenase
1.44688862517e-05	2	glutamine ABC transporter permease
1.44688862517e-05	2	glucomannan 4-beta-mannosyltransferase
1.44688862517e-05	2	MULTISPECIES: dTDP-Rha--alpha-D-GlcNAc-pyrophosphate polyprenol alpha-3-L-rhamnosyltransferase
1.44688862517e-05	2	beta-ribofuranosylaminobenzene 5'-phosphate synthase
1.44688862517e-05	2	plasmin and fibronectin-binding protein A
1.44688862517e-05	2	MCP chemoreceptor protein
1.44688862517e-05	2	d-aminoacylase (aspartate, glutamate etc)
1.44688862517e-05	2	modification methyltransferase
1.44688862517e-05	2	cephalosporin-C deacetylase
1.44688862517e-05	2	MULTISPECIES: flagellar biosynthesis repressor FlbT
1.44688862517e-05	2	MULTISPECIES: alpha-1 2-mannosidase
1.44688862517e-05	2	leucine-binding protein (LBP) precursor
1.44688862517e-05	2	MULTISPECIES: relaxase/primase-like fusion protein
1.44688862517e-05	2	thiamine pyrophosphate enzyme TPP-binding domain protein
1.44688862517e-05	2	galactose-1-phosphate uridylyltransferase, partial
1.44688862517e-05	2	MULTISPECIES: cation-efflux pump FieF
1.44688862517e-05	2	MULTISPECIES: ribosome biogenesis GTPase RsgA
1.44688862517e-05	2	fatty oxidation complex, alpha subunit FadB
1.44688862517e-05	2	CHU large protein, SAP or adhesin AidA-like protein
1.44688862517e-05	2	MULTISPECIES: tyrosine phenol-lyase
1.44688862517e-05	2	DUF3192 domain-containing protein
1.44688862517e-05	2	glutamyl-queuosine tRNA(Asp) synthetase
1.44688862517e-05	2	septum formation protein
1.44688862517e-05	2	MULTISPECIES: cation-efflux pump
1.44688862517e-05	2	Quinoprotein glucose dehydrogenase B
1.44688862517e-05	2	Amine oxidase flavin-containing
1.44688862517e-05	2	alpha-mannosyltransferase, partial
1.44688862517e-05	2	DNA-directed RNA polymerase subunit N, partial
1.44688862517e-05	2	Superfamily II DNA/RNA helicase SNF2 family
1.44688862517e-05	2	filamentous hemagglutinin outer membrane protein, partial
1.44688862517e-05	2	IS3 family transposase ISButh2
1.44688862517e-05	2	MULTISPECIES: 2-O-methyltransferase
1.44688862517e-05	2	MULTISPECIES: NahA family Na+/H+ antiporter
1.44688862517e-05	2	septum formation initiator protein
1.44688862517e-05	2	plasmid stabilization system-related protein
1.44688862517e-05	2	MULTISPECIES: alanine--glyoxylate aminotransferase
1.44688862517e-05	2	MULTISPECIES: thiamine pyrophosphate-requiring protein
1.44688862517e-05	2	MULTISPECIES: DUF2628 domain-containing protein
1.44688862517e-05	2	RNA methylase PF01170 family, partial
1.44688862517e-05	2	MULTISPECIES: cellulose synthase regulator BcsB
1.44688862517e-05	2	type II/IV secretion system protein TadC,associated with Flp pilus assembly
1.44688862517e-05	2	Na+-driven multidrug efflux pump
1.44688862517e-05	2	RCC1 domain-containing protein
1.44688862517e-05	2	stage V sporulation protein K, partial
1.44688862517e-05	2	MULTISPECIES: Nif11-like leader peptide family natural product precursor
1.44688862517e-05	2	putative phenylalanine aminotransferase
1.44688862517e-05	2	prtrc system protein e
1.44688862517e-05	2	enoyl-CoA isomerase
1.44688862517e-05	2	flavin-containing amine oxidase
1.44688862517e-05	2	MULTISPECIES: coniferyl-aldehyde dehydrogenase
1.44688862517e-05	2	PasA protein
1.44688862517e-05	2	DUF1810 domain-containing protein, partial
1.44688862517e-05	2	restriction endonuclease PaeR7I
1.44688862517e-05	2	polyhydroxyalkanoic acid synthase, partial
1.44688862517e-05	2	Com family DNA-binding transcriptional regulator
1.44688862517e-05	2	M13 family peptidase
1.44688862517e-05	2	IS21 family transposase ISAlisp1
1.44688862517e-05	2	DUF3841 domain-containing protein
1.44688862517e-05	2	unsaturated glucuronyl hydrolase
1.44688862517e-05	2	PIF1 helicase Helicase
1.44688862517e-05	2	DUF4839 domain-containing protein
1.44688862517e-05	2	usher protein
1.44688862517e-05	2	MULTISPECIES: carbohydrate-binding protein
1.44688862517e-05	2	heat shock and oxidative stress RNA polymerase sigma-E factor
1.44688862517e-05	2	MULTISPECIES: DUF4071 domain-containing protein
1.44688862517e-05	2	cytochrome c biogenesis protein CycX-like protein
1.44688862517e-05	2	MULTISPECIES: phosphoribosyl-ATP pyrophosphatase
1.44688862517e-05	2	NADH-quinone reductase
1.44688862517e-05	2	MULTISPECIES: chromosome replication initiation inhibitor protein
1.44688862517e-05	2	aminotransferase V, partial
1.44688862517e-05	2	DUF2726 domain-containing protein, partial
1.44688862517e-05	2	DNA replication primase
1.44688862517e-05	2	pyoverdine biosynthesis protein
1.44688862517e-05	2	autoinducer synthesis protein
1.44688862517e-05	2	2-amino-4-hydroxy-6-hydroxymethyldihydropteridine diphosphokinase, partial
1.44688862517e-05	2	histidine kinase-, DNA gyrase B-, and HSP90-like ATPase family protein
1.44688862517e-05	2	type IV secretion protein
1.44688862517e-05	2	ATPase associated with various cellular activities
1.44688862517e-05	2	b-glycosyltransferase glycosyltransferase family 2 protein
1.44688862517e-05	2	MULTISPECIES: L-lysine 6-monooxygenase
1.44688862517e-05	2	MULTISPECIES: NADP oxidoreductase coenzyme F420-dependent
1.44688862517e-05	2	MULTISPECIES: MexX family efflux pump subunit
1.44688862517e-05	2	type 2 acyl-CoA dehydrogenase
1.44688862517e-05	2	DUF2236 domain-containing protein, partial
1.44688862517e-05	2	3-hydroxydecanoyl-ACP dehydratase
1.44688862517e-05	2	permease for cytosine/purines
1.44688862517e-05	2	3-amino-5-hydroxybenzoic acid synthase
1.44688862517e-05	2	amino acid ABC transporter substrate-binding protein, PAAT family
1.44688862517e-05	2	calcium-translocating P-type ATPase
1.44688862517e-05	2	type I restriction enzyme EcoAI specificity protein
1.44688862517e-05	2	multidrug efflux system, subunit c
1.44688862517e-05	2	phosphoglycerate dehydrogenase and related dehydrogenase
1.44688862517e-05	2	ligand-gated channel protein, partial
1.44688862517e-05	2	Zn-ribbon-containing protein involved in phosphonate metabolism
1.44688862517e-05	2	nitrogen regulation protein nifR3
1.44688862517e-05	2	IS5 family transposase IS427
1.44688862517e-05	2	DUF817 domain-containing protein, partial
1.44688862517e-05	2	glutaminyl-tRNA synthetase, partial
1.44688862517e-05	2	MULTISPECIES: ribulose phosphate epimerase
1.44688862517e-05	2	flavin reductase FMN-binding
1.44688862517e-05	2	cobalamin biosynthesis protein, partial
1.44688862517e-05	2	hydrolase of the alpha/beta-hydrolase fold protein
1.44688862517e-05	2	sensory/regulatory protein RpfC
1.44688862517e-05	2	folylpolyglutamate synthase, partial
1.44688862517e-05	2	N-acyl-D-amino-acid deacylase, partial
1.44688862517e-05	2	protein OxaA
1.44688862517e-05	2	t-RNA-binding domain-containing protein
1.44688862517e-05	2	membrane-bound metallopeptidase
1.44688862517e-05	2	2-dehydro-3-deoxy-6-phosphogalactonate aldolase, partial
1.44688862517e-05	2	MULTISPECIES: rubrerythrin family protein
1.44688862517e-05	2	MULTISPECIES: nickel-responsive transcriptional regulator NikR
1.44688862517e-05	2	MULTISPECIES: beta-3-deoxy-D-manno-oct-2-ulosonic acid transferase
1.44688862517e-05	2	MULTISPECIES: Tellurite resistance protein TerB
1.44688862517e-05	2	M48 family peptidase, partial
1.44688862517e-05	2	DNA processing protein
1.44688862517e-05	2	Mom72 protein
1.44688862517e-05	2	putative FxsA cytoplasmic membrane protein
1.44688862517e-05	2	MULTISPECIES: Rossman fold protein, TIGR00730 family
1.44688862517e-05	2	putative mannosyltransferase
1.44688862517e-05	2	DgdR
1.44688862517e-05	2	acetyl-hydrolase Bah
1.44688862517e-05	2	type I restriction enzyme, R subunit
1.44688862517e-05	2	MULTISPECIES: OstA family protein
1.44688862517e-05	2	MULTISPECIES: DUF469 domain-containing protein
1.44688862517e-05	2	MULTISPECIES: DUF2026 domain-containing protein
1.44688862517e-05	2	2-diaminobutyrate decarboxylase
1.44688862517e-05	2	angiotensin-converting enzyme
1.44688862517e-05	2	RuBisCO transcriptional regulator
1.44688862517e-05	2	protein containing DNA topoisomerase type IIA subunit A or
1.44688862517e-05	2	phosphogluconate dehydrogenase (NADP(+)-dependent, decarboxylating), partial
1.44688862517e-05	2	MULTISPECIES: SepL/TyeA/HrpJ family type III secretion system gatekeeper
1.44688862517e-05	2	MULTISPECIES: IS3 family transposase ISCpr2
1.44688862517e-05	2	prophage LambdaW4, DNA methylase
1.44688862517e-05	2	MULTISPECIES: AIM24 family protein
1.44688862517e-05	2	integral membrane protein CcmA
1.44688862517e-05	2	4-hydroxy-2-oxoglutarate aldolase / 2-dehydro-3-deoxyphosphogluconate aldolase
1.44688862517e-05	2	aminoacyl-tRNA synthetase
1.44688862517e-05	2	VPDSG-CTERM-specific exosortase XrtC
1.44688862517e-05	2	phosphate/sulfate permease
1.44688862517e-05	2	MULTISPECIES: arginine/ornithine ABC transporter permease AotQ
1.44688862517e-05	2	D-galactarate dehydratase/Altronate hydrolase-like protein
1.44688862517e-05	2	methionine import ATP-binding protein MetN
1.44688862517e-05	2	MULTISPECIES: maturase
1.44688862517e-05	2	sugar kinase ydjH
1.44688862517e-05	2	MULTISPECIES: cobalamin biosynthesis protein CbiG
1.44688862517e-05	2	Glu-tRNA amidotransferase
1.44688862517e-05	2	metal-dependent amidohydrolase with two distinct catalytic domains
1.44688862517e-05	2	permease/ATP-binding protein
1.44688862517e-05	2	hydrolyase tartrate subunit alpha/fumarate domain protein, Fe-S type
1.44688862517e-05	2	putative secretion activating protein
1.44688862517e-05	2	restriction-modification system protein
1.44688862517e-05	2	CMP/dCMP deaminase, zinc-binding
1.44688862517e-05	2	2,3-oxidosqualene cyclase
1.44688862517e-05	2	acetylornithine deacetylase/succinyldiaminopimelate desuccinylase-like deacylase
1.44688862517e-05	2	IS4 family transposase ISPto3
1.44688862517e-05	2	MULTISPECIES: dynamin family protein
1.44688862517e-05	2	E3 ubiquitin ligase
1.44688862517e-05	2	ParD protein (antitoxin to ParE)
1.44688862517e-05	2	16S rRNA (guanine(527)-N(7))-methyltransferase RsmG, partial
1.44688862517e-05	2	phospholipase A(1)
1.44688862517e-05	2	specificity determinant for hsdM and hsdR
1.44688862517e-05	2	prohibitin
1.44688862517e-05	2	MULTISPECIES: DUF2218 domain-containing protein
1.44688862517e-05	2	SdiA-regulated family protein
1.44688862517e-05	2	antirestriction protein, partial
1.44688862517e-05	2	MULTISPECIES: DUF3501 domain-containing protein
1.44688862517e-05	2	galactoside O-acetyltransferase, partial
1.44688862517e-05	2	MULTISPECIES: glycosyl hydrolase, partial
1.44688862517e-05	2	MULTISPECIES: nodulation protein S
1.44688862517e-05	2	MULTISPECIES: toluene tolerance family protein
1.44688862517e-05	2	Soluble lytic murein transglycosylase
1.44688862517e-05	2	glycoprotein endopeptidase
1.44688862517e-05	2	preprotein translocase subunit YidC
1.44688862517e-05	2	Replication initiator protein A (RepA) N-terminus
1.44688862517e-05	2	eco57IR: type IIS restriction enzyme Eco57I
1.44688862517e-05	2	MULTISPECIES: hexapeptide repeat-containing transferase
1.44688862517e-05	2	soluble ligand binding domain-containing protein
1.44688862517e-05	2	lipase, putative esterase
1.44688862517e-05	2	geranylgeranyl diphosphate reductase, partial
1.44688862517e-05	2	lipid A 3-O-deacylase
1.44688862517e-05	2	MULTISPECIES: phosphotransferase involved in cell wall biosynthesis
1.44688862517e-05	2	MULTISPECIES: OpgC domain-containing protein
1.44688862517e-05	2	carboxy- processing protease
1.44688862517e-05	2	MULTISPECIES: type II secretion system protein M
1.44688862517e-05	2	transcriptional regulator, LytR family protein
1.44688862517e-05	2	protein containing DUF901
1.44688862517e-05	2	DUF1593 domain-containing protein, partial
1.44688862517e-05	2	IS1595 family transposase ISEvi1
1.44688862517e-05	2	MexC family multidrug efflux RND transporter periplasmic adaptor subunit
1.44688862517e-05	2	MULTISPECIES: Fe-S metabolism associated SufE
1.44688862517e-05	2	transferase 1, rSAM/selenodomain-associated
1.44688862517e-05	2	MULTISPECIES: bacteriophage protein
1.44688862517e-05	2	bicarbonate transport system substrate-binding protein
1.44688862517e-05	2	MULTISPECIES: F0F1 ATP synthase subunit B'
1.44688862517e-05	2	DNA-directed RNA polymerase omega subunit
1.44688862517e-05	2	MULTISPECIES: cytochrome c biogenesis protein CcsB
1.44688862517e-05	2	cellulosome protein dockerin type I
1.44688862517e-05	2	MULTISPECIES: arginine ABC transporter ATP-binding protein ArtP
1.44688862517e-05	2	cysteine desulfurase, SufS subfamily protein
1.44688862517e-05	2	type I secretion outer membrane protein
1.44688862517e-05	2	M18 family aminopeptidase, partial
1.44688862517e-05	2	murein endopeptidase
1.44688862517e-05	2	RNAse E
1.44688862517e-05	2	arginine succinyltransferase
1.44688862517e-05	2	Glycosyl transferase, family 2:Glycosyl transferase, group 1
1.44688862517e-05	2	4-hydroxybenzoyl-CoA thioesterase family active site protein
1.44688862517e-05	2	conserved exported protein of unknown function
1.44688862517e-05	2	ribose 1,5-bisphosphokinase
1.44688862517e-05	2	OpgC protein
1.44688862517e-05	2	LamG domain-containing protein jellyroll fold domain-containing protein
1.44688862517e-05	2	MULTISPECIES: TIGR02611 family protein
1.44688862517e-05	2	restriction endonuclease AluI
1.44688862517e-05	2	MULTISPECIES: flagellar hook capping protein
1.44688862517e-05	2	MULTISPECIES: protein FixC
1.44688862517e-05	2	mannose-sensitive agglutinin (MSHA) biogenesis protein MshJ
1.44688862517e-05	2	glycoprotein X
1.44688862517e-05	2	thiamine pyrophosphate enzyme-like TPP-binding protein
1.44688862517e-05	2	peptidase M17, partial
1.44688862517e-05	2	type IV secretory pathway, VirB10 protein
1.44688862517e-05	2	MULTISPECIES: chloramphenicol acetyltransferase CAT
1.44688862517e-05	2	MULTISPECIES: DUF3644 domain-containing protein
1.44688862517e-05	2	putative endonuclease containing a URI domain
1.44688862517e-05	2	MULTISPECIES: carbohydrate-binding protein CenC
1.44688862517e-05	2	putative nucleosidase
1.44688862517e-05	2	choline/ethanolamine kinase--aminoglycoside phosphotransferase
1.44688862517e-05	2	peptidase M19, partial
1.44688862517e-05	2	Presumed portal vertex protein
1.44688862517e-05	2	two-component system sensor kinase/response regulator
1.44688862517e-05	2	division specific D,D-transpeptidase / cell division protein
1.44688862517e-05	2	signaling protein containing multidomains
1.44688862517e-05	2	protein kinase family protein
1.44688862517e-05	2	component of type IV pilus
1.44688862517e-05	2	RNA replicase, partial
1.44688862517e-05	2	urea ABC transporter ATP-binding protein UrtD, partial
1.44688862517e-05	2	molybdenum cofactor biosynthesis protein MoaAD
1.44688862517e-05	2	O-linked N-acetylglucosamine transferase SPINDLY family-like protein
1.44688862517e-05	2	tetratricopeptide repeat-domain containing protein
1.44688862517e-05	2	ATP-binding protein involved in virulence
1.44688862517e-05	2	potassium efflux system protein
1.44688862517e-05	2	rolling circle replication protein, Rep63 protein
1.44688862517e-05	2	thiosulfate reductase cytochrome subunit B
1.44688862517e-05	2	MULTISPECIES: 2,4-dichlorophenol 6-monooxygenase
1.44688862517e-05	2	putative iron-dependent regulatory protein
1.44688862517e-05	2	nicotinic acid mononucleotide adenylyltransferase, partial
1.44688862517e-05	2	MULTISPECIES: gliding motility-associated lipoprotein GldK
1.44688862517e-05	2	DUF3349 domain-containing protein
1.44688862517e-05	2	MULTISPECIES: Alg9 family protein mannosyltransferase
1.44688862517e-05	2	Flp pilus-assembly TadE/G-like protein
1.44688862517e-05	2	Sel1 repeat-containing protein
1.44688862517e-05	2	MULTISPECIES: transporter Ompp1/FadL/TodX family
1.44688862517e-05	2	P450 reductase
1.44688862517e-05	2	MULTISPECIES: small-conductance mechanosensitive channel
1.44688862517e-05	2	T5orf172 domain protein
1.44688862517e-05	2	glycosyl transferase family 4 family protein
1.44688862517e-05	2	MULTISPECIES: RHS repeat-associated core domain-containing protein
1.44688862517e-05	2	mucin 2, oligomeric mucus/gel-forming
1.44688862517e-05	2	MULTISPECIES: UDP phosphate-alpha-4-amino-4-deoxy-L-arabinose arabinosyl transferase
1.44688862517e-05	2	MULTISPECIES: High potential iron-sulfur protein
1.44688862517e-05	2	DNA polymerase III, gamma/tau subunits
1.44688862517e-05	2	protein of unknown function DUF1222
1.44688862517e-05	2	glucan 1,4-alpha-maltohexaosidase
1.44688862517e-05	2	ATP-dependent DNA helicase RecQ family
1.44688862517e-05	2	IS3 family transposase ISBlma5
1.44688862517e-05	2	MexW/MexI family multidrug efflux RND transporter permease subunit
1.44688862517e-05	2	serine protease Do
1.44688862517e-05	2	MULTISPECIES: acyl CoA--acetate/3-ketoacid CoA transferase subunit beta
1.44688862517e-05	2	o-succinylbenzoate--CoA ligase, partial
1.44688862517e-05	2	HEXXH motif domain-containing protein
1.44688862517e-05	2	MULTISPECIES: galactoside ABC transporter permease MglC
1.44688862517e-05	2	peptidase M15 family protein
1.44688862517e-05	2	Outer membrane protein transport protein (OMPP1/FadL/TodX)
1.44688862517e-05	2	alkyl hydroperoxide reductase AhpD
1.44688862517e-05	2	restriction endonuclease EcoRI
1.44688862517e-05	2	LpeA
1.44688862517e-05	2	MULTISPECIES: DNA polymerase V
1.44688862517e-05	2	riboflavin biosynthesis protein RibBA
1.44688862517e-05	2	histidine ammonia-lyase HutH
1.44688862517e-05	2	MULTISPECIES: IS5 family transposase ISAzo23
1.44688862517e-05	2	oxidoreductase Rmd
1.44688862517e-05	2	allulose-6-phosphate 3-epimerase
1.44688862517e-05	2	ribonuclease HI, partial
1.44688862517e-05	2	cell surface adhesin with VCBS domains
1.44688862517e-05	2	putative pectinesterase precursor
1.44688862517e-05	2	MULTISPECIES: conjugal transfer protein TrbD
1.44688862517e-05	2	MULTISPECIES: transcriptional regulator PdhR
1.44688862517e-05	2	redoxin domain protein
1.44688862517e-05	2	V-type ATPase subunit
1.44688862517e-05	2	bacterial Ig-like domain, group 2
1.44688862517e-05	2	sensor domain-containing protein
1.44688862517e-05	2	glycosyl transferase family 2 domain protein
1.44688862517e-05	2	MULTISPECIES: phosphotransferase RcsD
1.44688862517e-05	2	ferrous iron transport permease EfeU
1.44688862517e-05	2	DUF445 domain-containing protein, partial
1.44688862517e-05	2	acetoin dehydrogenase E2 component
1.44688862517e-05	2	MULTISPECIES: glycosyl transferase family 9
1.44688862517e-05	2	regulatory P domain-containing protein
1.44688862517e-05	2	photosystem II protein D2, partial
1.44688862517e-05	2	O-succinylbenzoate-CoA ligase (menE)
1.44688862517e-05	2	sorbitol 6-phosphate dehydrogenase
1.44688862517e-05	2	aerobic cobaltochelatase subunit CobT
1.44688862517e-05	2	MOSC domain-containing protein, partial
1.44688862517e-05	2	MULTISPECIES: DUF2949 domain-containing protein
1.44688862517e-05	2	MULTISPECIES: sodium/alanine symporter protein
1.44688862517e-05	2	TIGR02171 family protein
1.44688862517e-05	2	Lon protease 2
1.44688862517e-05	2	putative metal-dependent hydrolase of the TIM-barrel fold protein
1.44688862517e-05	2	NADH dehydrogenase I chain B
1.44688862517e-05	2	rhizobiocin
1.44688862517e-05	2	WYL domain-containing protein, partial
1.44688862517e-05	2	MULTISPECIES: toluene tolerance protein Ttg2B
1.44688862517e-05	2	nicotinamidase, partial
1.44688862517e-05	2	X-Pro dipeptidyl-peptidase domain-containing protein
1.44688862517e-05	2	stage II sporulation E family protein
1.44688862517e-05	2	MULTISPECIES: DUF3426 domain-containing protein
1.44688862517e-05	2	protein containing DUF1568
1.44688862517e-05	2	ABC transporter involved in cytochrome c biogenesis, CcmB subunit
1.44688862517e-05	2	glucan biosynthesis glucosyltransferase H, partial
1.44688862517e-05	2	carbamoyl-phosphate synthase large subunit, partial
1.44688862517e-05	2	cell surface protein, partial
1.44688862517e-05	2	iron ABC transporter ATPase
1.44688862517e-05	2	transport of long-chain fatty acids
1.44688862517e-05	2	K+-stimulated pyrophosphate-energized sodium pump
1.44688862517e-05	2	DnrE protein
1.44688862517e-05	2	zinc ABC transporter
1.44688862517e-05	2	cyclohexa-1,5-dienecarbonyl-CoA hydratase
1.44688862517e-05	2	MULTISPECIES: PTS ascorbate transporter subunit IIC
1.44688862517e-05	2	DNA-directed DNA polymerase B
1.44688862517e-05	2	MULTISPECIES: competence protein
1.44688862517e-05	2	MULTISPECIES: oligosaccharide repeat unit polymerase
1.44688862517e-05	2	DNA G:T-mismatch repair endonuclease
1.44688862517e-05	2	anaerobic c4-dicarboxylate antiporter, Dcu family
1.44688862517e-05	2	MULTISPECIES: 50S rRNA methyltransferase
1.44688862517e-05	2	Amino acid ABC transporter, fused permease and periplasmic binding protein
1.44688862517e-05	2	biopolymer transport ExbB protein
1.44688862517e-05	2	dihydroxynaphthoic acid synthetase, partial
1.44688862517e-05	2	MULTISPECIES: glycine betaine ABC transporter substrate-binding protein
1.44688862517e-05	2	MULTISPECIES: DUF563 domain-containing protein
1.44688862517e-05	2	DNA-directed RNA polymerase sigma subunit (sigma70/sigma32)-like protein
1.44688862517e-05	2	thiazole biosynthesis protein ThiG
1.44688862517e-05	2	MULTISPECIES: ISKra4 family transposase ISCysp25
1.44688862517e-05	2	single-strand DNA-binding protein
1.44688862517e-05	2	N-acetylglucosaminyl-diphospho-undecaprenol L-rhamnosyltransferase
1.44688862517e-05	2	MULTISPECIES: IS5 family transposase ISCaa8
1.44688862517e-05	2	LPS biosynthesis protein RfbU
1.44688862517e-05	2	KorB protein
1.44688862517e-05	2	MULTISPECIES: malonate decarboxylase
1.44688862517e-05	2	MULTISPECIES: UspA domain-containing protein
1.44688862517e-05	2	MULTISPECIES: multidrug RND transporter
1.44688862517e-05	2	autoinducer 2 import system permease LsrD
1.44688862517e-05	2	protease inhibitor Kazal-type
1.44688862517e-05	2	Peptide-N-glycosidase F like protein
1.44688862517e-05	2	sugar nucleotidyltransferase
1.44688862517e-05	2	MULTISPECIES: PSK operon transcription factor
1.44688862517e-05	2	TIGR03750 family conjugal transfer protein
1.44688862517e-05	2	dioxygenase isopenicillin N synthase
1.44688862517e-05	2	MULTISPECIES: tRNA-dihydrouridine synthase
1.44688862517e-05	2	heme exporter protein B
1.44688862517e-05	2	heme exporter protein C
1.44688862517e-05	2	MULTISPECIES: DUF3885 domain-containing protein
1.44688862517e-05	2	phenylacetic acid catabolic protein
1.44688862517e-05	2	kynurenine--oxoglutarate transaminase
1.44688862517e-05	2	ArsR family transcriptional regulator, partial
1.44688862517e-05	2	MULTISPECIES: precorrin 3B synthase CobZ
1.44688862517e-05	2	DNA helicase UvrD/REP type
1.44688862517e-05	2	IS3 family transposase ISPfe1
1.44688862517e-05	2	nucleoside recognition family protein
1.44688862517e-05	2	glycerol-3-phosphate ABC transporter ATP-binding protein UgpC
1.44688862517e-05	2	MULTISPECIES: N-6-adenine-methyltransferase
1.44688862517e-05	2	MULTISPECIES: gliding motility protein MglA
1.44688862517e-05	2	L-allo-threonine dehydrogenase
1.44688862517e-05	2	leucine ABC transporter subunit substrate-binding protein LivK
1.44688862517e-05	2	thermonuclease
1.44688862517e-05	2	MULTISPECIES: DUF386 domain-containing protein
1.44688862517e-05	2	MULTISPECIES: D-glutamate deacylase
1.44688862517e-05	2	MULTISPECIES: putative FMN-dependent luciferase-like monooxygenase
1.44688862517e-05	2	putative short chain dehydrogenase
1.44688862517e-05	2	NnrU protein
1.44688862517e-05	2	succinyl-CoA ligase subunit alpha
1.44688862517e-05	2	protein phosphatase 2C-like
1.44688862517e-05	2	Rieske (2Fe-2S) iron-sulfur domain protein
1.44688862517e-05	2	chain length determinant family protein
1.44688862517e-05	2	M23B family metallopeptidase
1.44688862517e-05	2	PadR family transcriptional regulator, partial
1.44688862517e-05	2	Asp/Glu/hydantoin racemase, partial
1.44688862517e-05	2	NADPH-ferredoxin reductase FprA
1.44688862517e-05	2	MULTISPECIES: tail collar protein
1.44688862517e-05	2	peptidase M13 family protein
1.44688862517e-05	2	IS3 family transposase ISXau3
1.44688862517e-05	2	IS110 family transposase ISAzo28
1.44688862517e-05	2	hydrolase, NUDIX family
1.44688862517e-05	2	MULTISPECIES: malonate decarboxylase subunit gamma
1.44688862517e-05	2	lipopolysaccharide-modifying enzyme
1.44688862517e-05	2	inosine-uridine nucleoside N-ribohydrolase
1.44688862517e-05	2	Hopanoid biosynthesis associated membrane protein HpnM
1.44688862517e-05	2	MULTISPECIES: translocation protein
1.44688862517e-05	2	putative virulence-associated protein E
1.44688862517e-05	2	ssrAB activated protein
1.44688862517e-05	2	Mutator mutT protein (7,8-dihydro-8-oxoguanine-triphosphatase
1.44688862517e-05	2	envelope biogenesis factor ElyC
1.44688862517e-05	2	MULTISPECIES: polyphosphate--nucleotide phosphotransferase
1.44688862517e-05	2	aldehyde oxidoreductase Fe-S cluster-binding subunit
1.44688862517e-05	2	MULTISPECIES: ANT(9) family aminoglycoside nucleotidyltransferase
1.44688862517e-05	2	global cell cycle regulator GcrA-like
1.44688862517e-05	2	type IV fimbrial biogenesis protein pily1
1.44688862517e-05	2	glycosyltransferase domain-containing protein
1.44688862517e-05	2	ATPase AAA-2 domain protein
1.44688862517e-05	2	Cell wall-associated polypeptide CWBP200
1.44688862517e-05	2	DJ-1/PfpI family protein
1.44688862517e-05	2	oligopeptide-binding lipoprotein
1.44688862517e-05	2	cytochrome C555
1.44688862517e-05	2	MULTISPECIES: 2,5-dichloro-2,5-cyclohexadiene-1,4-diol dehydrogenase
1.44688862517e-05	2	trehalose phosphatase
1.44688862517e-05	2	MULTISPECIES: superfamily II DNA/RNA helicase SNF2 family
1.44688862517e-05	2	carbamoyl-phosphate synthase (glutamine-hydrolyzing) large subunit, partial
1.44688862517e-05	2	Por secretion system C-terminal sorting domain containing protein
1.44688862517e-05	2	DNA topoisomerase (ATP-hydrolyzing) subunit A, partial
1.44688862517e-05	2	MULTISPECIES: SWIM zinc finger family protein
1.44688862517e-05	2	MULTISPECIES: alginate biosynthesis protein AlgF
1.44688862517e-05	2	MULTISPECIES: DUF2764 domain-containing protein
1.44688862517e-05	2	hydrogenase large subunit
1.44688862517e-05	2	MULTISPECIES: malonate transporter subunit MadL
1.44688862517e-05	2	membrane-bound lytic murein transglycosylase, putative
1.44688862517e-05	2	MULTISPECIES: 1,3-beta-glucanase
1.44688862517e-05	2	protein UmuC1
1.44688862517e-05	2	dimethylsulfoxide reductase subunit A
1.44688862517e-05	2	cysteine desulfurase sulfur acceptor subunit CsdE
1.44688862517e-05	2	regulatory protein, FmdB family, partial
1.44688862517e-05	2	macro domain protein
1.44688862517e-05	2	MULTISPECIES: chlorinating enzyme
1.44688862517e-05	2	peptidase M24, partial
1.44688862517e-05	2	NlpC/P60 family protein
1.44688862517e-05	2	phosphatidylglycerol lysyltransferase
1.44688862517e-05	2	thiol:disulfide interchange protein dsbD (precursor)
1.44688862517e-05	2	desferrioxamine E biosynthesis protein DesA
1.44688862517e-05	2	MULTISPECIES: DUF1593 domain-containing protein
1.44688862517e-05	2	BrnT family toxin, partial
1.44688862517e-05	2	heme biosynthesis protein
1.44688862517e-05	2	MULTISPECIES: flavodoxin FldB
1.44688862517e-05	2	catalytic
1.44688862517e-05	2	MULTISPECIES: 16S/23S rRNA (cytidine-2'-O)-methyltransferase
1.44688862517e-05	2	Na(+)/H(+) antiporter subunit B
1.44688862517e-05	2	MULTISPECIES: DNA-binding protein HU
1.44688862517e-05	2	glycosyl hydrolase alpha-amylase family
1.44688862517e-05	2	DUF3596 domain-containing protein, partial
1.44688862517e-05	2	batA protein
1.44688862517e-05	2	coenzyme PQQ synthesis protein
1.44688862517e-05	2	Kef-type K+ transport system NAD-binding protein
1.44688862517e-05	2	cell division protein DedD, partial
1.44688862517e-05	2	O-acetylserine lyase
1.44688862517e-05	2	molydopterin dinucleotide-binding region
1.44688862517e-05	2	MULTISPECIES: 5'-methylthioadenosine phosphorylase
1.44688862517e-05	2	flagellar glycosyltransferase
1.44688862517e-05	2	glycosyl hydrolase family 81
1.44688862517e-05	2	Gene D protein
1.44688862517e-05	2	chorismate lyase, partial
1.44688862517e-05	2	YajQ family cyclic di-GMP-binding protein, partial
1.44688862517e-05	2	L-2,4-diaminobutyrate decarboxylase, partial
1.44688862517e-05	2	CpeS-like protein
1.44688862517e-05	2	MULTISPECIES: dimethylglycine catabolism protein DgcA
1.44688862517e-05	2	NLI interacting factor-like phosphatase
1.44688862517e-05	2	DUF3782 domain-containing protein, partial
1.44688862517e-05	2	phosphate ABC transporter substrate-binding protein, partial
1.44688862517e-05	2	virulence-related protein
1.44688862517e-05	2	type III-B CRISPR module-associated protein Cmr3
1.44688862517e-05	2	lipoprotein, partial
1.44688862517e-05	2	MULTISPECIES: hemolytic protein HlpA
1.44688862517e-05	2	Aspartate 1-decarboxylase 2
1.44688862517e-05	2	phosphonate/organophosphate ester transporter subunit
1.44688862517e-05	2	IS66 family transposase ISCysp12
1.44688862517e-05	2	NimC/NimA family protein
1.44688862517e-05	2	DUF4263 domain-containing protein, partial
1.44688862517e-05	2	alternative complex III, protein A
1.44688862517e-05	2	ostA-like family protein
1.44688862517e-05	2	putative Zn peptidase
1.44688862517e-05	2	general glycosylation pathway protein
1.44688862517e-05	2	excisionase family DNA-binding protein
1.44688862517e-05	2	transcriptional regulator, Crp/Fnr family protein
1.44688862517e-05	2	DUF3862 domain-containing protein
1.44688862517e-05	2	arabinogalactan endo-beta-1,4-galactanase
1.44688862517e-05	2	ATP-dependent Clp protease ClpA
1.44688862517e-05	2	MULTISPECIES: DUF4924 domain-containing protein
1.44688862517e-05	2	NADH dehydrogenase I chain F, partial
1.44688862517e-05	2	Eukaryotic cytochrome b561
1.44688862517e-05	2	MULTISPECIES: glutamate/aspartate ABC transporter substrate-binding protein
1.44688862517e-05	2	MULTISPECIES: 2,4-diacetylphloroglucinol biosynthesis protein
1.44688862517e-05	2	MvdC family ATP-grasp ribosomal peptide maturase
1.44688862517e-05	2	capsular biosynthesis protein CpsF
1.44688862517e-05	2	restriction endonuclease GTPase subunit
1.44688862517e-05	2	glycine cleavage system transcriptional repressor
1.44688862517e-05	2	glycosyl transferase group 2 family
1.44688862517e-05	2	poly A polymerase head domain-containing protein
1.44688862517e-05	2	enterobactin/ferric enterobactin esterase
1.44688862517e-05	2	phosphoesterase, dhha1
1.44688862517e-05	2	chromosome segregation ATPase-like protein
1.44688862517e-05	2	MULTISPECIES: peptidase S66
1.44688862517e-05	2	MULTISPECIES: phage repressor protein
1.44688862517e-05	2	bifunctional dTDP-4-keto-L-rhamnose reductase/dTDP-4-keto-6-deoxyglucose-3,5-epimerase
1.44688862517e-05	2	MULTISPECIES: plasma-membrane proton-efflux P-type ATPase
1.44688862517e-05	2	MULTISPECIES: IS701 family transposase
1.44688862517e-05	2	Tfp pilus assembly protein FimT
1.44688862517e-05	2	conjugal transfer protein TrbG/VirB9/CagX
1.44688862517e-05	2	IS3 family transposase ISMaq1
1.44688862517e-05	2	IS3 family transposase ISMaq2
1.44688862517e-05	2	type I restriction-modification system, R subunit
1.44688862517e-05	2	Arginase family
1.44688862517e-05	2	polysaccharide deacetylase-related protein
1.44688862517e-05	2	phage capsid assembly protein
1.44688862517e-05	2	IS21 family transposase ISSpu15
1.44688862517e-05	2	3,4-dihydroxybenzoate decarboxylase
1.44688862517e-05	2	methane monooxygenase, partial
1.44688862517e-05	2	regulator of chromosome condensation-like protein
1.44688862517e-05	2	D-erythrulose-1-phosphate dehydrogenase
1.44688862517e-05	2	DUF3581 domain-containing protein
1.44688862517e-05	2	SLT domain protein
1.44688862517e-05	2	acetyltransferase (isoleucine patch superfamily)
1.44688862517e-05	2	copper-resistance protein, CopA family
1.44688862517e-05	2	Alpha/beta hydrolase fold-3 domain protein
1.44688862517e-05	2	REG-2-like, HAD superfamily (subfamily IA) hydrolase
1.44688862517e-05	2	D-isomer specific 2-hydroxyacid dehydrogenase catalytic region:D-isomer specific 2-hydroxyacid dehydrogenase NAD-binding
1.44688862517e-05	2	virulence associated protein VapD
1.44688862517e-05	2	HecA family adhesin/hemagglutinin
1.44688862517e-05	2	putative type I polyketide synthase WcbR
1.44688862517e-05	2	MULTISPECIES: malonate decarboxylase ACP
1.44688862517e-05	2	Dam-replacing protein
1.44688862517e-05	2	cytochrome c oxidase subunit 1, partial
1.44688862517e-05	2	globin, partial
1.44688862517e-05	2	MULTISPECIES: YgeY family selenium metabolism-linked hydrolase
1.44688862517e-05	2	4-hydroxy-2-oxovalerate aldolase, partial
1.44688862517e-05	2	ISAs1 family transposase ISAzs15
1.44688862517e-05	2	fumarate and nitrate reduction regulatory protein
1.44688862517e-05	2	lipoprotein NlpC
1.44688862517e-05	2	2,3,4,5-tetrahydropyridine-2,6-dicarboxylate N-acetyltransferase
1.44688862517e-05	2	WbpP
1.44688862517e-05	2	esterase-like activity of phytase
1.44688862517e-05	2	IS1595 family transposase ISMpo2
1.44688862517e-05	2	envelope membrane protein
1.44688862517e-05	2	MULTISPECIES: IS4 family transposase ISCku4
1.44688862517e-05	2	7TM diverse intracellular signaling
1.44688862517e-05	2	UDP-glucosyltransferase
1.44688862517e-05	2	granule-associated protein phasin
1.44688862517e-05	2	translocation protein TolB, partial
1.44688862517e-05	2	RND efflux system hypothetical protein
1.44688862517e-05	2	flavocytochrome C, partial
1.44688862517e-05	2	L-tyrosine decarboxylase
1.44688862517e-05	2	Tat pathway signal sequence domain-containing protein
1.44688862517e-05	2	MULTISPECIES: flagellar assembly regulator FliX
1.44688862517e-05	2	anabaenopeptilide synthetase ApdD
1.44688862517e-05	2	biopolymer transporter ExbD, partial
1.44688862517e-05	2	MULTISPECIES: carbamoyltransferase HypF
1.44688862517e-05	2	glucoamylase, partial
1.44688862517e-05	2	capsular polysaccharide biosynthesis protein CapF
1.44688862517e-05	2	component of ABC phosphonate transporter
1.44688862517e-05	2	alpha-D-mannosidase
1.44688862517e-05	2	MULTISPECIES: DNA-directed RNA polymerase subunit gamma
1.44688862517e-05	2	MULTISPECIES: SsnA protein
1.44688862517e-05	2	MULTISPECIES: P-type DNA transfer ATPase VirB11
1.44688862517e-05	2	methyl-accepting chemotaxis sensor transducer
1.44688862517e-05	2	4-hydroxy-2-ketovalerate aldolase
1.44688862517e-05	2	transporter UIT6 family
1.44688862517e-05	2	MULTISPECIES: putrescine/spermidine ABC transporter ATP-binding protein
1.44688862517e-05	2	molybdate transport system ATP-binding protein
1.44688862517e-05	2	fusion glycosyltransferase/acetyltransferase
1.44688862517e-05	2	polysaccharide exporter
1.44688862517e-05	2	fibro-slime family protein
1.44688862517e-05	2	flagellar biosynthesis protein FliH
1.44688862517e-05	2	flagellar biosynthesis protein FliS
1.44688862517e-05	2	phosphorylase kinase alpha/subunit beta-like protein
1.44688862517e-05	2	3-carboxy-cis,cis-muconate cycloisomerase, partial
1.44688862517e-05	2	MULTISPECIES: DUF4384 domain-containing protein
1.44688862517e-05	2	transferase, LIC12162 family protein
1.44688862517e-05	2	aminoacrylate hydrolase
1.44688862517e-05	2	mycofactocin radical SAM maturase, partial
1.44688862517e-05	2	L-asparagine permease
1.44688862517e-05	2	phage repressor protein C
1.44688862517e-05	2	DNA topoisomerase, partial
1.44688862517e-05	2	phage-related HNH endonuclease
1.44688862517e-05	2	MULTISPECIES: DUF3483 domain-containing protein
1.44688862517e-05	2	putative peptidase family M23/M37 protein
1.44688862517e-05	2	PROX protein
1.44688862517e-05	2	MULTISPECIES: DNA topoisomerase III family protein
1.44688862517e-05	2	arylsulfotransferase
1.44688862517e-05	2	IS5 family transposase ISAzo27
1.44688862517e-05	2	MULTISPECIES: heme ABC transporter ATPase
1.44688862517e-05	2	RloB-like protein
1.44688862517e-05	2	Contact-dependent inhibition of growth factor CdiA, partial
1.44688862517e-05	2	putative transcriptional regulator, Crp/Fnr family, partial
1.44688862517e-05	2	alpha-hydroxy acid dehydrogenase
1.44688862517e-05	2	N-acetylglucosaminyltransferase, putative (modular protein)
1.44688862517e-05	2	potassium channel, VIC family protein
1.44688862517e-05	2	MULTISPECIES: DUF4012 domain-containing protein
1.44688862517e-05	2	integral membrane family protein
1.44688862517e-05	2	ribose transporter substrate-binding protein
1.44688862517e-05	2	Lipid A biosynthesis, N-terminal
1.44688862517e-05	2	MULTISPECIES: type VI secretion-associated lipoprotein TagQ
1.44688862517e-05	2	MULTISPECIES: N-acylneuraminate-9-phosphate synthase
1.44688862517e-05	2	lactonase Drp35
1.44688862517e-05	2	protein of unknown function DUF161
1.44688862517e-05	2	MULTISPECIES: two-component system sensor histidine kinase EnvZ
1.44688862517e-05	2	MULTISPECIES: flagellar biosynthesis protein FlgM
1.44688862517e-05	2	MOFRL domain-containing protein
1.44688862517e-05	2	phosphopantetheine-protein transferase
1.44688862517e-05	2	acetolactate synthase catalytic subunit IlvB
1.44688862517e-05	2	N-Acetylneuraminate cytidylyltransferase
1.44688862517e-05	2	MULTISPECIES: ubiquinol oxidase subunit II, cyanide insensitive
1.44688862517e-05	2	MULTISPECIES: 8-oxoguanine DNA glycosylase
1.44688862517e-05	2	NcpA
1.44688862517e-05	2	EcbG
1.44688862517e-05	2	MULTISPECIES: cysteine dioxygenase type I
1.44688862517e-05	2	SSS family transporter
1.44688862517e-05	2	DUF4056 domain-containing protein
1.44688862517e-05	2	molybdopterin oxidoreductase, iron-sulfur binding subunit, partial
1.44688862517e-05	2	cellulase (glycosyl hydrolase family 5)
1.44688862517e-05	2	DUF2388 domain-containing protein
1.44688862517e-05	2	urea carboxylase, partial
1.44688862517e-05	2	ankyrin repeat protein
1.44688862517e-05	2	DUF1680 domain-containing protein
1.44688862517e-05	2	MULTISPECIES: cytochrome biogenesis protein
1.44688862517e-05	2	phosphate/phosphonate ABC transporter periplasmic proteins-like protein
1.44688862517e-05	2	lignostilbene-alpha,beta-dioxygenase-like enzyme
1.44688862517e-05	2	Cytosol aminopeptidase PepA
1.44688862517e-05	2	MULTISPECIES: DUF3995 domain-containing protein
1.44688862517e-05	2	MULTISPECIES: DUF3394 domain-containing protein
1.44688862517e-05	2	adenosylmethionine--8-amino-7-oxononanoate aminotransferase BioA, partial
1.44688862517e-05	2	gyrI-like small molecule-binding domain protein
1.44688862517e-05	2	MULTISPECIES: site-specific recombinase phage integrase
1.44688862517e-05	2	MULTISPECIES: NTP pyrophosphohydrolase
1.44688862517e-05	2	MULTISPECIES: electron transfer flavoprotein subunit alpha/beta-like protein
1.44688862517e-05	2	glutamate racemase, partial
1.44688862517e-05	2	MULTISPECIES: IS4 family transposase ISArch10
1.44688862517e-05	2	DUF3068 domain-containing protein
1.44688862517e-05	2	delta-12 acyl-phospholipid desaturase
1.44688862517e-05	2	ovoperoxidase
1.44688862517e-05	2	MULTISPECIES: glutathione ABC transporter permease GsiC
1.44688862517e-05	2	VRR-NUC domain-containing protein, partial
1.44688862517e-05	2	MULTISPECIES: glutathione ABC transporter permease GsiD
1.44688862517e-05	2	putative vitamin B12-binding protein precursor
1.44688862517e-05	2	cytochrome bd-I ubiquinol oxidase subunit I
1.44688862517e-05	2	MULTISPECIES: azoreductase
1.44688862517e-05	2	ClpV1 family T6SS ATPase, partial
1.44688862517e-05	2	type V CRISPR-associated endonuclease Cas1
1.44688862517e-05	2	DNA recombination protein RecN
1.44688862517e-05	2	type V secretion protein A
1.44688862517e-05	2	polysaccharide export ABC transporter permease
1.44688862517e-05	2	Na-K-Cl cotransporter
1.44688862517e-05	2	restriction endonuclease NlaIII
1.44688862517e-05	2	outer membrane autotransporter barrel domain
1.44688862517e-05	2	beta-ketoacyl-ACP reductase, partial
1.44688862517e-05	2	membrane-bound oxidoreductase, molybdopterin binding
1.44688862517e-05	2	coagulation factor 5/8 type protein
1.44688862517e-05	2	Mg-chelatase subunit ChlI-like
1.44688862517e-05	2	MULTISPECIES: ISAs1 family transposase
1.44688862517e-05	2	peptidase family protein
1.44688862517e-05	2	L-glutaminase
1.44688862517e-05	2	plasmid replication protein RepCa2
1.44688862517e-05	2	MULTISPECIES: DUF3010 domain-containing protein
1.44688862517e-05	2	MULTISPECIES: 3-methyl-2-oxobutanoate dehydrogenase subunit VorB
1.44688862517e-05	2	MULTISPECIES: endopeptidase
1.44688862517e-05	2	MULTISPECIES: nitrite reductase, copper-containing
1.44688862517e-05	2	Ser/Thr protein kinase
1.44688862517e-05	2	MULTISPECIES: DUF1722 domain-containing protein
1.44688862517e-05	2	MULTISPECIES: beta-eliminating lyase
1.44688862517e-05	2	ferredoxin-type protein
1.44688862517e-05	2	MULTISPECIES: type II R-M system restriction endonuclease
1.44688862517e-05	2	PcfK-like protein
1.44688862517e-05	2	cytoplasmic protein, partial
1.44688862517e-05	2	IS5 family transposase ISXoo5
1.44688862517e-05	2	ABC transporter substrate-binding domain protein
1.44688862517e-05	2	MULTISPECIES: cobalamin biosynthesis protein CobQ
1.44688862517e-05	2	DUF2586 domain-containing protein, partial
1.44688862517e-05	2	phosphoesterase ykuE
1.44688862517e-05	2	enterochelin esterase-like protein
1.44688862517e-05	2	glycosyl hydrolase family 9
1.44688862517e-05	2	tyrosine recombinase/integrase
1.44688862517e-05	2	MULTISPECIES: ATP--guanido phosphotransferase
1.44688862517e-05	2	citrate (Si)-synthase, partial
1.44688862517e-05	2	2,3-butanediol dehydrogenase
1.44688862517e-05	2	heat shock protein DnaJ-like
1.44688862517e-05	2	potassium uptake protein TrkA
1.44688862517e-05	2	DUF3883 domain-containing protein, partial
1.44688862517e-05	2	microcin ABC transporter permease, partial
1.44688862517e-05	2	localization factor podJL (Polar organelle development protein)
1.44688862517e-05	2	putative Uncharacterized FtsW-like protein
1.44688862517e-05	2	peptidase inhibitor I42
1.44688862517e-05	2	arylsulfatase A (precursor)
1.44688862517e-05	2	thiamine permease
1.44688862517e-05	2	6-hydroxy-3-succinoylpyridine hydroxylase
1.44688862517e-05	2	protein yceI precursor
1.44688862517e-05	2	fatty acyl-AMP ligase, partial
1.44688862517e-05	2	segregation/condensation protein B
1.44688862517e-05	2	DUF4351 domain-containing protein, partial
1.44688862517e-05	2	transcription elongation factor NusA, partial
1.44688862517e-05	2	sensor protein KdpD, partial
1.44688862517e-05	2	type II secretory pathway ATPase PulE/Tfp pilus assembly pathway ATPase PilB
1.44688862517e-05	2	phage morphogeneis protein
1.44688862517e-05	2	putative gamma-glutamyltranspeptidase
1.44688862517e-05	2	MULTISPECIES: RNA polymerase subunit sigma-32
1.44688862517e-05	2	MULTISPECIES: iron transporter permease
1.44688862517e-05	2	phage associated DNA primase
1.44688862517e-05	2	sulfur carrier protein adenylyltransferase ThiF
1.44688862517e-05	2	PilE protein
1.44688862517e-05	2	MULTISPECIES: hydrogenase 4 subunit F
1.44688862517e-05	2	K+ uptake permease (KUP) family
1.44688862517e-05	2	thiol:disulfide interchange protein tlpA
1.44688862517e-05	2	RecA-family ATPase-like
1.44688862517e-05	2	selenoprotein o-like protein
1.44688862517e-05	2	MULTISPECIES: type II secretion protein F
1.44688862517e-05	2	adventurous gliding motility protein X
1.44688862517e-05	2	MULTISPECIES: aminoglycoside 6-adenylyltransferase AadE
1.44688862517e-05	2	DUF4055 domain-containing protein, partial
1.44688862517e-05	2	amidotransferase-related protein
1.44688862517e-05	2	flavin-containing amine oxidoreductase
1.44688862517e-05	2	LPS sbiosynthesis protein
1.44688862517e-05	2	cell surface protein, putative
1.44688862517e-05	2	RidA family protein, partial
1.44688862517e-05	2	CoA protein activase
1.44688862517e-05	2	CDP-tyvelose-2-epimerase (RfbE)
1.44688862517e-05	2	carbohydrate-binding family V/XII
1.44688862517e-05	2	hemolysin-type calcium-binding repeat family protein 3
1.44688862517e-05	2	Dockerin type 1 protein
1.44688862517e-05	2	nucleotidyltransferase substrate-binding protein, HI0074 family
1.44688862517e-05	2	Apoptotic protease-activating factor 1 like (fragment)
1.44688862517e-05	2	alpha-L-fucosidase 2
1.44688862517e-05	2	MULTISPECIES: DUF4446 domain-containing protein
1.44688862517e-05	2	efflux ABC transporter inner membrane protein
1.44688862517e-05	2	acetohydroxy acid isomeroreductase, catalytic domain protein
1.44688862517e-05	2	cupin region
1.44688862517e-05	2	opine oxidase subunit A
1.44688862517e-05	2	MULTISPECIES: leucine-responsive transcriptional regulator
1.44688862517e-05	2	lipoprotein-like protein
1.44688862517e-05	2	MULTISPECIES: 3-deoxy-D-arabino-heptulosonate 7-phosphate synthase
1.44688862517e-05	2	MULTISPECIES: sialic acid O-acetyltransferase NeuD family sugar O-acyltransferase
1.44688862517e-05	2	neutral invertase
1.44688862517e-05	2	amino-acid N-acetyltransferase, partial
1.44688862517e-05	2	MULTISPECIES: fructose-2,6-bisphosphatase
1.44688862517e-05	2	heme A synthase, partial
1.44688862517e-05	2	NADH/ubiquinone/plastoquinone (complex i)
1.44688862517e-05	2	XylB
1.44688862517e-05	2	MULTISPECIES: glutamate-pyruvate aminotransferase
1.44688862517e-05	2	LPS glycosyl transferase group 1
1.44688862517e-05	2	cytochrome biogenesis protein CcdA
1.44688862517e-05	2	cytochrome C transmembrane protein
1.44688862517e-05	2	thiol-disulfide oxidoreductase ResA
1.44688862517e-05	2	Hep_Hag family protein
1.44688862517e-05	2	MULTISPECIES: phage antirepressor Ant
1.44688862517e-05	2	cemA family protein
1.44688862517e-05	2	IS3 family transposase ISPmi1
1.44688862517e-05	2	DNA-3-methyladenine glycosidase II
1.44688862517e-05	2	Cys-rich repeat-containing protein
1.44688862517e-05	2	IS5 family transposase ISAte1
1.44688862517e-05	2	MULTISPECIES: MotA/TolQ/ExbB proton channel
1.44688862517e-05	2	Sulfite:cytochrome C oxidoreductase subunit B
1.44688862517e-05	2	MULTISPECIES: CMD domain protein
1.44688862517e-05	2	MULTISPECIES: UDP-N-acetylglucosamine 4,6-dehydratase/5-epimerase
1.44688862517e-05	2	MULTISPECIES: glycoporin
1.44688862517e-05	2	MULTISPECIES: DUF4343 domain-containing protein
1.44688862517e-05	2	MULTISPECIES: DUF935 domain-containing protein
1.44688862517e-05	2	aspartate ammonia-lyase, partial
1.44688862517e-05	2	lipopolysaccharide modification acyltransferase
1.44688862517e-05	2	polysaccharide-degrading enzyme
1.44688862517e-05	2	MULTISPECIES: peptidase T4
1.44688862517e-05	2	UbiE/COQ5 methyltransferase
1.44688862517e-05	2	putative DNA polymerase
1.44688862517e-05	2	ribonuclease E activity regulator RraA
1.44688862517e-05	2	DUF2743 domain-containing protein
1.44688862517e-05	2	aspartyl-tRNA synthetase
1.44688862517e-05	2	Hdr menaquinol oxidoreductase iron-sulfur subunit
1.44688862517e-05	2	MULTISPECIES: trimethoprim-resistant dihydrofolate reductase DfrA8
1.44688862517e-05	2	epoxyqueuosine reductase, partial
1.44688862517e-05	2	outer membrane protein precursor, OmpA family
1.44688862517e-05	2	MULTISPECIES: GpE family phage tail protein
1.44688862517e-05	2	ferredoxin:oxidoreductase FAD/NAD(P)-binding protein
1.44688862517e-05	2	energy-coupled thiamine transporter ThiT
1.44688862517e-05	2	MULTISPECIES: tocopherol cyclase
1.44688862517e-05	2	MULTISPECIES: purine-binding chemotaxis protein CheW
1.44688862517e-05	2	host-nuclease inhibitor protein Gam
1.44688862517e-05	2	MULTISPECIES: intein-containing replicative DNA helicase
1.44688862517e-05	2	MULTISPECIES: head morphogenesis protein
1.44688862517e-05	2	MULTISPECIES: cellulose biosynthesis protein BcsG
1.44688862517e-05	2	macrolide 2'-phosphotransferase, partial
1.44688862517e-05	2	MULTISPECIES: riboflavin deaminase
1.44688862517e-05	2	DUF4043 domain-containing protein, partial
1.44688862517e-05	2	FAD/FMN-dependent dehydrogenase
1.44688862517e-05	2	MULTISPECIES: rRNA (guanine-N1)-methyltransferase
1.44688862517e-05	2	xanthine dehydrogenase subunit A
1.44688862517e-05	2	DUF2919 domain-containing protein
1.44688862517e-05	2	trehalose-binding protein
1.44688862517e-05	2	protein of unknown function DUF1680
1.44688862517e-05	2	periplasmic nitrate reductase/nitrite reductase
1.44688862517e-05	2	DUF2508 domain-containing protein
1.44688862517e-05	2	cytochrome B5
1.44688862517e-05	2	MULTISPECIES: X-Pro aminopeptidase
1.44688862517e-05	2	mannosyl-glycoprotein endo-beta-N-acetylglucosamidase domain
1.44688862517e-05	2	mobilization protein MobD
1.44688862517e-05	2	Exonuclease RNase T and DNA polymerase III
1.44688862517e-05	2	SNF2 family protein
1.44688862517e-05	2	spermidine synthase, partial
1.44688862517e-05	2	phage-associated protein, HI1409 family
1.44688862517e-05	2	MULTISPECIES: blue copper protein
1.44688862517e-05	2	acyl-protein synthetase LuxE
1.44688862517e-05	2	HEAT repeat protein
1.44688862517e-05	2	sporulation-specific glycosylase
1.44688862517e-05	2	molecular chaperone of HSP90 family
1.44688862517e-05	2	aerobactin siderophore biosynthesis protein iucA
1.44688862517e-05	2	melibiose/sodium symporter
1.44688862517e-05	2	peroxidase, partial
1.44688862517e-05	2	4-amino-4-deoxychorismate mutase
1.44688862517e-05	2	photosystem I protein PsaX
1.44688862517e-05	2	MULTISPECIES: transketolase, pyridine binding domain protein
1.44688862517e-05	2	phage related protein, Gp53
1.44688862517e-05	2	HlyD domain-containing protein
1.44688862517e-05	2	N-acylmannosamine kinase
1.44688862517e-05	2	MULTISPECIES: electron transfer flavoprotein
1.44688862517e-05	2	thiazoline oxidase
1.44688862517e-05	2	MULTISPECIES: beta-ACP synthase
1.44688862517e-05	2	DUF3499 domain-containing protein, partial
1.44688862517e-05	2	peptidylarginine deiminase precursor (modular protein)
1.44688862517e-05	2	hydrogenobyrinic acid a,c-diamide synthase (glutamine-hydrolyzing)
1.44688862517e-05	2	phage replication initiation protein
1.44688862517e-05	2	RNA-directed DNA polymerase (Reverse transcriptase) (fragment)
1.44688862517e-05	2	carbon dioxide concentrating mechanism protein CcmL
1.44688862517e-05	2	TIGR04083 family peptide-modifying radical SAM enzyme
1.44688862517e-05	2	proline dehydrogenase transcriptional activator
1.44688862517e-05	2	Tol biopolymer transporter periplasmic protein
1.44688862517e-05	2	glutamine synthetase type II, eukaryotic
1.44688862517e-05	2	polysaccharide deacetylase family protein, partial
1.44688862517e-05	2	MORN repeat protein
1.44688862517e-05	2	S-methyl-5-thioribose-1-phosphate isomerase, partial
1.44688862517e-05	2	MULTISPECIES: DUF2254 domain-containing protein
1.44688862517e-05	2	MULTISPECIES: serine/threonine transporter SstT
1.44688862517e-05	2	type I restriction-modification enzyme, S subunit
1.44688862517e-05	2	cation transporting ATPase-like protein
1.44688862517e-05	2	MULTISPECIES: GatB/YqeY domain-containing protein
1.44688862517e-05	2	MULTISPECIES: DUF4212 domain-containing protein
1.44688862517e-05	2	putrescine/spermidine ABC transporter ATP-binding protein, partial
1.44688862517e-05	2	insecticidal toxin complex protein TccC2
1.44688862517e-05	2	MULTISPECIES: phage terminase large subunit PBSX family
1.44688862517e-05	2	hep_Hag family protein
1.44688862517e-05	2	guanylate cyclase soluble subunit beta-1
1.44688862517e-05	2	zinc finger SWIM domain-containing protein
1.44688862517e-05	2	phage-associated protein, family
1.44688862517e-05	2	soluble lytic murein transglycosylase-like protein
1.44688862517e-05	2	variable tail fiber protein, partial
1.44688862517e-05	2	IS3 family transposase ISGur5
1.44688862517e-05	2	GguC protein, partial
1.44688862517e-05	2	MULTISPECIES: universal stress protein E
1.44688862517e-05	2	nitrate reductase associated protein
1.44688862517e-05	2	D-Ala-D-Ala carboxypeptidase VanY
1.44688862517e-05	2	disulfide interchange protein
1.44688862517e-05	2	MULTISPECIES: IaaH
1.44688862517e-05	2	altronate dehydratase, partial
1.44688862517e-05	2	9,9'-di-cis-zeta-carotene desaturase, partial
1.44688862517e-05	2	GCN5-like N-acetyltransferase
1.44688862517e-05	2	TRAP transporter solute receptor DctP
1.44688862517e-05	2	IS1634 family transposase ISAzo6
1.44688862517e-05	2	cellulosome enzyme, dockerin type I
1.44688862517e-05	2	oxidoreductase FAD-binding domain-containing protein
1.44688862517e-05	2	PfkB family kinase
1.44688862517e-05	2	DUF112 domain-containing protein
1.44688862517e-05	2	FMN/FAD transporter
1.44688862517e-05	2	MULTISPECIES: aryldialkylphosphatase
1.44688862517e-05	2	type IV secretion system protein IcmK
1.44688862517e-05	2	MULTISPECIES: D-alanyl-D-alanine endopeptidase PbpG
1.44688862517e-05	2	periplasmic binding protein/LacI transcriptional regulator
1.44688862517e-05	2	MULTISPECIES: TrbI protein
1.44688862517e-05	2	MULTISPECIES: methionine aminopeptidase type I
1.44688862517e-05	2	glycosyl transferase, group 1
1.44688862517e-05	2	methionine--tRNA ligase subunit beta, partial
1.44688862517e-05	2	NADH dehydrogenase I subunit L
1.44688862517e-05	2	Modulator of FtsH protease HflC
1.44688862517e-05	2	DUF5004 domain-containing protein
1.44688862517e-05	2	short-chain-enoyl-CoA hydratase
1.44688862517e-05	2	DUF3885 domain-containing protein
1.44688862517e-05	2	cytochrome b, partial
1.44688862517e-05	2	DUF62 domain-containing protein
1.44688862517e-05	2	outer membrane protein ArfA
1.44688862517e-05	2	HldE protein
1.44688862517e-05	2	Lambda phage tail fiber protein J
1.44688862517e-05	2	protein of unknown function DUF583
1.44688862517e-05	2	soluble lytic murein transglycosylase
1.44688862517e-05	2	carboxynorspermidine decarboxylase, partial
1.44688862517e-05	2	CoA transferase CAIB/BAIF family protein
1.44688862517e-05	2	N-domain protein, SNF2 family
1.44688862517e-05	2	MULTISPECIES: 1,4-alpha-glucan branching protein
1.44688862517e-05	2	Sulfotransferase family
1.44688862517e-05	2	universal stress protein family domain protein
1.44688862517e-05	2	NADH-ubiquinone oxidoreductase chain J
1.44688862517e-05	2	nicotinate dehydrogenase medium molybdopterin subunit
1.44688862517e-05	2	MULTISPECIES: DUF4297 domain-containing protein
1.44688862517e-05	2	Stringent starvation protein B
1.44688862517e-05	2	MULTISPECIES: acetoin utilization protein AcuC
1.44688862517e-05	2	Microcystin synthetase A
1.44688862517e-05	2	MULTISPECIES: riboflavin biosynthesis protein RibBA
1.44688862517e-05	2	MULTISPECIES: cell envelope integrity/translocation protein TolA
1.44688862517e-05	2	hybrid peroxiredoxin hyPrx5
1.44688862517e-05	2	TIGR03987 family protein
1.44688862517e-05	2	riboflavin biosynthesis protein
1.44688862517e-05	2	IS3 family transposase ISStau1
1.44688862517e-05	2	MULTISPECIES: cysteine ABC transporter permease
1.44688862517e-05	2	MULTISPECIES: DNTP-hexose dehydratase-epimerase
1.44688862517e-05	2	formyl-CoA--oxalate CoA-transferase
1.44688862517e-05	2	MULTISPECIES: ABC-F type ribosomal protection protein
1.44688862517e-05	2	sigma-70 family RNA polymerase sigma factor, partial
1.44688862517e-05	2	DUF1983 domain-containing protein, partial
1.44688862517e-05	2	MULTISPECIES: IS3 family transposase ISPssp1
1.44688862517e-05	2	cytochrome c nitrate reductase biogenesis protein NrfE
1.44688862517e-05	2	MULTISPECIES: NAD-dependent formate dehydrogenase subunit delta
1.44688862517e-05	2	linear gramicidin non-ribosomal peptide synthetase LgrD
1.44688862517e-05	2	Kup system potassium uptake protein
1.44688862517e-05	2	undecaprenyl pyrophosphate synthetase
1.44688862517e-05	2	MULTISPECIES: antifreeze protein type I
1.44688862517e-05	2	Mov34/MPN/PAD-1
1.44688862517e-05	2	ribonuclease BN/unknown domain fusion protein
1.44688862517e-05	2	SPBc2 prophage-derived glycosyltransferase SunS
1.44688862517e-05	2	phosphonates import ATP-binding protein PhnC 1
1.44688862517e-05	2	excinuclease ABC, C subunit, partial
1.44688862517e-05	2	translation initiation factor IF-1, partial
1.44688862517e-05	2	PTS glucitol/sorbitol transporter subunit IIA
1.44688862517e-05	2	phosphate propanoyltransferase
1.44688862517e-05	2	glucosamine--fructose-6-phosphate aminotransferase
1.44688862517e-05	2	SpoU rRNA methylase
1.44688862517e-05	2	RNA cap guanine-N2 methyltransferase
1.44688862517e-05	2	putrescine transporter subunit: membrane component of ABC superfamily
1.44688862517e-05	2	flagellar protein FlbB
1.44688862517e-05	2	Adventurous gliding motility protein K
1.44688862517e-05	2	crossover junction endodeoxyribonuclease RuvC, partial
1.44688862517e-05	2	metal resistance protein
1.44688862517e-05	2	putative Protein serine/threonine phosphatase
1.44688862517e-05	2	Thiol-disulfide oxidoreductase, partial
1.44688862517e-05	2	periplasmic protein TonB
1.44688862517e-05	2	MULTISPECIES: thiamine pyrophosphate protein
1.44688862517e-05	2	organic solvents resistance ABC transporter permease
1.44688862517e-05	2	MULTISPECIES: TIGR03752 family integrating conjugative element protein
1.44688862517e-05	2	IS3 family transposase ISBcen9
1.44688862517e-05	2	NIF3 (NGG1p interacting factor 3)
1.44688862517e-05	2	helicase Snf2 family
1.44688862517e-05	2	protein involved in outer membrane biogenesis
1.44688862517e-05	2	diacylglyceryl transferase, partial
1.44688862517e-05	2	MULTISPECIES: rRNA cytosine-C5-methylase
1.44688862517e-05	2	Arylsulfotransferase (ASST)
1.44688862517e-05	2	MULTISPECIES: aminotransferase A
1.44688862517e-05	2	Competence protein ComEA helix-hairpin-helix repeat protein
1.44688862517e-05	2	MULTISPECIES: indolepyruvate oxidoreductase
1.44688862517e-05	2	MULTISPECIES: DUF3757 domain-containing protein
1.44688862517e-05	2	protein BugT
1.44688862517e-05	2	Anti-Sigm factor, ChrR
1.44688862517e-05	2	RecQ familyATP-dependent DNA helicase
1.44688862517e-05	2	MULTISPECIES: heparinase II/III family protein
1.44688862517e-05	2	CrcB-like protein
1.44688862517e-05	2	MULTISPECIES: 23S rRNA (guanine(745)-N(1))-methyltransferase
1.44688862517e-05	2	aspartate kinase monofunctional class
1.44688862517e-05	2	3-phenylpropionate MFS transporter
1.44688862517e-05	2	polyprenyl synthetase family protein, partial
1.44688862517e-05	2	mucin-associated surface protein
1.44688862517e-05	2	phosphate acetyltransferase, partial
1.44688862517e-05	2	hydrogenase subunit HoxF
1.44688862517e-05	2	CpcD phycobilisome linker protein
1.44688862517e-05	2	ATP-dependent DNA helicase ErcC3
1.44688862517e-05	2	outer membrane usher protein AufC
1.44688862517e-05	2	exodeoxyribonuclease V alpha chain
1.44688862517e-05	2	Trap dicarboxylate transporter, dctp subunit
1.44688862517e-05	2	DNA gyrase/topoisomerase IV, A subunit domain protein
1.44688862517e-05	2	MULTISPECIES: tRNA-2-methylthio-N(6)-dimethylallyladenosine synthase
1.44688862517e-05	2	FAD/FMN-binding oxidoreductase
1.44688862517e-05	2	type 1 pili protein CsuE
1.44688862517e-05	2	MULTISPECIES: DNA/pantothenate metabolism flavoprotein
1.44688862517e-05	2	MULTISPECIES: DUF3494 domain-containing protein
1.44688862517e-05	2	PARP catalytic domain protein
1.44688862517e-05	2	MULTISPECIES: hexuranate MFS transporter
1.44688862517e-05	2	AlwI family type II restriction endonuclease, partial
1.44688862517e-05	2	putative methyltransferase and glycosyltransferase
1.44688862517e-05	2	glutathione-regulated potassium-efflux system protein KefC, partial
1.44688862517e-05	2	dTDP-rhamnosyl transferase
1.44688862517e-05	2	DUF927 domain-containing protein, partial
1.44688862517e-05	2	zinc finger-domain-containing protein
1.44688862517e-05	2	prolyl-AMP ligase
1.44688862517e-05	2	fimbrial protein StfD
1.44688862517e-05	2	MULTISPECIES: helicase-exonuclease AddAB subunit AddA
1.44688862517e-05	2	Glycosyl transferase family 2 (fragment)
1.44688862517e-05	2	(S)-2-hydroxy-acid oxidase chain D
1.44688862517e-05	2	metal-binding domain containing of MaoC dehydratase
1.44688862517e-05	2	sodium solute transporter family protein
1.44688862517e-05	2	pilus protein
1.44688862517e-05	2	metal-binding integral membrane protein
1.44688862517e-05	2	MULTISPECIES: cell wall-associated hydrolase
1.44688862517e-05	2	Short-chain dehydrogenase of various substrate specificities
1.44688862517e-05	2	cell wall-binding repeat 2-containing protein
1.44688862517e-05	2	MULTISPECIES: bifunctional 2-acylglycerophosphoethanolamine acyltransferase/acyl-ACP synthetase
1.44688862517e-05	2	MULTISPECIES: protein of unknown function DUF323
1.44688862517e-05	2	membrane protein involved in the export of O-antigen and teichoic acid
1.44688862517e-05	2	zinc-binding domain protein
1.44688862517e-05	2	K+ transport system NAD-binding protein
1.44688862517e-05	2	ATPase component of ABC transporter with duplicated ATPase domains
1.44688862517e-05	2	NADH dehydrogenase I, H subunit
1.44688862517e-05	2	2-oxoglutarate dehydrogenase E1
1.44688862517e-05	2	FibroRumin system radical SAM peptide maturase
1.44688862517e-05	2	2-hydroxyacid dehydrogenase, partial
1.44688862517e-05	2	RNA polymerase sigma factor FecI
1.44688862517e-05	2	4-amino-4-deoxy-L-arabinose transferase-like protein
1.44688862517e-05	2	murein transglycosylase A
1.44688862517e-05	2	FeS cluster assembly scaffold protein IscU
1.44688862517e-05	2	fused DadA-like amino acid oxidase domain/uncharacterized domain-containing protein
1.44688862517e-05	2	IS5 family transposase ISRm13
1.44688862517e-05	2	SOS response-associated peptidase, partial
1.44688862517e-05	2	dioxygenase, isopenicillin N synthase
1.44688862517e-05	2	Fe3+ hydroxamate ABC transporter substrate-binding protein
1.44688862517e-05	2	type II restriction endonuclease HincII
1.44688862517e-05	2	cytosol aminopeptidase family, catalytic domain protein
1.44688862517e-05	2	Pkn2 protein
1.44688862517e-05	2	MULTISPECIES: metal/formaldehyde-sensitive transcriptional repressor
1.44688862517e-05	2	ABC transporter -binding protein
1.44688862517e-05	2	23S rRNA (cytosine(1962)-C(5))-methyltransferase
1.44688862517e-05	2	phospholipid-binding protein, pbp family
1.44688862517e-05	2	MULTISPECIES: RecX family transcriptional regulator
1.44688862517e-05	2	nitrate transporter component
1.44688862517e-05	2	recombinase Cre
1.44688862517e-05	2	DNA polymerase III alpha subunit
1.44688862517e-05	2	protein involved in propionate catabolism
1.44688862517e-05	2	GTPase-activating protein
1.44688862517e-05	2	glycosyl transferase 2
1.44688862517e-05	2	MULTISPECIES: pyrimidine-nucleoside phosphorylase
1.44688862517e-05	2	type II/IV secretion system ATPase
1.44688862517e-05	2	DUF187 domain-containing protein
1.44688862517e-05	2	chitobiase
1.44688862517e-05	2	galactosamine-6-phosphate isomerase
1.44688862517e-05	2	UvrD-like DNA helicase
1.44688862517e-05	2	MSHA biogenesis protein MshD
1.44688862517e-05	2	MSHA biogenesis protein MshC
1.44688862517e-05	2	MSHA biogenesis protein MshA
1.44688862517e-05	2	MSHA biogenesis protein MshJ
1.44688862517e-05	2	MSHA biogenesis protein MshQ
1.44688862517e-05	2	protein of unknown function DUF163
1.44688862517e-05	2	RCC1 domain-containing protein, alpha-tubulin suppressor
1.44688862517e-05	2	tetracycline resistance ribosomal protection protein Tet(44)
1.44688862517e-05	2	DUF1559 domain-containing protein, partial
1.44688862517e-05	2	MULTISPECIES: DNA resolvase
1.44688862517e-05	2	putative alternative sigma factor RpoH
1.44688862517e-05	2	MULTISPECIES: TonB system transport protein ExbD
1.44688862517e-05	2	Type I secretion outer membrane protein, TolC precursor
1.44688862517e-05	2	peptidase M10A/M12B
1.44688862517e-05	2	peptidylprolyl isomerase, FKBP-type
1.44688862517e-05	2	CiaB protein
1.44688862517e-05	2	transporter subunit: membrane component of ABC superfamily
1.44688862517e-05	2	deoxyribonuclease I MnuA-like, EEP superfamily protein
1.44688862517e-05	2	chaperonin family protein RbcX
1.44688862517e-05	2	DnaJ protein
1.44688862517e-05	2	kinase inhibitor Raf
1.44688862517e-05	2	MULTISPECIES: APH(6)-I family aminoglycoside O-phosphotransferase, partial
1.44688862517e-05	2	Animal haem peroxidase
1.44688862517e-05	2	MULTISPECIES: class IV aminotransferase
1.44688862517e-05	2	motility twitching protein PilT
1.44688862517e-05	2	catechol 2,3-dioxygenase-like protein
1.44688862517e-05	2	Hdr menaquinol oxidoreductase integral membrane subunit
1.44688862517e-05	2	phage exonuclease
1.44688862517e-05	2	DUF4755 domain-containing protein
1.44688862517e-05	2	putative enoyl-CoA hydratase/isomerase
1.44688862517e-05	2	exodeoxyribonuclease VII
1.44688862517e-05	2	MULTISPECIES: sulfonate ABC transporter ATP-binding lipoprotein
1.44688862517e-05	2	MULTISPECIES: 16S rRNA (guanine(966)-N(2))-methyltransferase
1.44688862517e-05	2	MULTISPECIES: Na+-transporting NADH:ubiquinone oxidoreductase subunit D
1.44688862517e-05	2	3D domain protein
1.44688862517e-05	2	MULTISPECIES: DUF2852 domain-containing protein
1.44688862517e-05	2	putative beta-ketoacyl
1.44688862517e-05	2	ATP--GTP 3'-pyrophosphotransferase
1.44688862517e-05	2	MULTISPECIES: phage replication protein
1.44688862517e-05	2	MULTISPECIES: group 1 glycosyl transferase
1.44688862517e-05	2	putative urea ABC transporter permease protein
1.44688862517e-05	2	biotin carboxyl carrier protein/biotin carboxylase
1.44688862517e-05	2	integral membrane protein, TerC family
1.44688862517e-05	2	undecaprenyldiphospho-muramoylpentapeptide beta-N- acetylglucosaminyltransferase, partial
1.44688862517e-05	2	phosphopentomutase, partial
1.44688862517e-05	2	acetyl-CoA synthase subunit delta
1.44688862517e-05	2	capsular polysaccharide export protein
1.44688862517e-05	2	PcfB family protein
1.44688862517e-05	2	tartrate dehydrogenase, partial
1.44688862517e-05	2	IS1634 family transposase ISCca6
1.44688862517e-05	2	YpfJ protein, zinc metalloprotease superfamily
1.44688862517e-05	2	acetoacetate--CoA ligase, partial
1.44688862517e-05	2	DUF1874 domain-containing protein
1.44688862517e-05	2	anti-repressor protein
1.44688862517e-05	2	OtnA protein
1.44688862517e-05	2	M50 family peptidase
1.44688862517e-05	2	MULTISPECIES: allophycocyanin
1.44688862517e-05	2	glutathione-regulated potassium-efflux system protein kefB
1.44688862517e-05	2	myo-inositol catabolism IolB domain-containing protein
1.44688862517e-05	2	DUF4188 domain-containing protein, partial
1.44688862517e-05	2	Fe-dependent oxidoreductase, alcohol dehydrogenase
1.44688862517e-05	2	divalent heavy-metal cations transporter
1.44688862517e-05	2	MULTISPECIES: D-(-)-3-hydroxybutyrate oligomer hydrolase
1.44688862517e-05	2	MULTISPECIES: cytochrome c-550
1.44688862517e-05	2	UDP-N-acetylmuramyl tripeptide synthetase
1.44688862517e-05	2	MULTISPECIES: DksA/TraR family C4-type zinc finger protein
1.44688862517e-05	2	Curdlan synthase
1.44688862517e-05	2	amylo-alpha-1,6-glucosidase, partial
1.44688862517e-05	2	non-canonical purine NTP pyrophosphatase, partial
1.44688862517e-05	2	DNA polymerase III epsilon subunit-like 3'-5' exonuclease
1.44688862517e-05	2	primosomal protein PriA
1.44688862517e-05	2	DOMON-like ligand-binding domain-containing protein
1.44688862517e-05	2	lipopolysaccharide core heptosyltransferase RfaQ
1.44688862517e-05	2	BNR domain-containing protein
1.44688862517e-05	2	DegV domain-containing protein
1.44688862517e-05	2	MULTISPECIES: 2-polyprenyl-3-methyl-5-hydroxy-6-metoxy-1,4-benzoquinol methylase
1.44688862517e-05	2	copper amine oxidase domain protein
1.44688862517e-05	2	cupin domain protein, PF06172 family
1.44688862517e-05	2	Stage II sporulation protein E (SpoIIE)
1.44688862517e-05	2	deoC/LacD aldolase
1.44688862517e-05	2	UDP-N-acetylglucosamine 2-epimerase (non-hydrolyzing), partial
1.44688862517e-05	2	invasion gene expression up-regulator SirB
1.44688862517e-05	2	MULTISPECIES: DNA restriction methylase
1.44688862517e-05	2	Thiamine pyrophosphate-requiring enzyme
1.44688862517e-05	2	protein phosphatase 2C
1.44688862517e-05	2	MULTISPECIES: magnesium and cobalt transporter
1.44688862517e-05	2	MULTISPECIES: salicylate biosynthesis isochorismate synthase
1.44688862517e-05	2	exodeoxyribonuclease
1.44688862517e-05	2	phage/plasmid-related protein TIGR03299
1.44688862517e-05	2	Putative phytoene dehydrogenase
1.44688862517e-05	2	MULTISPECIES: TIGR02444 family protein
1.44688862517e-05	2	tryptophan synthase subunit beta like protein
1.44688862517e-05	2	Pyruvate dehydrogenase, E1 component, alpha subunit (acetyl-transferring)
1.44688862517e-05	2	oligopeptide transporter ATP-binding component, partial
1.44688862517e-05	2	cytosine-specific methyltransferase
1.44688862517e-05	2	MULTISPECIES: copper homeostasis protein
1.44688862517e-05	2	glycosyl hydrolase family 18 family protein
1.44688862517e-05	2	phosphoribosylformylglycinamidine synthase PurS subunit
1.44688862517e-05	2	Nodulation protein Z (NodZ)
1.44688862517e-05	2	SirA-like protein
1.44688862517e-05	2	MULTISPECIES: 4-diphosphocytidyl-2C-methyl-D-erythritol kinase
1.44688862517e-05	2	germination protein
1.44688862517e-05	2	carboxy-terminal processing protease
1.44688862517e-05	2	virB4 protein precursor
1.44688862517e-05	2	putative Gingipain R
1.44688862517e-05	2	NAD/FAD-binding-like protein
1.44688862517e-05	2	putative Flagellar motor protein
1.44688862517e-05	2	DUF3997 domain-containing protein
1.44688862517e-05	2	SUF regulatory protein
1.44688862517e-05	2	TRAP transporter substrate-binding protein, partial
1.44688862517e-05	2	DUF2652 domain-containing protein
1.44688862517e-05	2	Ohr subfamily peroxiredoxin
1.44688862517e-05	2	MULTISPECIES: heavy metal-responsive transcriptional regulator
1.44688862517e-05	2	MULTISPECIES: M6 family metalloprotease domain-containing protein
1.44688862517e-05	2	type II secretion system protein I
1.44688862517e-05	2	type II secretion system protein K
1.44688862517e-05	2	MULTISPECIES: pyruvate decarboxylase
1.44688862517e-05	2	IS3 family transposase ISVch4
1.44688862517e-05	2	peptide ABC transporter substrate-binding protein SapA
1.44688862517e-05	2	Xre family DNA-binding protein
1.44688862517e-05	2	glycosyltransferase TIGR0xxxx family
1.44688862517e-05	2	MULTISPECIES: Zn-dependent oligopeptidase
1.44688862517e-05	2	Ser/Thr phosphatase
1.44688862517e-05	2	carbon monoxide-induced hydrogenase
1.44688862517e-05	2	oxidoreductase subunit alpha
1.44688862517e-05	2	potassium transport protein Kup, partial
1.44688862517e-05	2	DUF3459 domain-containing protein
1.44688862517e-05	2	hydrolase Cof
1.44688862517e-05	2	MULTISPECIES: alpha,alpha-trehalose-phosphate synthase (UDP-forming)
1.44688862517e-05	2	MULTISPECIES: 3-deoxy-D-manno-oct-2-ulosonic acid (Kdo) hydroxylase
1.44688862517e-05	2	MULTISPECIES: D-alanine--poly(phosphoribitol) ligase
1.44688862517e-05	2	geranylgeranyl-bacteriochlorophyll synthetase
1.44688862517e-05	2	MULTISPECIES: UrcA family protein
1.44688862517e-05	2	MULTISPECIES: amylo-alpha-1,6-glucosidase
1.44688862517e-05	2	autonomous glycyl radical cofactor GrcA
1.44688862517e-05	2	3'-5' exoribonuclease YhaM
1.44688862517e-05	2	MULTISPECIES: anthraniloyl-CoA monooxygenase
1.44688862517e-05	2	putative redox protein, regulator of disulfide bond formation
1.44688862517e-05	2	MULTISPECIES: queuine tRNA-ribosyltransferase
1.44688862517e-05	2	MULTISPECIES: monomethylamine:corrinoid methyltransferase
1.44688862517e-05	2	MULTISPECIES: DUF416 domain-containing protein
1.44688862517e-05	2	rhomboid family intramembrane serine protease GlpG
1.44688862517e-05	2	cell division protein FtsP
1.44688862517e-05	2	heme exporter protein
1.44688862517e-05	2	Xanthine and CO dehydrogenase maturation factor, XdhC/CoxF family
1.44688862517e-05	2	2-oxoacid:ferredoxin oxidoreductase subunit beta, partial
1.44688862517e-05	2	VacJ lipoprotein putative
1.44688862517e-05	2	MULTISPECIES: DUF268 domain-containing protein
1.44688862517e-05	2	helicase II
1.44688862517e-05	2	MULTISPECIES: SMP-30/gluconolaconase/LRE domain protein
1.44688862517e-05	2	ABC transporter, membrane spanning protein
1.44688862517e-05	2	pRL2-11
1.44688862517e-05	2	cobalamin/Fe3+-siderophores ABC transporter ATP-binding protein
1.44688862517e-05	2	MULTISPECIES: DUF2125 domain-containing protein
1.44688862517e-05	2	soluble ligand binding domain
1.44688862517e-05	2	sulfite exporter TauE/SafE family protein, partial
1.44688862517e-05	2	MULTISPECIES: bifunctional tRNA (adenosine(37)-N6)-threonylcarbamoyltransferase complex dimerization subunit type 1 TsaB/ribosomal protein alanine acetyltransferase RimI
1.44688862517e-05	2	putative choline sulfatase
1.44688862517e-05	2	MULTISPECIES: DUF2325 domain-containing protein
1.44688862517e-05	2	Manganese-stabilising protein / photosystem II polypeptide
1.44688862517e-05	2	MULTISPECIES: DUF4351 domain-containing protein
1.44688862517e-05	2	phage endonuclease
1.44688862517e-05	2	MULTISPECIES: MEKHLA domain-containing protein
1.44688862517e-05	2	3-hydroxy-3-methylglutaryl-coenzyme A reductase
1.44688862517e-05	2	cytochrome C oxidase Cbb3, partial
1.44688862517e-05	2	MULTISPECIES: toluene tolerance ABC transporter permease
1.44688862517e-05	2	D-galactosyl-beta-1-3-N-acetyl-D-hexosamine phosphorylase
1.44688862517e-05	2	peptidylamidoglycolate lyase
1.44688862517e-05	2	adenylate/guanylate cyclase family protein
1.44688862517e-05	2	acetyl-CoA carboxylase carboxyl transferase subunit beta, partial
1.44688862517e-05	2	ABC transporter-like protein, partial
1.44688862517e-05	2	MULTISPECIES: IstB
1.44688862517e-05	2	MULTISPECIES: 2-isopropylmalate synthase, partial
1.44688862517e-05	2	type IV pili twitching motility protein PilT, partial
1.44688862517e-05	2	N-ethylmaleimide reductase NemA
1.44688862517e-05	2	exported carboxypeptidase
1.44688862517e-05	2	MULTISPECIES: hydroxyneurosporene methyltransferase
1.44688862517e-05	2	IS5 family transposase ISPaen3
1.44688862517e-05	2	PTS fructose transporter subunit IIABC
1.44688862517e-05	2	large adhesive protein, partial
1.44688862517e-05	2	septal ring lytic transglycosylase RlpA family protein, partial
1.44688862517e-05	2	MULTISPECIES: tRNA pseudouridine synthase B
1.44688862517e-05	2	acetylornithine transaminase, partial
1.44688862517e-05	2	endoglucanase, partial
1.44688862517e-05	2	fatty acid biosynthesis transcriptional regulator
1.44688862517e-05	2	NfeD family protein, partial
1.44688862517e-05	2	guanidinobutyrase
1.44688862517e-05	2	MULTISPECIES: chaperone protein dnaK2
1.44688862517e-05	2	spore coat protein u
1.44688862517e-05	2	spore coat protein A
1.44688862517e-05	2	translocation and assembly module protein TamB
1.44688862517e-05	2	MULTISPECIES: 2-amino-3,7-dideoxy-D-threo-hept-6-ulosonate synthase
1.44688862517e-05	2	beta-hydroxylase, aspartyl/asparaginyl family
1.44688862517e-05	2	MULTISPECIES: RNA polymerase sigma factor SigA4
1.44688862517e-05	2	MULTISPECIES: winged helix DNA-binding domain-containing protein
1.44688862517e-05	2	repressor TnpA
1.44688862517e-05	2	AT-2 family transporter
1.44688862517e-05	2	bifunctional D-altronate/D-mannonate dehydratase, partial
1.44688862517e-05	2	MULTISPECIES: DUF3829 domain-containing protein
1.44688862517e-05	2	succinate-CoA ligase subunit alpha
1.44688862517e-05	2	piwi domain protein
1.44688862517e-05	2	MULTISPECIES: photosystem II reaction center protein PsbH
1.44688862517e-05	2	alpha amylase all-beta
1.44688862517e-05	2	cobalamin biosynthesis protein CobE
1.44688862517e-05	2	histidinol phosphate phosphatase HisJ family
1.44688862517e-05	2	UmuD/RumA DNA repair protein
1.44688862517e-05	2	DUF4760 domain-containing protein
1.44688862517e-05	2	MULTISPECIES: ethanolamine ammonia-lyase small subunit
1.44688862517e-05	2	HDOD domain family
1.44688862517e-05	2	MULTISPECIES: GrxA family glutaredoxin
1.44688862517e-05	2	amino-acid acetyltransferase
1.44688862517e-05	2	MULTISPECIES: pyridoxal-dependent decarboxylase
1.44688862517e-05	2	sialic acid O-acetyltransferase NeuD family sugar O-acyltransferase
1.44688862517e-05	2	type II restriction endonuclease subunit R
1.44688862517e-05	2	MULTISPECIES: killer suppression protein HigA
1.44688862517e-05	2	bifunctional glutamate N-acetyltransferase/amino-acid N-acetyltransferase, partial
1.44688862517e-05	2	DUF1464 domain-containing protein
1.44688862517e-05	2	MULTISPECIES: N-acyl-D-glucosamine 2-epimerase
1.44688862517e-05	2	alpha-L-arabinofuranosidase, partial
1.44688862517e-05	2	Peptide transport system permease protein sapC
1.44688862517e-05	2	major facilitator superfamily transporter
1.44688862517e-05	2	DNA recombination-mediator protein A
1.44688862517e-05	2	MULTISPECIES: DNA repair exonuclease
1.44688862517e-05	2	putrescine ABC transporter periplasmic binding protein
1.44688862517e-05	2	MULTISPECIES: DNA damage-inducible protein DinB
1.44688862517e-05	2	ParB-like nuclease
1.44688862517e-05	2	phosphatidylserine/phosphatidylglycerophosphate/ cardiolipin synthase-like protein
1.44688862517e-05	2	endonuclease/exonuclease/phosphatase family domain-containing protein
1.44688862517e-05	2	MULTISPECIES: TIGR01620 family protein
1.44688862517e-05	2	MULTISPECIES: two-component response regulator
1.44688862517e-05	2	MULTISPECIES: di-heme enzyme
1.44688862517e-05	2	major tail subunit
1.44688862517e-05	2	MULTISPECIES: Ni/Fe hydrogenase
1.44688862517e-05	2	heme ABC transporter
1.44688862517e-05	2	RNA methyltransferase TrmH
1.44688862517e-05	2	peptidase M75, Imelysin
1.44688862517e-05	2	Pyridoxal-dependent decarboxylase (modular protein)
1.44688862517e-05	2	Senescence marker protein-30
1.44688862517e-05	2	arabinogalactan oligomer ABC transporter permease
1.44688862517e-05	2	MULTISPECIES: inositol oxygenase
1.44688862517e-05	2	MULTISPECIES: dihydrodipicolinate reductase
1.44688862517e-05	2	DUF2744 domain-containing protein
1.44688862517e-05	2	arogenate dehydratase
1.44688862517e-05	2	kelch domain-containing protein
1.44688862517e-05	2	MULTISPECIES: nitric oxide synthase oxygenase
1.44688862517e-05	2	M61 family peptidase
1.44688862517e-05	2	4-amino-4-deoxy-L-arabinose-phospho-UDP flippase subunit E
1.44688862517e-05	2	frnE protein
1.44688862517e-05	2	alpha-(1->6)-mannopyranosyltransferase A
1.44688862517e-05	2	ferredoxin reductase component of carbazole 1,9a-dioxygenase
1.44688862517e-05	2	pyridoxine kinase
1.44688862517e-05	2	RNA methyltransferase RsmD family
1.44688862517e-05	2	glycerophosphotransferase
1.44688862517e-05	2	nucleotidyltransferase family protein, partial
1.44688862517e-05	2	sulfate adenylyltransferase subunit CysN, partial
1.44688862517e-05	2	DNA/RNA-binding protein
1.44688862517e-05	2	peptidase M18 aminopeptidase I
1.44688862517e-05	2	MULTISPECIES: molybdenum cofactor biosysynthesis protein
1.44688862517e-05	2	alkaline phosphatase-like protein
1.44688862517e-05	2	long-chain acyl-CoA synthetase, partial
1.44688862517e-05	2	sugar-binding domain protein, glycosyl hydrolase family 2
1.44688862517e-05	2	magnesium and cobalt transporter
1.44688862517e-05	2	IS3 family transposase ISAve4
1.44688862517e-05	2	hydrocarbon oxygenase MocD
1.44688862517e-05	2	gp77
1.44688862517e-05	2	DUF4785 domain-containing protein
1.44688862517e-05	2	MULTISPECIES: sulfolactate dehydrogenase
1.44688862517e-05	2	MULTISPECIES: UDP diphosphate synthase
1.44688862517e-05	2	chemotaxis protein CheL
1.44688862517e-05	2	MULTISPECIES: MIP family channel protein
1.44688862517e-05	2	MULTISPECIES: adenosylcobinamide kinase/adenosylcobinamide phosphate guanyltransferase
1.44688862517e-05	2	putative bile acid beta-glucosidase
1.44688862517e-05	2	MULTISPECIES: DUF448 domain-containing protein
1.44688862517e-05	2	potassium/proton antiporter
1.44688862517e-05	2	MULTISPECIES: electron transfer flavoprotein subunit beta EtfB
1.44688862517e-05	2	MULTISPECIES: DNA recombinase
1.44688862517e-05	2	2-methylaconitate cis-trans isomerase PrpF, partial
1.44688862517e-05	2	5-(carboxyamino)imidazole ribonucleotide mutase, partial
1.44688862517e-05	2	type 1 secretion protein with C-terminal target domain
1.44688862517e-05	2	MULTISPECIES: TIGR03745 family integrating conjugative element membrane protein
1.44688862517e-05	2	Ezrin/radixin/moesin family protein
1.44688862517e-05	2	virulence protein RhuM
1.44688862517e-05	2	Magnesium and cobalt efflux protein CorC
1.44688862517e-05	2	two-component system sensor histidine kinase QseC
1.44688862517e-05	2	galactosyl transferase GMA12/MNN10 family
1.44688862517e-05	2	LPS export ABC transporter permease LptG, partial
1.44688862517e-05	2	coxA protein
1.44688862517e-05	2	ribosome biogenesis GTP-binding protein YlqF
1.44688862517e-05	2	phenazine biosynthesis protein PhzC/PhzF
1.44688862517e-05	2	MULTISPECIES: DUF2839 domain-containing protein
1.44688862517e-05	2	type 4 fimbrial biosynthesis protein
1.44688862517e-05	2	biopolymer transporter ExbB, partial
1.44688862517e-05	2	endo-beta-mannanase
1.44688862517e-05	2	demethoxyubiquinone hydroxylase family protein, partial
1.44688862517e-05	2	MULTISPECIES: MFS transporter TsgA
1.44688862517e-05	2	hexuronate transporter
1.44688862517e-05	2	putative DUF161 familymembrane protein
1.44688862517e-05	2	type III restriction endonuclease HindVIP subunit M
1.44688862517e-05	2	PF08818 domain protein
1.44688862517e-05	2	MULTISPECIES: ribosomal RNA large subunit methyltransferase H
1.44688862517e-05	2	glycerol-3-phosphate ABC transporter
1.44688862517e-05	2	MULTISPECIES: DUF2939 domain-containing protein
1.44688862517e-05	2	acetolactate synthase I/II/III large subunit
1.44688862517e-05	2	putative Fis family transcriptional regulator
1.44688862517e-05	2	mismatch repair ATPase (MutS family)
1.44688862517e-05	2	IS3 family transposase IS1236
1.44688862517e-05	2	sucrose synthase
1.44688862517e-05	2	NAD-dependent protein deacetylase 1
1.44688862517e-05	2	prenyltransferase/squalene oxidase
1.44688862517e-05	2	DUF3843 domain-containing protein
1.44688862517e-05	2	conjugal transfer protein TrbD
1.44688862517e-05	2	protein oar
1.44688862517e-05	2	TolR-like protein
1.44688862517e-05	2	MULTISPECIES: nickel import ATP-binding protein NikD
1.44688862517e-05	2	DRTGG domain protein
1.44688862517e-05	2	MULTISPECIES: PTS glucose transporter subunit IICBA
1.44688862517e-05	2	peptidase M9
1.44688862517e-05	2	MULTISPECIES: heteromeric transposase endonuclease subunit TnsA
1.44688862517e-05	2	phenylalanine aminomutase (D-beta-phenylalanine forming)
1.44688862517e-05	2	carboxypeptidase G2
1.44688862517e-05	2	stage 0 sporulation family protein
1.44688862517e-05	2	spore protein H
1.44688862517e-05	2	four helix bundle protein, partial
1.44688862517e-05	2	putative Penicillin-binding protein A
1.44688862517e-05	2	Ferric reductase domain protein, transmembrane component
1.44688862517e-05	2	IS21 family transposase ISCARN95
1.44688862517e-05	2	type IV secretion protein VirB3
1.44688862517e-05	2	putative Xenobiotic-transporting ATPase
1.44688862517e-05	2	MULTISPECIES: nitrile hydratase
1.44688862517e-05	2	MULTISPECIES: prolyl-tRNA synthetase associated domain-containing protein
1.44688862517e-05	2	DNA-directed RNA polymerase subunit K/omega
1.44688862517e-05	2	MULTISPECIES: antifreeze protein
1.44688862517e-05	2	FeoA family protein
1.44688862517e-05	2	mycofactocin biosynthesis chaperone MftB, partial
1.44688862517e-05	2	ribosomal RNA adenine dimethylase domain-containing protein
1.44688862517e-05	2	DUF5071 domain-containing protein
1.44688862517e-05	2	DNA mismatch repair enzyme (predicted ATPase)
1.44688862517e-05	2	MULTISPECIES: peptidase M35
1.44688862517e-05	2	GTP 3',8-cyclase MoaA, partial
1.44688862517e-05	2	Long-chain acyl-CoA synthetase (AMP-forming)
1.44688862517e-05	2	NAD/NADP transhydrogenase subunit alpha
1.44688862517e-05	2	DUF1664 domain-containing protein
1.44688862517e-05	2	putative protein TolQ
1.44688862517e-05	2	ATP synthase F0 subunit A, partial
1.44688862517e-05	2	exopolysaccharide biosynthesis protein EpsF
1.44688862517e-05	2	SsrA-binding protein, partial
1.44688862517e-05	2	adenine glycosylase, partial
1.44688862517e-05	2	DUF3331 domain-containing protein, partial
1.44688862517e-05	2	MULTISPECIES: zinc-dependent peptidase
1.44688862517e-05	2	MULTISPECIES: manganese catalase
1.44688862517e-05	2	MULTISPECIES: cobalt-precorrin-5B (C(1))-methyltransferase
1.44688862517e-05	2	glycosyltransferase involved in cell wall biogenesis, partial
1.44688862517e-05	2	flagellin B
1.44688862517e-05	2	ABC-type transporter, integral membrane subunit
1.44688862517e-05	2	MULTISPECIES: rhombotarget A
1.44688862517e-05	2	MULTISPECIES: ABC transporter ATPase yheS
1.44688862517e-05	2	MULTISPECIES: SCP2 domain-containing protein
1.44688862517e-05	2	CiaB protein, partial
1.44688862517e-05	2	tripartite ATP-independent periplasmic transporter solute receptor, DctP family
1.44688862517e-05	2	MULTISPECIES: NADPH dehydrogenase NamA
1.44688862517e-05	2	MULTISPECIES: succinyl-CoA synthetase subunit beta
1.44688862517e-05	2	MULTISPECIES: high-affinity choline transporter BetT
1.44688862517e-05	2	RecB family exonuclease
1.44688862517e-05	2	formylmethanofuran--tetrahydromethanopterin formyltransferase
1.44688862517e-05	2	GSPII F domain-containing protein
1.44688862517e-05	2	toxin transporter
1.44688862517e-05	2	aerotolerance regulator BatC
1.44688862517e-05	2	Peptidoglycan-binding LysM
1.44688862517e-05	2	Ferredoxin 1
1.44688862517e-05	2	MULTISPECIES: nuclear transport factor 2
1.44688862517e-05	2	MULTISPECIES: thrombospondin
1.44688862517e-05	2	cag pathogenicity island protein Cag22
1.44688862517e-05	2	proliferating cell nuclear antigen (pcna), partial
1.44688862517e-05	2	transcriptional regulator HU subunit alpha
1.44688862517e-05	2	ISNCY family transposase ISNtsp2
1.44688862517e-05	2	SRP54-type, GTPase
1.44688862517e-05	2	MULTISPECIES: erythronate-4-phosphate dehydrogenase
1.44688862517e-05	2	putative signal peptide protein
1.44688862517e-05	2	type 4 fimbrial PilA
1.44688862517e-05	2	protein YebE
1.44688862517e-05	2	DUF72 domain-containing protein, partial
1.44688862517e-05	2	dyp-type peroxidase family
1.44688862517e-05	2	HybD peptidase
1.44688862517e-05	2	Kazal domain-containing protein
1.44688862517e-05	2	amine oxidase flavin-containing
1.44688862517e-05	2	beta-fructosidase levanase/invertase
1.44688862517e-05	2	DNA ligase D-like 3'-phosphoesterase
1.44688862517e-05	2	pentose kinase
1.44688862517e-05	2	MULTISPECIES: DUF1425 domain-containing protein
1.44688862517e-05	2	MULTISPECIES: spindolin-related protein
1.44688862517e-05	2	PemK-like protein
1.44688862517e-05	2	butyrate-CoA ligase YtcI
1.44688862517e-05	2	MULTISPECIES: phage lambda-related protein
1.44688862517e-05	2	sensor protein evgS
1.44688862517e-05	2	MULTISPECIES: iron-sulfur cluster repair di-iron protein
1.44688862517e-05	2	precorrin-6A synthase (deacetylating), partial
1.44688862517e-05	2	killer protein
1.44688862517e-05	2	DUF1647 domain-containing protein
1.44688862517e-05	2	electron transport complex protein RnfC
1.44688862517e-05	2	nitrate reductase subunit alpha, partial
1.44688862517e-05	2	MULTISPECIES: 1-(5-phosphoribosyl)-5-amino-4-imidazole-carboxylate carboxylase
1.44688862517e-05	2	IS1595 family transposase ISNwi1
1.44688862517e-05	2	cytochrome C family protein
1.44688862517e-05	2	MULTISPECIES: glucose-1-phosphatase
1.44688862517e-05	2	arginine:agmatine antiporter
1.44688862517e-05	2	MULTISPECIES: DUF4173 domain-containing protein
1.44688862517e-05	2	general secretion pathway protein GspI, partial
1.44688862517e-05	2	MULTISPECIES: sugar O-acetyltransferase
1.44688862517e-05	2	dihydrodipicolinate synthase
1.44688862517e-05	2	MULTISPECIES: molecular chaperone GroEL, partial
1.44688862517e-05	2	pilT, twitching motility protein PilT
1.44688862517e-05	2	methyl-accepting chemotaxis (MCP) signaling domain protein
1.44688862517e-05	2	chemotaxis phosphatase CheZ
1.44688862517e-05	2	extracellular solute-binding protein, family 1
1.44688862517e-05	2	cof family hydrolase
1.44688862517e-05	2	Serralysin B precursor
1.44688862517e-05	2	MULTISPECIES: capsule polysaccharide export protein
1.44688862517e-05	2	2-oxoglutarate dehydrogenase E1 subunit
1.44688862517e-05	2	putative type I restriction-modification system M subunit
1.44688862517e-05	2	peptidase M15B and M15C, D,D-carboxypeptidase VanY/endolysin
1.44688862517e-05	2	cytochrome biogenesis protein, partial
1.44688862517e-05	2	type II secretory pathway protein ExeA
1.44688862517e-05	2	fimbriae usher protein
1.44688862517e-05	2	MULTISPECIES: cyclic pyranopterin phosphate synthase MoaA
1.44688862517e-05	2	NAD(P)H oxidase
1.44688862517e-05	2	ethanolamine ammonia-lyase light chain
1.44688862517e-05	2	putative sulfatase
1.44688862517e-05	2	protein lysine acetyltransferase Pka
1.44688862517e-05	2	L-alanoyl-D-glutamate peptidase-like protein
1.44688862517e-05	2	MULTISPECIES: 30S ribosomal protein S6 modification protein RimK
1.44688862517e-05	2	MULTISPECIES: DUF4398 domain-containing protein
1.44688862517e-05	2	MULTISPECIES: exodeoxyribonuclease X
1.44688862517e-05	2	type I restriction enzyme family protein
1.44688862517e-05	2	xanthine permease XanP, partial
1.44688862517e-05	2	NADH dehydrogenase chain J
1.44688862517e-05	2	heparan N-sulfatase, partial
1.44688862517e-05	2	ATP-binding protein of serine protease
1.44688862517e-05	2	transcriptional activator RhaS
1.44688862517e-05	2	glycosyl hydrolase family 26
1.44688862517e-05	2	glycosyl hydrolase family 20
1.44688862517e-05	2	MULTISPECIES: DNA ligase B
1.44688862517e-05	2	methionine ABC transporter ATPase
1.44688862517e-05	2	MULTISPECIES: DUF3144 domain-containing protein
1.44688862517e-05	2	type III restriction-modification system RcaSBIIP Res subunit
1.44688862517e-05	2	putative hybrid histidine kinase
1.44688862517e-05	2	DUF2136 domain-containing protein
1.44688862517e-05	2	putative sensor/response hybrid
1.44688862517e-05	2	Fe2+/Pb2+ permease, partial
1.44688862517e-05	2	fumarylacetoacetate
1.44688862517e-05	2	LPS export ABC transporter ATP-binding protein, partial
1.44688862517e-05	2	Tellurite resistance TerB
1.44688862517e-05	2	anti-anti-sigma regulatory factor
1.44688862517e-05	2	transcriptional regulator PobR
1.44688862517e-05	2	bifunctional molybdopterin-guanine dinucleotide biosynthesis protein MobB/molybdopterin molybdotransferase MoeA
1.44688862517e-05	2	sigma factor AlgU negative regulatory protein
1.44688862517e-05	2	ISL3 family transposase ISCARN113
1.44688862517e-05	2	MULTISPECIES: hydrocarbon-binding protein
1.44688862517e-05	2	RNA polymerase sigma factor SigA
1.44688862517e-05	2	N-glycosidase F
1.44688862517e-05	2	type IV pilus assembly PilZ
1.44688862517e-05	2	MULTISPECIES: DUF1845 domain-containing protein
1.44688862517e-05	2	UDP-glucose 6-dehydrogenase, partial
1.44688862517e-05	2	MULTISPECIES: neutral zinc metallopeptidase
1.44688862517e-05	2	MULTISPECIES: late control protein
1.44688862517e-05	2	50S ribosomal protein L10, partial
1.44688862517e-05	2	Putative gluconolactonase
1.44688862517e-05	2	DUF2004 domain-containing protein
1.44688862517e-05	2	3-phosphoserine/phosphohydroxythreonine aminotransferase, partial
1.44688862517e-05	2	mannosyltransferase, partial
1.44688862517e-05	2	protein disulfide reductase
1.44688862517e-05	2	MULTISPECIES: phage minor tail protein L
1.44688862517e-05	2	MULTISPECIES: nicotinate (nicotinamide) nucleotide adenylyltransferase
1.44688862517e-05	2	lysophospholipid acyltransferase superfamily protein
1.44688862517e-05	2	putative carboxypeptidase
1.44688862517e-05	2	oxidative stress defense protein
1.44688862517e-05	2	MULTISPECIES: molybdopterin converting factor
1.44688862517e-05	2	peptidoglycan glycosyltransferase, partial
1.44688862517e-05	2	ubia prenyltransferase
1.44688862517e-05	2	polysaccharide biosynthesis related protein
1.44688862517e-05	2	L-fucose mutarotase
1.44688862517e-05	2	yggG protein
1.44688862517e-05	2	MULTISPECIES: GYD domain-containing protein
1.44688862517e-05	2	MULTISPECIES: bacteriocin ABC transporter ATP-binding protein
1.44688862517e-05	2	nciI
1.44688862517e-05	2	diacylglycerol kinase, partial
1.44688862517e-05	2	methanol dehydrogenase-like protein cytochrome CL XoxG
1.44688862517e-05	2	translocator protein, LysE family
1.44688862517e-05	2	MULTISPECIES: DUF1427 domain-containing protein
1.44688862517e-05	2	IS630 family transposase ISMex41
1.44688862517e-05	2	MULTISPECIES: quaternary ammonium compound efflux SMR transporter QacG8
1.44688862517e-05	2	ATP:dephospho-CoA triphosphoribosyl transferase
1.44688862517e-05	2	Toxin with endonuclease activity YhaV
1.44688862517e-05	2	transcriptional regulator, XRE family
1.44688862517e-05	2	MULTISPECIES: beta-glycosidase
1.44688862517e-05	2	HAD-superfamily hydrolase subfamily IB, PSPase-like protein
1.44688862517e-05	2	MutS family DNA mismatch repair protein
1.44688862517e-05	2	(4Fe-4S) cluster-binding dehydrogenase
1.44688862517e-05	2	plasmid partitioning protein ParF
1.44688862517e-05	2	acyl-CoA dehydrogenase type 2 domain-containing protein
1.44688862517e-05	2	PEP motif putative anchor domain protein
1.44688862517e-05	2	MULTISPECIES: type II asparaginase
1.44688862517e-05	2	MULTISPECIES: DUF2802 domain-containing protein
1.44688862517e-05	2	peptidase, metallopeptidase
1.44688862517e-05	2	zinc/iron-chelating domain-containing protein, partial
1.44688862517e-05	2	MULTISPECIES: DUF1956 domain-containing protein
1.44688862517e-05	2	acid resistance periplasmic serine protease MarP
1.44688862517e-05	2	GrxA family glutaredoxin
1.44688862517e-05	2	restriction endonuclease NgoMIV
1.44688862517e-05	2	MbtH domain protein
1.44688862517e-05	2	putative nuclease
1.44688862517e-05	2	Manganese ABC transporter, ATP-binding protein SitB
1.44688862517e-05	2	DUF3108 domain-containing protein, partial
1.44688862517e-05	2	MULTISPECIES: phosphonate metabolism protein PhnP
1.44688862517e-05	2	MULTISPECIES: phage tail protein I
1.44688862517e-05	2	conserved hypothetical protein (HipA domain)
1.44688862517e-05	2	putative asparaginase
1.44688862517e-05	2	proprotein convertase p
1.44688862517e-05	2	tocopherol O-methyltransferase
1.44688862517e-05	2	IS3 family transposase ISMlo4
1.44688862517e-05	2	aminoglycoside O-phosphotransferase APH(9)-Ia
1.44688862517e-05	2	oligosaccharide deacetylase
1.44688862517e-05	2	helicase family protein with metal-binding cysteine cluster
1.44688862517e-05	2	Complex I intermediate-associated protein 30
1.44688862517e-05	2	membrane-bound alcohol dehydrogenase
1.44688862517e-05	2	photosystem I reaction center subunit III (PsaF)
1.44688862517e-05	2	PST family transport protein
1.44688862517e-05	2	carboxylesterase Est2 family protein
1.44688862517e-05	2	MULTISPECIES: hydrogenase assembly protein HupF
1.44688862517e-05	2	Mu-like prophage FluMu protein gp28-like
1.44688862517e-05	2	DUF965 domain-containing protein
1.44688862517e-05	2	addiction module toxin, RelE/StbE family protein
1.44688862517e-05	2	NADH dehydrogenase subunit 4
1.44688862517e-05	2	phosphonate transport system ATP-binding protein
1.44688862517e-05	2	DNA recombination protein
1.44688862517e-05	2	ROK family transcriptional regulator, partial
1.44688862517e-05	2	TnsA endonuclease
1.44688862517e-05	2	vcbs, putative
1.44688862517e-05	2	Stress responsive A/B Barrel Domain superfamily
1.44688862517e-05	2	sugar-binding or transport, RbsD/FucU
1.44688862517e-05	2	FADH(2)-oxidizing methylenetetrahydrofolate--tRNA-(uracil(54)-C(5))-methyltransferase TrmFO, partial
1.44688862517e-05	2	DUF393 domain-containing protein, partial
1.44688862517e-05	2	O-GlcNAc transferase
1.44688862517e-05	2	phosphoenolpyruvate carboxykinase (ATP), partial
1.44688862517e-05	2	siderophore-iron reductase, Fe-S cluster protein
1.44688862517e-05	2	MULTISPECIES: Flp pilus assembly protein TadB
1.44688862517e-05	2	flagellar system-associated repeat protein
1.44688862517e-05	2	molybdenum import ATP-binding protein ModC 2
1.44688862517e-05	2	cytochrome c oxidase assembly protein, partial
1.44688862517e-05	2	McrB
1.44688862517e-05	2	Flp pilus assembly protein CpaB, partial
1.44688862517e-05	2	type II secretion pathway component PulD
1.44688862517e-05	2	IS5 family transposase ISCaa6
1.44688862517e-05	2	16S rRNA processing protein RimM, partial
1.44688862517e-05	2	acetyl-CoA carboxylase carboxyltransferase
1.44688862517e-05	2	asparagine synthase B, partial
1.44688862517e-05	2	MULTISPECIES: metal resistance protein
1.44688862517e-05	2	heme peroxidase family protein,putative calcium-binding protein, partial
1.44688862517e-05	2	arabinose 5-phosphate isomerase GutQ
1.44688862517e-05	2	isocitrate lyase and phosphorylmutase
1.44688862517e-05	2	Ni,Fe-hydrogenase maturation factor
1.44688862517e-05	2	ketoacid CoA transferase, partial
1.44688862517e-05	2	MULTISPECIES: formylmethanofuran--tetrahydromethanopterin N-formyltransferase
1.44688862517e-05	2	MULTISPECIES: peptidase C45
1.44688862517e-05	2	acetone carboxylase subunit gamma
1.44688862517e-05	2	subclass B3 metallo-beta-lactamase LRA-2
1.44688862517e-05	2	MULTISPECIES: recombination endonuclease VII
1.44688862517e-05	2	Heme exporter protein B
1.44688862517e-05	2	Rhs element Vgr protein, partial
1.44688862517e-05	2	MULTISPECIES: YibE/F family protein
1.44688862517e-05	2	MULTISPECIES: multiple antibiotic resistance (marc)-like protein
1.44688862517e-05	2	chlorite dismutase, partial
1.44688862517e-05	2	GTP-binding protein HflX
1.44688862517e-05	2	MULTISPECIES: IcfG protein
1.44688862517e-05	2	phytochrome A
1.44688862517e-05	2	methionine ABC transporter
1.44688862517e-05	2	IS1595 family transposase ISMsz1
1.44688862517e-05	2	MULTISPECIES: photosystem I reaction center protein subunit XI
1.44688862517e-05	2	DNA-3-methyladenine glycosylase I, partial
1.44688862517e-05	2	long-chain-fatty-acid--CoA ligase 6
1.44688862517e-05	2	fad linked oxidase
1.44688862517e-05	2	metal-dependent regulator
1.44688862517e-05	2	glutathione ABC transporter substrate-binding protein GsiB, partial
1.44688862517e-05	2	caspase-1, p20
1.44688862517e-05	2	TAP-like protein
1.44688862517e-05	2	glycoside hydrolase family 42
1.44688862517e-05	2	glycoside hydrolase family 47
1.44688862517e-05	2	glycoside hydrolase family 44
1.44688862517e-05	2	MULTISPECIES: lysis protein
1.44688862517e-05	2	nitrogenase cofactor biosynthesis protein NifB, partial
1.44688862517e-05	2	RtcB protein
1.44688862517e-05	2	Na+/H+ antiporter NhaA 2
1.44688862517e-05	2	Na+/H+ antiporter NhaA 3
1.44688862517e-05	2	Kelch-like protein 17
1.44688862517e-05	2	molybdenum transport protein ModE
1.44688862517e-05	2	phage-related integrase
1.44688862517e-05	2	Rhs family carbohydrate-binding protein
1.44688862517e-05	2	DUF2213 domain-containing protein, partial
1.44688862517e-05	2	IS1380 family transposase ISCph6
1.44688862517e-05	2	putative glycosyltransferase, partial
1.44688862517e-05	2	DUF2924 domain-containing protein, partial
1.44688862517e-05	2	MULTISPECIES: DUF3854 domain-containing protein
1.44688862517e-05	2	ChaC family protein
1.44688862517e-05	2	polysaccharide chain length modulation protein
1.44688862517e-05	2	D-ala D-ala ligase domain protein
1.44688862517e-05	2	resistance nodulation cell division (RND) drug efflux pump, inner membrane component
1.44688862517e-05	2	Fe-S metabolism associated SufE
1.44688862517e-05	2	phage replication protein O
1.44688862517e-05	2	PHA synthase subunit PhaC
1.44688862517e-05	2	phage repressor protein/antirepressor Ant
1.44688862517e-05	2	Sodium/iodide co-transporter
1.44688862517e-05	2	IS1182 family transposase ISVsp16
1.44688862517e-05	2	bacterial microcompartment protein
1.44688862517e-05	2	DNA adenine methylase, partial
1.44688862517e-05	2	MULTISPECIES: sugar phosphatase
1.44688862517e-05	2	phosphoesterase domain-containing protein
1.44688862517e-05	2	MULTISPECIES: Killer protein
1.44688862517e-05	2	MULTISPECIES: NdvB
1.44688862517e-05	2	BNR repeat-containing glycosyl hydrolase
1.44688862517e-05	2	tripartite tricarboxylate transporter permease, partial
1.44688862517e-05	2	MULTISPECIES: rubredoxin--NAD(+) reductase
1.44688862517e-05	2	MULTISPECIES: purine permease
1.44688862517e-05	2	DoxX protein
1.44688862517e-05	2	flagellin type B
1.44688862517e-05	2	cell surface glycoprotein (s-layer protein) related protein
1.44688862517e-05	2	Head-to-tail joining protein
1.44688862517e-05	2	class-I fumarase
1.44688862517e-05	2	glucose-1-dehydrogenase, partial
1.44688862517e-05	2	thiamine/molybdopterin biosynthesis protein
1.44688862517e-05	2	MaoC-like dehydratase
1.44688862517e-05	2	galactarate dehydratase, partial
1.44688862517e-05	2	ribonuclease PH, partial
1.44688862517e-05	2	DUF2528 domain-containing protein
1.44688862517e-05	2	succinate-semialdehyde dehydrogenase (NAD(P)+)
1.44688862517e-05	2	old protein
1.44688862517e-05	2	IS3 family transposase ISGpr3
1.44688862517e-05	2	MULTISPECIES: sigma-54-dependent transcriptional regulator
1.44688862517e-05	2	fumarylacetoacetate hydrolase 2A
1.44688862517e-05	2	BadF/BadG/BcrA/BcrD type ATPase
1.44688862517e-05	2	MULTISPECIES: TolQ protein
1.44688862517e-05	2	3-deoxy-D-manno-oct-2-ulosonic acid (Kdo) hydroxylase family protein
1.44688862517e-05	2	MULTISPECIES: DUF1385 domain-containing protein
1.44688862517e-05	2	lactamase
1.44688862517e-05	2	prephenate dehydratase, partial
1.44688862517e-05	2	Viral (Superfamily 1) RNA helicase
1.44688862517e-05	2	DUF4157 domain-containing protein, partial
1.44688862517e-05	2	phosphotransacetylase
1.44688862517e-05	2	putative UDP-N-acetyl-D-galactosamine dehydrogenase
1.44688862517e-05	2	PSP1 protein
1.44688862517e-05	2	photosystem II reaction center protein H
1.44688862517e-05	2	permease for cytosine/purines uracil thiamine allantoin
1.44688862517e-05	2	MULTISPECIES: mammalian cell entry protein
1.44688862517e-05	2	fimbrial protein FimD
1.44688862517e-05	2	oxidative-stress-resistance chaperone
1.44688862517e-05	2	phage tail tape measure protein TP901, core region
1.44688862517e-05	2	liver stage antigen
1.44688862517e-05	2	PrkA family serine protein kinase, partial
1.44688862517e-05	2	Capsule polysaccharide biosynthesis protein
1.44688862517e-05	2	DUF3872 domain-containing protein
1.44688862517e-05	2	colicin V secretion protein CvaA
1.44688862517e-05	2	putative 16S rRNA (cytosine(967)-C(5))-methyltransferase
1.44688862517e-05	2	RCC1 repeat protein
1.44688862517e-05	2	MULTISPECIES: DUF3780 domain-containing protein
1.44688862517e-05	2	carboxypeptidase regulatory-like domain protein
1.44688862517e-05	2	methionine synthase (B12-dependent)
1.44688862517e-05	2	Immunoglobulin-like repeats containing protein
1.44688862517e-05	2	pyruvate dehydrogenase E1 component, alpha subunit
1.44688862517e-05	2	cell wall surface anchored protein
1.44688862517e-05	2	Ferrochelatase 2
1.44688862517e-05	2	MULTISPECIES: copper resistance protein CopB
1.44688862517e-05	2	MULTISPECIES: bifunctional cysteine desulfurase/selenocysteine lyase
1.44688862517e-05	2	mannonate oxidoreductase
1.44688862517e-05	2	cytochrome C oxidase monohem subunit/FixO
1.44688862517e-05	2	MULTISPECIES: hydrolase, alpha
1.44688862517e-05	2	TonB-dependent Receptor Plug domain-containing protein
1.44688862517e-05	2	L-arabinose ABC transporter ATP-binding protein AraG, partial
1.44688862517e-05	2	ribosomal RNA small subunit methyltransferase C
1.44688862517e-05	2	colicin
1.44688862517e-05	2	chromate transporter chromate ion transporter (CHR) family
1.44688862517e-05	2	alpha-xylosidase, partial
1.44688862517e-05	2	MULTISPECIES: general secretion pathway protein C
1.44688862517e-05	2	3-phenylpropionate dioxygenase small (beta) subunit
1.44688862517e-05	2	aromatic ring-opening dioxygenase
1.44688862517e-05	2	MULTISPECIES: DUF695 domain-containing protein
1.44688862517e-05	2	50S ribosomal protein L39e
1.44688862517e-05	2	Hemagglutinin-like protein
1.44688862517e-05	2	stage II sporulation protein R
1.44688862517e-05	2	HDIG domain-containing protein, partial
1.44688862517e-05	2	IS5 family transposase ISKpn12
1.44688862517e-05	2	ornithine--oxo-acid transaminase, partial
1.44688862517e-05	2	transcriptional regulator, TetR family
1.44688862517e-05	2	MULTISPECIES: DUF4058 domain-containing protein
1.44688862517e-05	2	antibiotic biosynthesis protein
1.44688862517e-05	2	nucleotide sugar dehydrogenase subfamily
1.44688862517e-05	2	cytochrome c-type biogenesis protein CcmE, heme chaperone
1.44688862517e-05	2	MULTISPECIES: TRAP transporter small permease protein
1.44688862517e-05	2	plant photosystem II stability/assembly factor-like protein
1.44688862517e-05	2	inosine/uridine-preferring nucleoside hydrolase
1.44688862517e-05	2	Lysine-arginine-ornithine-binding periplasmic protein precursor
1.44688862517e-05	2	heptaprenyl diphosphate synthase component II
1.44688862517e-05	2	D-threo-aldose 1-dehydrogenase
1.44688862517e-05	2	GMP synthase-like protein
1.44688862517e-05	2	virulence-associated E
1.44688862517e-05	2	sugar ABC transporter, partial
1.44688862517e-05	2	fatty acid oxidation complex trifunctional enzyme
1.44688862517e-05	2	putative DnaK suppressor family protein
1.44688862517e-05	2	glutathione S-transferase family protein, partial
1.44688862517e-05	2	IS3 family transposase ISAtu5
1.44688862517e-05	2	cell division protein DivIVA homologue
1.44688862517e-05	2	beta-methylarginine biosynthesis bifunctional aminotransferase
1.44688862517e-05	2	large mechanosensitive ion channel protein MscL
1.44688862517e-05	2	MULTISPECIES: PTS lactose transporter subunit IIB
1.44688862517e-05	2	MULTISPECIES: adenosylcobinamide-phosphate guanylyltransferase
1.44688862517e-05	2	antitermination protein
1.44688862517e-05	2	MULTISPECIES: metal ABC transporter ATPase
1.44688862517e-05	2	competence protein ComEA helix-hairpin-helix repeat region
1.44688862517e-05	2	MULTISPECIES: IS5 family transposase ISBj5_B
1.44688862517e-05	2	AcsA protein
1.44688862517e-05	2	serine/threonine-protein kinase pknB
1.44688862517e-05	2	inosine/xanthosine triphosphatase
1.44688862517e-05	2	MULTISPECIES: DUF2380 domain-containing protein
1.44688862517e-05	2	D-alanyl-D-alanine carboxypeptidase, serine-type, PBP4 family
1.44688862517e-05	2	GAF Sensor Hybrid histidine Kinase
1.44688862517e-05	2	sec-independent protein translocase
1.44688862517e-05	2	component of the Tol biopolymer transport system
1.44688862517e-05	2	restriction system protein MRR
1.44688862517e-05	2	thiamine kinase
1.44688862517e-05	2	glycosyl transferase family 39 protein
1.44688862517e-05	2	sugar lyase
1.44688862517e-05	2	KaiC domain-containing protein
1.44688862517e-05	2	MULTISPECIES: galactosylceramidase
1.44688862517e-05	2	glycine cleavage system T protein
1.44688862517e-05	2	putative AMP-dependent synthetase and ligase
1.44688862517e-05	2	1-(5-phosphoribosyl)-5-amino-4-imidazole-carboxylate (AIR) carboxylase
1.44688862517e-05	2	ferritin Dps family protein
1.44688862517e-05	2	MULTISPECIES: PTS mannose transporter subunit IIA
1.44688862517e-05	2	phiE125 gp8 protein
1.44688862517e-05	2	thiamine pyrophosphate enzyme-like TPP bindin
1.44688862517e-05	2	quinol oxidase subunit II protein
1.44688862517e-05	2	MULTISPECIES: DUF3455 domain-containing protein
1.44688862517e-05	2	n-acetylgalactosamine-4-sulfatase
1.44688862517e-05	2	DUF4397 domain-containing protein, partial
1.44688862517e-05	2	malonic semialdehyde reductase, partial
1.44688862517e-05	2	MULTISPECIES: general secretion pathway protein
1.44688862517e-05	2	competence regulator TfoX
1.44688862517e-05	2	Prenyltransferase family protein
1.44688862517e-05	2	DNA-protecting protein DprA, partial
1.44688862517e-05	2	anaerobic nitric oxide reductase
1.44688862517e-05	2	glutathione S-transferase, N-terminal domain
1.44688862517e-05	2	tyrocidine non-ribosomal peptide synthetase TycC
1.44688862517e-05	2	pyoverdine sidechain peptide synthetase, partial
1.44688862517e-05	2	DUF2787 domain-containing protein
1.44688862517e-05	2	sensor protein GacS
1.44688862517e-05	2	mannan endo-1,4-beta-mannosidase A and B
1.44688862517e-05	2	aldehyde dehydrogenase PuuC, partial
1.44688862517e-05	2	putative NAD(P)H-quinone oxidoreductase subunit 6, organellar chromatophore
1.44688862517e-05	2	TIGR02569 family protein
1.44688862517e-05	2	replication initiator protein A
1.44688862517e-05	2	ribose-5-phosphate isomerase, partial
1.44688862517e-05	2	DUF3164 domain-containing protein, partial
1.44688862517e-05	2	type II secretion system PilC
1.44688862517e-05	2	glycine zipper 2TM domain containing protein
1.44688862517e-05	2	MULTISPECIES: phosphomethylpyrimidine kinase
1.44688862517e-05	2	MULTISPECIES: sulfurtransferase DndC
1.44688862517e-05	2	oxygen-binding protein (globin)
1.44688862517e-05	2	thiolase family protein, partial
1.44688862517e-05	2	2-aminoethylphosphonate ABC transport system ATP-binding subunit PhnT
1.44688862517e-05	2	MULTISPECIES: DUF1824 domain-containing protein
1.44688862517e-05	2	pimeloyl-ACP methyl ester esterase
1.44688862517e-05	2	oligoribonuclease, partial
1.44688862517e-05	2	sensor protein kdpD
1.44688862517e-05	2	putative M4 thermolysin family metalloprotease
1.44688862517e-05	2	MULTISPECIES: phosphate--nucleotide phosphotransferase
1.44688862517e-05	2	Zn-dependent hydrolase including glyoxylase
1.44688862517e-05	2	MULTISPECIES: L-carnitine dehydrogenase
1.44688862517e-05	2	tRNA(ANN) t(6)A37 threonylcarbamoyladenosine modification protein
1.44688862517e-05	2	DUF192 domain-containing protein
1.44688862517e-05	2	glycosyl transferase family 1 protein
1.44688862517e-05	2	MULTISPECIES: YARHG domain-containing protein
1.44688862517e-05	2	NAD(+)--rifampin ADP-ribosyltransferase Arr-8
1.44688862517e-05	2	GAF sensor-containing diguanylate cyclase
1.44688862517e-05	2	MULTISPECIES: DUF4245 domain-containing protein
1.44688862517e-05	2	3'-phosphoadenosine 5'-phosphosulfate sulfurtransferase DndC
1.44688862517e-05	2	cytochrome C oxidoreductase subunit A
1.44688862517e-05	2	GTP-binding domain protein
1.44688862517e-05	2	MULTISPECIES: phage repressor
1.44688862517e-05	2	MULTISPECIES: DUF521 domain-containing protein
1.44688862517e-05	2	DUF3742 domain-containing protein
1.44688862517e-05	2	MULTISPECIES: stage V sporulation protein T
1.44688862517e-05	2	DUF3757 domain-containing protein
1.44688862517e-05	2	MULTISPECIES: 23S rRNA (adenine(2503)-C(8))-methyltransferase Cfr
1.44688862517e-05	2	cache protein
1.44688862517e-05	2	carotene biosynthesis protein
1.44688862517e-05	2	acetyl-CoA carboxylase carboxyltransferase subunit alpha, partial
1.44688862517e-05	2	MULTISPECIES: UDP-hexose transferase
1.44688862517e-05	2	PrpF family protein, partial
1.44688862517e-05	2	5'/3'-nucleotidase SurE, partial
1.44688862517e-05	2	MULTISPECIES: NADPH dehydrogenase
1.44688862517e-05	2	MULTISPECIES: chemotaxis protein CheC
1.44688862517e-05	2	GGDEF-domain containing protein, partial
1.44688862517e-05	2	diadenosine tetraphosphatase and related serine/threonine protein phosphatase
1.44688862517e-05	2	GIY-YIG catalytic domain containing protein
1.44688862517e-05	2	DUF1998 domain-containing protein, partial
1.44688862517e-05	2	glutathione import ATP-binding protein GsiA
1.44688862517e-05	2	pyruvate phosphate dikinase PEP/pyruvate-binding:PEP-utilizing enzyme mobile region
1.44688862517e-05	2	O-acetyl-L-homoserine sulfhydrolase
1.44688862517e-05	2	aerial mycelium formation protein
1.44688862517e-05	2	L-2-hydroxyglutarate oxidase LhgO
1.44688862517e-05	2	MULTISPECIES: TPR repeat-containing protein
1.44688862517e-05	2	PAS:GGDEF:hemerythrin HHE cation binding region
1.44688862517e-05	2	DUF1904 domain-containing protein
1.44688862517e-05	2	MULTISPECIES: 2-acyl-glycerophospho-ethanolamine acyltransferase
1.44688862517e-05	2	N5-glutamine S-adenosyl-L-methionine-dependent methyltransferase
1.44688862517e-05	2	glutamate carboxypeptidase II
1.44688862517e-05	2	glycogen synthase, partial
1.44688862517e-05	2	putative sialic acid synthase
1.44688862517e-05	2	putative esterase of the alpha-beta hydrolase superfamily
1.44688862517e-05	2	dihydrofolate synthase, partial
1.44688862517e-05	2	IS30 family transposase ISCth2
1.44688862517e-05	2	Thiol:disulfide interchange protein dsbA precursor
1.44688862517e-05	2	six-hairpin glycosidase, partial
1.44688862517e-05	2	MULTISPECIES: nitroreductase family deazaflavin-dependent oxidoreductase
1.44688862517e-05	2	MULTISPECIES: recombinase RecR
1.44688862517e-05	2	MULTISPECIES: recombinase RecQ
1.44688862517e-05	2	phage-related replication protein
1.44688862517e-05	2	leucine-rich repeat-containing protein
1.44688862517e-05	2	MULTISPECIES: D-ribose transporter ATP-binding protein
1.44688862517e-05	2	conjugal transfer protein TraM
1.44688862517e-05	2	conjugal transfer protein TraJ
1.44688862517e-05	2	polyketide synthase subunit
1.44688862517e-05	2	fatty acid hydrolase
1.44688862517e-05	2	alkylphosphonate utilization protein PhnA
1.44688862517e-05	2	sugar fermentation stimulation protein
1.44688862517e-05	2	MULTISPECIES: sodium:proline symporter
1.44688862517e-05	2	toxin-antitoxin system antitoxin component
1.44688862517e-05	2	transcriptional regulator RbsR
1.44688862517e-05	2	efflux transporter RND family, MFP subunit
1.44688862517e-05	2	MULTISPECIES: DUF3768 domain-containing protein
1.44688862517e-05	2	MULTISPECIES: peptidylprolyl isomerase SurA
1.44688862517e-05	2	type III secretion protein HrpJ
1.44688862517e-05	2	6-phosphogluconate phosphatase
1.44688862517e-05	2	putative Penicillin-binding protein 1A (PBP-1a)
1.44688862517e-05	2	excinuclease ABC, C subunit-like
1.44688862517e-05	2	1-(5-phosphoribosyl)-5-amino-4-imidazole- carboxylate (AIR) carboxylase
1.44688862517e-05	2	PEP phosphonomutase-like enzyme
1.44688862517e-05	2	umuDC operon-like protein
1.44688862517e-05	2	phycobilisome core linker protein
1.44688862517e-05	2	MULTISPECIES: NAD-dependent formate dehydrogenase subunit beta
1.44688862517e-05	2	sulfatase domain protein
1.44688862517e-05	2	MULTISPECIES: peptidase M66
1.44688862517e-05	2	haloacetate dehalogenase H-1
1.44688862517e-05	2	23S rRNA pseudouridine(2457) synthase
1.44688862517e-05	2	MULTISPECIES: DUF1028 domain-containing protein
1.44688862517e-05	2	TIGR02265 family protein
1.44688862517e-05	2	MOP family protein
1.44688862517e-05	2	cyanophycinase and related exopeptidase-like protein
1.44688862517e-05	2	sugar efflux transporter SetB
1.44688862517e-05	2	nuclease (SNase domain-containing protein)
1.44688862517e-05	2	MULTISPECIES: multidrug transporter EmrA
1.44688862517e-05	2	Na+/H+ antiporter NhaD
1.44688862517e-05	2	bacteriochlorophyll/chlorophyll a synthase, partial
1.44688862517e-05	2	DUF3265 domain-containing protein
1.44688862517e-05	2	branched-chain alpha-keto acid dehydrogenasecomponent subunit beta
1.44688862517e-05	2	family 5 extracellular solute-binding protein, partial
1.44688862517e-05	2	surF1 family protein
1.44688862517e-05	2	TrkA-C domain-containing protein
1.44688862517e-05	2	2,2-dialkylglycine decarboxylase
1.44688862517e-05	2	HPr-rel-A system PqqD family peptide chaperone
1.44688862517e-05	2	K+ channel TrkA-N
1.44688862517e-05	2	PaaR repeat-containing protein
1.44688862517e-05	2	ABC transporter permease component
1.44688862517e-05	2	elongation factor-1 alpha
1.44688862517e-05	2	MULTISPECIES: FprA family A-type flavoprotein
1.44688862517e-05	2	RNA polymerase subunit alpha
1.44688862517e-05	2	lysine decarboxylase, partial
1.44688862517e-05	2	carboxysome protein
1.44688862517e-05	2	glycerol transporter permease
1.44688862517e-05	2	MULTISPECIES: branched-chain amino acid transporter
1.44688862517e-05	2	aromatic amino acid exporter
1.44688862517e-05	2	morphogenetic protein
1.44688862517e-05	2	MULTISPECIES: lactonase
1.44688862517e-05	2	galactosidase
1.44688862517e-05	2	DidJ
1.44688862517e-05	2	enantio-pyochelin synthetase F
1.44688862517e-05	2	dgoA protein
1.44688862517e-05	2	type I restriction enzyme
1.44688862517e-05	2	two component Sensor protein chvG (Histidine kinase sensory protein exoS)
1.44688862517e-05	2	NADH:ubiquinone oxidoreductase complex i intermediate-associated protein 30
1.44688862517e-05	2	chorismate-binding protein, partial
1.44688862517e-05	2	DltD
1.44688862517e-05	2	two-component system sensor histidine kinase EnvZ
1.44688862517e-05	2	QXW lectin repeat-containing protein
1.44688862517e-05	2	rhodanese, partial
1.44688862517e-05	2	MULTISPECIES: flagellar basal body P-ring protein
1.44688862517e-05	2	ATP-dependent transcriptional regulator
1.44688862517e-05	2	putative type I restriction-modification system (HsdR)
1.44688862517e-05	2	LCCL domain-containing protein
1.44688862517e-05	2	ketoacid-CoA transferase
1.44688862517e-05	2	CAP-Gly domain protein
1.44688862517e-05	2	lipocalin-like domain protein
1.44688862517e-05	2	Holin-like protein CidA
1.44688862517e-05	2	type I secretion outer membrane protein, TolC family
1.44688862517e-05	2	MULTISPECIES: mRNA interferase MqsR
1.44688862517e-05	2	putative propionyl-CoA carboxylase beta chain 5
1.44688862517e-05	2	MULTISPECIES: anthranilate synthase component II
1.44688862517e-05	2	MULTISPECIES: putative Translation factor, SUA5 type
1.44688862517e-05	2	MULTISPECIES: class C beta-lactamase
1.44688862517e-05	2	MULTISPECIES: DUF3072 domain-containing protein
1.44688862517e-05	2	molybdenum cofactor biosynthesis protein E
1.44688862517e-05	2	type I-MYXAN CRISPR-associated protein Cas5/Cmx5/DevS
1.44688862517e-05	2	spore coat protein CotJC
1.44688862517e-05	2	transcriptional regulator GutM
1.44688862517e-05	2	MULTISPECIES: L-fuculose kinase
1.44688862517e-05	2	transposon Tn7 transposition protein TnsA
1.44688862517e-05	2	ABC-type phosphate/phosphonate transport system, periplasmic component
1.44688862517e-05	2	lipocalin-like protein
1.44688862517e-05	2	MULTISPECIES: uridine monophosphate kinase
1.44688862517e-05	2	MULTISPECIES: steroid monooxygenase
1.44688862517e-05	2	aliphatic sulfonate ABC transporter ATP-binding protein, partial
1.44688862517e-05	2	putative Pectinesterase
1.44688862517e-05	2	Ulilysin
1.44688862517e-05	2	MULTISPECIES: EscU/YscU/HrcU family type III secretion system export apparatus switch protein
1.44688862517e-05	2	ATP- depended DNA helicase
1.44688862517e-05	2	MULTISPECIES: photosystem II reaction center protein H
1.44688862517e-05	2	Zn-dependent metalloprotease
1.44688862517e-05	2	pilus assembly protein PilM, partial
1.44688862517e-05	2	AraC type helix-turn-helix- domain-containing protein
1.44688862517e-05	2	trpE protein
1.44688862517e-05	2	MULTISPECIES: electron transporter RnfD
1.44688862517e-05	2	MULTISPECIES: TIGR03756 family integrating conjugative element protein
1.44688862517e-05	2	2,5-dihydroxypyridine 5,6-dioxygenase
1.44688862517e-05	2	MULTISPECIES: carboxylate transporter
1.44688862517e-05	2	sugar nucleotidyl transferase family protein
1.44688862517e-05	2	heme acquisition protein HasAp
1.44688862517e-05	2	MULTISPECIES: cytochrome b6 subunit PetB
1.44688862517e-05	2	MULTISPECIES: pyruvate, water dikinase
1.44688862517e-05	2	class I poly(R)-hydroxyalkanoic acid synthase, partial
1.44688862517e-05	2	MULTISPECIES: glycoside hydrolase family 68 protein
1.44688862517e-05	2	sensor protein Chase2
1.44688862517e-05	2	vanomycin resistance protein VanB, partial
1.44688862517e-05	2	multidrug transporter MATE
1.44688862517e-05	2	biofilm-promoting protein BpfA
1.44688862517e-05	2	periplasmic component of amino acid ABC-type transporter/signal transduction system
1.44688862517e-05	2	menE, O-succinylbenzoate-CoA ligase
1.44688862517e-05	2	hydrogenase assembly protein HypCF
1.44688862517e-05	2	recombinase NinG
1.44688862517e-05	2	propanediol utilization protein PduL
1.44688862517e-05	2	EfeM/EfeO family lipoprotein
1.44688862517e-05	2	MULTISPECIES: protein-disulfide isomerase
1.44688862517e-05	2	coenzyme PQQ synthesis protein B
1.44688862517e-05	2	MULTISPECIES: Inward rectifier potassium channel Irk
1.44688862517e-05	2	MULTISPECIES: inorganic diphosphatase
1.44688862517e-05	2	intein C-terminal splicing region domain protein
1.44688862517e-05	2	peptidase U61 LD-carboxypeptidase A
1.44688862517e-05	2	MULTISPECIES: DUF2933 domain-containing protein
1.44688862517e-05	2	IS5 family transposase ISCfl1
1.44688862517e-05	2	MULTISPECIES: YqaJ-like viral recombinase
1.44688862517e-05	2	DUF4835 domain-containing protein, partial
1.44688862517e-05	2	MULTISPECIES: DUF1842 domain-containing protein
1.44688862517e-05	2	ACT domain protein
1.44688862517e-05	2	DUF2833 domain-containing protein
1.44688862517e-05	2	MULTISPECIES: DUF2499 domain-containing protein
1.44688862517e-05	2	DUF4298 domain-containing protein
1.44688862517e-05	2	exod membrane protein
1.44688862517e-05	2	MULTISPECIES: pyrimidine utilization protein C
1.44688862517e-05	2	LPS biosynthesis protein WbpG
1.44688862517e-05	2	putative magnesium chelatase accessory protein
1.44688862517e-05	2	darcynin
1.44688862517e-05	2	MULTISPECIES: type IV pilus biogenesis protein PilC
1.44688862517e-05	2	glycosyl hydrolasensduction
1.44688862517e-05	2	Large serine recombinase
1.44688862517e-05	2	MULTISPECIES: ATP F0F1 synthase subunit B'
1.44688862517e-05	2	MULTISPECIES: sulfur reduction protein DsrE
1.44688862517e-05	2	DNA maturase B, partial
1.44688862517e-05	2	protein kinase/helix-hairpin-helix DNA-binding domain-containing proteins
1.44688862517e-05	2	alkaline-shock protein
1.44688862517e-05	2	anti-sigma F factor antagonist
1.44688862517e-05	2	coatomer WD associated region family protein
1.44688862517e-05	2	type I-B CRISPR-associated protein Cas5
1.44688862517e-05	2	Tfp pilus assembly protein tip-associated adhesin PilY1-like protein
1.44688862517e-05	2	heavy metal resistance protein CzcC, partial
1.44688862517e-05	2	negative regulator of genetic competence ClpC/MecB
1.44688862517e-05	2	MULTISPECIES: nitrogen fixation protein NifX
1.44688862517e-05	2	putative SufE Fe/S-cluster-related protein
1.44688862517e-05	2	peptidase dimerization protein
1.44688862517e-05	2	aminotransferase class III, partial
1.44688862517e-05	2	putative UDP-glucuronate 5'-epimerase
1.44688862517e-05	2	di-/tricarboxylate transporter
1.44688862517e-05	2	3-oxoacid CoA-transferase subunit B
1.44688862517e-05	2	LL-diaminopimelate aminotransferase, partial
1.44688862517e-05	2	MULTISPECIES: IS3 family transposase ISShes13
1.44688862517e-05	2	Ig domain protein group 2 domain protein
1.44688862517e-05	2	arogenate dehydrogenase (NADP)
1.44688862517e-05	2	MULTISPECIES: DUF4188 domain-containing protein
1.44688862517e-05	2	pyrroloquinoline quinone biosynthesis protein PqqE, partial
1.44688862517e-05	2	formate dehydrogenase oxidoreduct
1.44688862517e-05	2	peptidase M60
1.44688862517e-05	2	ubiquinol--cytochrome c reductase cytochrome c1 subunit
1.44688862517e-05	2	glycolate permease glcA
1.44688862517e-05	2	tRNA nucleotidyltransferase, partial
1.44688862517e-05	2	ZipA FtsZ-binding region
1.44688862517e-05	2	phosphate ABC transporter permease, partial
1.44688862517e-05	2	MULTISPECIES: histone nucleoid-structuring protein H-NS
1.44688862517e-05	2	ATPase involved in DNA repair
1.44688862517e-05	2	NodT family efflux transporter, outer membrane factor (OMF) lipoprotein
1.44688862517e-05	2	DUF2550 domain-containing protein
1.44688862517e-05	2	Sterol-binding domain protein
1.44688862517e-05	2	MULTISPECIES: cyanuric acid amidohydrolase
1.44688862517e-05	2	S8A family peptidase
1.44688862517e-05	2	ABC oligo/dipeptide transport, ATP-binding protein
1.44688862517e-05	2	tRNA pseudouridine synthase C
1.44688862517e-05	2	IS5 family transposase ISRm12
1.44688862517e-05	2	putative exopolysaccharide biosynthesis protein
1.44688862517e-05	2	MULTISPECIES: carbon starvation protein CstA
1.44688862517e-05	2	peptidase, U32 family
1.44688862517e-05	2	replication protein P
1.44688862517e-05	2	transporter-like protein
1.44688862517e-05	2	replication protein C
1.44688862517e-05	2	EIICBA-Mtl
1.44688862517e-05	2	toxin-antitoxin system antitoxin component, partial
1.44688862517e-05	2	Double-transmembrane region-like
1.44688862517e-05	2	positive regulator for alginate biosynthesis MucC
1.44688862517e-05	2	integral membrane protein, MMPL family
1.44688862517e-05	2	porphobilinogen deaminase, partial
1.44688862517e-05	2	macromolecule degradation related protein
1.44688862517e-05	2	MULTISPECIES: 2-haloalkanoic acid dehalogenase
1.44688862517e-05	2	putative ATP-dependent RNA helicase
1.44688862517e-05	2	nitric oxide-dependent regulator
1.44688862517e-05	2	UDP-N-acetylmuramyl pentapeptide phosphotransferase/UDP-N-acetylglucosamine-1-phosphate transferase
1.44688862517e-05	2	phospho-2-dehydro-3-deoxyheptonate aldolase, partial
1.44688862517e-05	2	tetratricopeptide TPR_2 repeat protein
1.44688862517e-05	2	maoC family protein
1.44688862517e-05	2	nicotinamide nucleotide transhydrogenase subunit alpha
1.44688862517e-05	2	type VI secretion lipoprotein, family
1.44688862517e-05	2	MULTISPECIES: IS1182 family transposase ISAcc2
1.44688862517e-05	2	phage head morphogenesis protein, SPP1 gp7
1.44688862517e-05	2	ATPase family protein
1.44688862517e-05	2	MULTISPECIES: toxin-antitoxin system, toxin component, Fic family
1.44688862517e-05	2	MULTISPECIES: endopolygalacturonase
1.44688862517e-05	2	MULTISPECIES: DUF2897 domain-containing protein
1.44688862517e-05	2	ATPase ATP-binding domain-containing protein
1.44688862517e-05	2	heparinase II/III-like protein
1.44688862517e-05	2	aminoglycoside 6-adenylyltransferase
1.44688862517e-05	2	methylcrotonyl-CoA carboxylase biotin-containing subunit
1.44688862517e-05	2	DUF1049 domain-containing protein, partial
1.44688862517e-05	2	MULTISPECIES: DEAD/DEAH box family ATP-dependent RNA helicase
1.44688862517e-05	2	beta-(1,2)-glucan biosynthesis protein, partial
1.44688862517e-05	2	transporter permease
1.44688862517e-05	2	septation protein A, partial
1.44688862517e-05	2	sterol 3-beta-glucosyltransferase
1.44688862517e-05	2	response regulator/sensory box/HDIG domain protein
1.44688862517e-05	2	type IV pilin subunit protein
1.44688862517e-05	2	MULTISPECIES: nitrogen fixation protein FixK
1.44688862517e-05	2	SCP-2 family sterol carrier protein
1.44688862517e-05	2	peptidase U32 family protein
1.44688862517e-05	2	poly(A) polymerase PcnA
1.44688862517e-05	2	pyruvate ferredoxin oxidoreductase, partial
1.44688862517e-05	2	D-arabinono-1,4-lactone oxidase
1.44688862517e-05	2	transmembrane anchor protein
1.44688862517e-05	2	acetylaminoadipate kinase
1.44688862517e-05	2	MULTISPECIES: autoinducer-binding protein
1.44688862517e-05	2	Phosphotransferase system mannitol/fructose-specific IIA domain (Ntr-type)
1.44688862517e-05	2	succinyl-CoA--benzylsuccinate CoA-transferase
1.44688862517e-05	2	type IV pilus assembly protein PilY
1.44688862517e-05	2	nodulation protein, partial
1.44688862517e-05	2	SseB protein
1.44688862517e-05	2	nitrogenase MoFe cofactor biosynthesis protein NifE
1.44688862517e-05	2	NAD-utilizing dehydrogenase
1.44688862517e-05	2	ribonucleotide reductasen
1.44688862517e-05	2	diguanylate cyclase/phosphodiesterase with GAF sensor
1.44688862517e-05	2	glycosidase related protein
1.44688862517e-05	2	addiction module antidote protein, CC2985 family
1.44688862517e-05	2	HAD family phosphatase, partial
1.44688862517e-05	2	MULTISPECIES: divalent ion tolerance protein CutA
1.44688862517e-05	2	Minor outer membrane protein Omp16
1.44688862517e-05	2	FG-GAP repeat domain protein, partial
1.44688862517e-05	2	5-keto-D-gluconate 5-reductase
1.44688862517e-05	2	leucine rich repeat protein
1.44688862517e-05	2	RNA polymerase-binding protein DksA, partial
1.44688862517e-05	2	nonspecific acid phosphatase precursor
1.44688862517e-05	2	putative peptidase
1.44688862517e-05	2	glycosyl hydrolase family 98
1.44688862517e-05	2	UDP-2-acetamido-2,6-dideoxy-beta-L-talose 4-dehydrogenase, partial
1.44688862517e-05	2	Pilus assembly protein, ATPase
1.44688862517e-05	2	gamma carbonic anhydrase family protein, partial
1.44688862517e-05	2	IS1380 family transposase ISApr8
1.44688862517e-05	2	DUF4827 domain-containing protein
1.44688862517e-05	2	fatty acid-binding protein
1.44688862517e-05	2	cell shape-determining protein CcmA
1.44688862517e-05	2	MULTISPECIES: glycine zipper family protein
1.44688862517e-05	2	MULTISPECIES: methylaspartate ammonia-lyase
1.44688862517e-05	2	cp4-like integrase
1.44688862517e-05	2	DUF2518 domain-containing protein
1.44688862517e-05	2	glycosyl hydrolase (modular protein)
1.44688862517e-05	2	phenylacetic acid degradation B
1.44688862517e-05	2	N-(5 -phosphoribosyl)anthranilate isomerase
1.44688862517e-05	2	MULTISPECIES: DUF3761 domain-containing protein
1.44688862517e-05	2	alpha/beta hydrolase fold protein domain-containing protein
1.44688862517e-05	2	protein activator of alkane oxidation PraB
1.44688862517e-05	2	endodeoxyribonuclease 1 (Endodeoxyribonuclease I)(Endonuclease)
1.44688862517e-05	2	phosphogluconate dehydratase, partial
1.44688862517e-05	2	catalase A
1.44688862517e-05	2	protocatechuate 4,5-dioxygenase alpha chain
1.44688862517e-05	2	MULTISPECIES: filamentous hemagglutinin protein
1.44688862517e-05	2	MULTISPECIES: type I-C CRISPR-associated protein Cas7/Csd2
1.44688862517e-05	2	peptidase families S8 and S53 domain protein
1.44688862517e-05	2	glycine cleavage system protein H, partial
1.44688862517e-05	2	MULTISPECIES: photosystem II manganese-stabilizing protein PsbO
1.44688862517e-05	2	MULTISPECIES: DUF4365 domain-containing protein
1.44688862517e-05	2	dCTP deaminase, partial
1.44688862517e-05	2	putative Ig domain-containing protein,putative calcium-binding protein,FG-GAP repeat protein
1.44688862517e-05	2	20S proteasome A and B subunits
1.44688862517e-05	2	MULTISPECIES: macrolide ABC transporter ATP-binding protein/permease
1.44688862517e-05	2	lyase, partial
1.44688862517e-05	2	Outer membrane porin F Root adhesin
1.44688862517e-05	2	bicarbonate transport ATP-binding protein CmpC
1.44688862517e-05	2	RNA helicase dead-box protein
1.44688862517e-05	2	putative sugar O-methyltransferase, partial
1.44688862517e-05	2	chain-fatty-acid-CoA ligase FadD13 (fatty-acyl-CoA synthetase)
1.44688862517e-05	2	molybdopterin dehydrogenase FAD-binding
1.44688862517e-05	2	regulatory protein LuxR
1.44688862517e-05	2	MULTISPECIES: thiamine ABC transporter ATP-binding protein
1.44688862517e-05	2	Resolvase domain
1.44688862517e-05	2	endopeptidase IV, partial
1.44688862517e-05	2	MULTISPECIES: alkaline phosphatase D
1.44688862517e-05	2	phenylacetate-CoA oxygenase subunit PaaJ, partial
1.44688862517e-05	2	type 2 lantipeptide synthetase LanM, partial
1.44688862517e-05	2	Pyocin large subunit
1.44688862517e-05	2	PGAP1 family protein
1.44688862517e-05	2	O-acetylhomoserine aminocarboxypropyltransferase, partial
1.44688862517e-05	2	toxin-antitoxin system toxin subunit
1.44688862517e-05	2	ABC-type transport system, partial
1.44688862517e-05	2	MULTISPECIES: cbb3-type cytochrome c oxidase subunit II
1.44688862517e-05	2	MOMP family protein
1.44688862517e-05	2	acetate permease
1.44688862517e-05	2	MULTISPECIES: sulfurase
1.44688862517e-05	2	MULTISPECIES: heavy metal resistance protein CzcC
1.44688862517e-05	2	radical SAM family RiPP maturation amino acid epimerase
1.44688862517e-05	2	PTS beta-glucoside transporter subunit IIABC
1.44688862517e-05	2	peptidase s49
1.44688862517e-05	2	MULTISPECIES: macrolide ABC transporter permease
1.44688862517e-05	2	MULTISPECIES: putative lipopolysaccharide heptosyltransferase III
1.44688862517e-05	2	cystathione beta-synthase modulated DegT/DnrJ/EryC1/StrS aminotransferase
1.44688862517e-05	2	crossover junction endodeoxyribonuclease RusA
1.44688862517e-05	2	MULTISPECIES: glucosamine 6-phosphate synthetase
1.44688862517e-05	2	metalloproteinase
1.44688862517e-05	2	protein of unknown function DUF112 transmembrane
1.44688862517e-05	2	MCE family protein, partial
1.44688862517e-05	2	SAM-dependent methyltransferase, FkbM family
1.44688862517e-05	2	cardiolipin synthase B, partial
1.44688862517e-05	2	Relaxase/mobilization nuclease family protein
1.44688862517e-05	2	signal protein PDZ, partial
1.44688862517e-05	2	MULTISPECIES: high light inducible protein
1.44688862517e-05	2	protein FdrA
1.44688862517e-05	2	MULTISPECIES: tRNA1(Val) (adenine(37)-N6)-methyltransferase
1.44688862517e-05	2	femAB
1.44688862517e-05	2	N-acetylmuramyl-L-alanine amidase
1.44688862517e-05	2	extradiol ring-cleavage dioxygenase class III enzyme subunit B
1.44688862517e-05	2	chemotaxis protein methyltransferase
1.44688862517e-05	2	Malonyl-CoA decarboxylase
1.44688862517e-05	2	bifunctional cobinamide kinase / cobinamide phosphate guanylyltransferase
1.44688862517e-05	2	potassium channel protein, partial
1.44688862517e-05	2	ABC transporter integral membrane subunit
1.44688862517e-05	2	vcbs repeat-containing protein
1.44688862517e-05	2	cation efflux transporter
1.44688862517e-05	2	UDP-phosphate alpha-N-acetylglucosaminyltransferase
1.44688862517e-05	2	lumazine-binding family protein
1.44688862517e-05	2	dehydrogenase catalytic domain-containing protein
1.44688862517e-05	2	TIGR03667 family PPOX class F420-dependent oxidoreductase
1.44688862517e-05	2	MULTISPECIES: anaerobic ribonucleoside-triphosphate reductase activating protein
1.44688862517e-05	2	sigma-54 dependent transcription regulator
1.44688862517e-05	2	carnitine dehydratase, partial
1.44688862517e-05	2	dimethylamine methyltransferase
1.44688862517e-05	2	glutamate mutase
1.44688862517e-05	2	2-hydroxycyclohexane-1-carbonyl-CoA dehydrogenase
1.44688862517e-05	2	cobalt transporter CbiM
1.44688862517e-05	2	MULTISPECIES: DUF3872 domain-containing protein
1.44688862517e-05	2	MULTISPECIES: IS481 family transposase ISKpn27
1.44688862517e-05	2	type I restriction-modification system specificity subunit
1.44688862517e-05	2	MULTISPECIES: photosystem II protein Psb27
1.44688862517e-05	2	rhodanese-like domain-containing sulfurtransferase
1.44688862517e-05	2	IS1182 family transposase ISSyth1
1.44688862517e-05	2	PhoB family transcriptional regulator
1.44688862517e-05	2	HemN family oxidoreductase
1.44688862517e-05	2	dinitrogenase reductase
1.44688862517e-05	2	putative nitrate ABC transporter, ATP-binding protein
1.44688862517e-05	2	MULTISPECIES: glycosyl hydrolase family 109
1.44688862517e-05	2	MULTISPECIES: acetoin reductase
1.44688862517e-05	2	precorrin-6Y C5,15-methyltransferase (decarboxylating) subunit CbiT, partial
1.44688862517e-05	2	MULTISPECIES: membrane protein, partial
1.44688862517e-05	2	3-methyladenine DNA glycosylase, partial
1.44688862517e-05	2	MULTISPECIES: conjugative transposon protein TraN
1.44688862517e-05	2	MULTISPECIES: DUF3365 domain-containing protein
1.44688862517e-05	2	MULTISPECIES: nitric oxide reductase activation protein NorD
1.44688862517e-05	2	MULTISPECIES: TspO protein
1.44688862517e-05	2	VanZ-like family protein
1.44688862517e-05	2	type III glutamate--ammonia ligase, partial
1.44688862517e-05	2	deoxyribonuclease YjjV
1.44688862517e-05	2	MULTISPECIES: glutathione transferase
1.44688862517e-05	2	DUF932 domain-containing protein, partial
1.44688862517e-05	2	MULTISPECIES: DUF2934 domain-containing protein
1.44688862517e-05	2	ATPase, P-type (transporting), HAD superfamily,subfamily IC
1.44688862517e-05	2	DUF4935 domain-containing protein
1.44688862517e-05	2	putative phytanoyl-CoA dioxygenase
1.44688862517e-05	2	topoisomerase DNA-binding C4 zinc finger domain protein
1.44688862517e-05	2	rhamnogalacturonase B
1.44688862517e-05	2	protein containing DUF1680
1.44688862517e-05	2	gamma-glutamyltransferase family protein, partial
1.44688862517e-05	2	MULTISPECIES: SPO1 DNA polymerase
1.44688862517e-05	2	acetyl-CoA carboxylase carboxyltransferase subunit alpha/beta
1.44688862517e-05	2	modification methylase AccI
1.44688862517e-05	2	protein HexA
1.44688862517e-05	2	20S proteasome subunits A/B, partial
1.44688862517e-05	2	type I restriction modification enzyme protein S
1.44688862517e-05	2	phosphotransfer domain-containing protein
1.44688862517e-05	2	ionic transporter y4hA, partial
1.44688862517e-05	2	MULTISPECIES: tryptophan repressor-binding protein
1.44688862517e-05	2	MULTISPECIES: carboxypeptidase Taq
1.44688862517e-05	2	membrane fusion protein, efflux
1.44688862517e-05	2	MULTISPECIES: succinyl-CoA synthetase subunit alpha
1.44688862517e-05	2	nodulation efficiency protein NfeD
1.44688862517e-05	2	NADH ubiquinone oxidoreductase subunit 5 protein
1.44688862517e-05	2	DNA repair protein Rad50
1.44688862517e-05	2	Holliday junction resolvase RecU
1.44688862517e-05	2	putative exported uslfatase
1.44688862517e-05	2	flagelline
1.44688862517e-05	2	MULTISPECIES: anthranilate 1,2-dioxygenase small subunit
1.44688862517e-05	2	DUF4203 domain-containing protein
1.44688862517e-05	2	pilus assembly protein PilB, partial
1.44688862517e-05	2	methionine-binding protein
1.44688862517e-05	2	ferric anguibactin-binding protein
1.44688862517e-05	2	DUF916 domain-containing protein
1.44688862517e-05	2	pathogenesis-like transcriptional factor and ERF protein
1.44688862517e-05	2	decarboxylase, group II
1.44688862517e-05	2	glucan biosynthesis protein H
1.44688862517e-05	2	cytochrome oxidase maturation protein Cbb3
1.44688862517e-05	2	PTS sucrose transporter subunit IIBC
1.44688862517e-05	2	PTS-dependent dihydroxyacetone kinase operon transcriptional regulator DhaR
1.44688862517e-05	2	putative Glucose inhibited division protein
1.44688862517e-05	2	MULTISPECIES: chloramphenicol 3-O phosphotransferase
1.44688862517e-05	2	ribonuclease J, partial
1.44688862517e-05	2	MULTISPECIES: IS66 family transposase ISAba17
1.44688862517e-05	2	EscC/YscC/HrcC family type III secretion system outer membrane ring protein, partial
1.44688862517e-05	2	Hexameric tyrosine-coordinated heme protein (HTHP)
1.44688862517e-05	2	Polypeptide-transport-associated domain protein FtsQ-type
1.44688862517e-05	2	peptidase C39, bacteriocin processing
1.44688862517e-05	2	restriction endonuclease EcoRII
1.44688862517e-05	2	phosphate transport system regulator PhoU
1.44688862517e-05	2	iron-siderophore ABC transporter substrate-binding protein
1.44688862517e-05	2	DUF2431 domain-containing protein
1.44688862517e-05	2	MULTISPECIES: benzoyl-CoA reductase subunit A
1.44688862517e-05	2	maltodextrin ABC transporter permease
1.44688862517e-05	2	MULTISPECIES: mannanase
1.44688862517e-05	2	protein DsrC
1.44688862517e-05	2	bacteriocin ABC transporter ATP-binding/permease
1.44688862517e-05	2	zeta toxin family protein
1.44688862517e-05	2	lipooligosaccharide transport system permease protein
1.44688862517e-05	2	precorrin-6Y C5,15-methyltransferase
1.44688862517e-05	2	YtoQ family protein
1.44688862517e-05	2	IS481 family transposase ISGur11
1.44688862517e-05	2	aquaporin family protein, partial
1.44688862517e-05	2	methionine biosynthesis protein MetW, partial
1.44688862517e-05	2	MULTISPECIES: cytochrome c oxidase subunit III
1.44688862517e-05	2	MULTISPECIES: molecular chaperone EcpD
1.44688862517e-05	2	DUF1550 domain-containing protein
1.44688862517e-05	2	capsule synthesis protein
1.44688862517e-05	2	anti-sigma factor, ChrR
1.44688862517e-05	2	NRPS NcpA
1.44688862517e-05	2	divergent AAA domain-containing protein
1.44688862517e-05	2	PepSY domain-containing protein, partial
1.44688862517e-05	2	Na/Pi cotransporter II-related
1.44688862517e-05	2	GGDEF domain-containing response regulator, partial
1.44688862517e-05	2	MULTISPECIES: 2-oxoglutarate oxidoreductase
1.44688862517e-05	2	GUN4 domain-containing protein, partial
1.44688862517e-05	2	thymidylate synthase complementing protein ThyX
1.44688862517e-05	2	Glycoside hydrolase family 29 (Alpha-L-fucosidase) (modular protein)
1.44688862517e-05	2	MULTISPECIES: cell envelope protein
1.44688862517e-05	2	Adenylate and Guanylate cyclase catalytic domain protein
1.44688862517e-05	2	putative formate dehydrogenase iron-sulfur protein
1.44688862517e-05	2	MULTISPECIES: nitrogen assimilation transcriptional regulator
1.44688862517e-05	2	xanthine dehydrogenase, partial
1.44688862517e-05	2	2-oxo acid dehydrogenase acyltransferase
1.44688862517e-05	2	exonuclease SbcC, hypothetical
1.44688862517e-05	2	MULTISPECIES: membrane-binding protein
1.44688862517e-05	2	Na+/H+ antiporter MnhB subunit-like protein
1.44688862517e-05	2	MULTISPECIES: IS3 family transposase ISAcsp3
1.44688862517e-05	2	putrescine transporter
1.44688862517e-05	2	type I site-specific deoxyribonuclease S subunit
1.44688862517e-05	2	MULTISPECIES: cadherin
1.44688862517e-05	2	outer membrane cobalamin receptor protein, partial
1.44688862517e-05	2	MULTISPECIES: Fe3+-hydroxamate ABC transporter permease FhuB
1.44688862517e-05	2	MULTISPECIES: DUF4166 domain-containing protein
1.44688862517e-05	2	IS3 family transposase ISGau3
1.44688862517e-05	2	DUF3060 domain-containing protein
1.44688862517e-05	2	thiazole synthase, partial
1.44688862517e-05	2	RNA polymerase sigma 32 subunit RpoH
1.44688862517e-05	2	L-rhamnose-proton symport protein (RhaT)
1.44688862517e-05	2	PTS cellbiose transporter subunit IIB
1.44688862517e-05	2	DNA polymerase A family protein, partial
1.44688862517e-05	2	FlhB/HrpN/YscU/SpaS family
1.44688862517e-05	2	glutamine-binding protein
1.44688862517e-05	2	MULTISPECIES: alkaline invertase
1.44688862517e-05	2	SCP domain-containing protein
1.44688862517e-05	2	triosephosphate isomerase, partial
1.44688862517e-05	2	MULTISPECIES: DUF4426 domain-containing protein
1.44688862517e-05	2	MULTISPECIES: DUF4942 domain-containing protein
1.44688862517e-05	2	DUF4221 domain-containing protein
1.44688862517e-05	2	mannitol dehydrogenase, partial
1.44688862517e-05	2	glutathione reductase
1.44688862517e-05	2	MULTISPECIES: group 2 family glycosyltransferase
1.44688862517e-05	2	serine kinase/phosphatase
1.44688862517e-05	2	citrate transporter, partial
1.44688862517e-05	2	MULTISPECIES: cytochrome c oxidase subunit 1
1.44688862517e-05	2	putative gluconolactonase
1.44688862517e-05	2	MULTISPECIES: tryptophan tryptophylquinone biosynthesis enzyme MauG
1.44688862517e-05	2	Piwi domain protein
1.44688862517e-05	2	MULTISPECIES: octaprenyl-diphosphate synthase
1.44688862517e-05	2	MULTISPECIES: glutamine ABC transporter permease GlnP
1.44688862517e-05	2	pH-regulated membrane protein
1.44688862517e-05	2	Nucleoside-diphosphate-sugar pyrophosphorylase family protein
1.44688862517e-05	2	MULTISPECIES: biotin-independent malonate decarboxylase subunit gamma
1.44688862517e-05	2	DNA-damage-inducible protein d
1.44688862517e-05	2	MULTISPECIES: cytochrome C biogenesis protein CcmB
1.44688862517e-05	2	MULTISPECIES: cytochrome C biogenesis protein CcmF
1.44688862517e-05	2	V-type ATP synthase alpha chain
1.44688862517e-05	2	rhamnogalacturonase B precursor
1.44688862517e-05	2	capsule biosynthesis protein CapF
1.44688862517e-05	2	MULTISPECIES: competence damage-inducible protein A
1.44688862517e-05	2	MULTISPECIES: voltage-gated chloride channel
1.44688862517e-05	2	DUF4153 domain-containing protein, partial
1.44688862517e-05	2	MULTISPECIES: thiol:disulfide interchange protein DsbG
1.44688862517e-05	2	RNA polymerase sigma factor RpoD family protein
1.44688862517e-05	2	IS5 family transposase ISGlo4
1.44688862517e-05	2	arabinose-5-phosphate isomerase
1.44688862517e-05	2	bifunctional phosphoribosylaminoimidazolecarboxamide formyltransferase/IMP cyclohydrolase PurH
1.44688862517e-05	2	MULTISPECIES: exonuclease RecB
1.44688862517e-05	2	MULTISPECIES: threonine transporter
1.44688862517e-05	2	patatin-related protein
1.44688862517e-05	2	DUF3159 domain-containing protein, partial
1.44688862517e-05	2	heme exporter protein CcmB, partial
1.44688862517e-05	2	cox2 cytochrome oxidase subunit 2
1.44688862517e-05	2	MULTISPECIES: DUF4190 domain-containing protein
1.44688862517e-05	2	three-deoxy-d-manno-octulosonic-acid transferase domain-containing protein
1.44688862517e-05	2	thiamine pyrophosphate enzyme, central region
1.44688862517e-05	2	diflavin flavoprotein
1.44688862517e-05	2	PTS maltose transporter subunit IICB
1.44688862517e-05	2	type IV secretory protein VirD4
1.44688862517e-05	2	NDP-sugar oxidoreductase
1.44688862517e-05	2	type III effector HopL1
1.44688862517e-05	2	protein translocase subunit SecA 2
1.44688862517e-05	2	MULTISPECIES: glycosyltransferase family 17
1.44688862517e-05	2	IS3 family transposase ISSod2
1.44688862517e-05	2	MULTISPECIES: NAD(P)H-quinone oxidoreductase subunit 4L
1.44688862517e-05	2	protocatechuate 3,4-dioxygenase subunit beta, partial
1.44688862517e-05	2	DUF4147 domain-containing protein, partial
1.44688862517e-05	2	MULTISPECIES: DUF2317 domain-containing protein
1.44688862517e-05	2	acyl--CoA ligase, partial
1.44688862517e-05	2	phage head morphogenesis, SPP1 gp7 family domain protein
1.44688862517e-05	2	MULTISPECIES: 2-oxoisovalerate dehydrogenase
1.44688862517e-05	2	solute carrier family 5, member 3
1.44688862517e-05	2	D-Ala D-Ala ligase
1.44688862517e-05	2	DNA uptake protein and related DNA-binding protein
1.44688862517e-05	2	apolipoprotein acyltransferase, partial
1.44688862517e-05	2	IS1595 family transposase ISGur2
1.44688862517e-05	2	periplasmic/7TM domain sensor diguanylate cyclase
1.44688862517e-05	2	DNA replication protein, partial
1.44688862517e-05	2	exopolysaccharide synthesis, ExoD
1.44688862517e-05	2	conjugal transfer protein TrbL, partial
1.44688862517e-05	2	site-specific DNA methyltransferase
1.44688862517e-05	2	MULTISPECIES: succinate dehydrogenase cytochrome b556 small membrane subunit
1.44688862517e-05	2	Tfp pilus assembly protein pilE
1.44688862517e-05	2	alpha-1,6-glucosidase
1.44688862517e-05	2	2-aminoethylphosphonate ABC transporter substrate-binding protein
1.44688862517e-05	2	MULTISPECIES: beta tubulin
1.44688862517e-05	2	accessory colonization factor
1.44688862517e-05	2	globin-coupled methyl-accepting chemotaxis protein
1.44688862517e-05	2	HD-GYP domain-containing protein, partial
1.44688862517e-05	2	putative ATP-dependent helicase
1.44688862517e-05	2	MULTISPECIES: NADP(H)-dependent aldo-keto reductase
1.44688862517e-05	2	surface protein-like
1.44688862517e-05	2	beta-glucanase BglA
1.44688862517e-05	2	cytochrome C oxidase, mono-heme subunit/FixO
1.44688862517e-05	2	teichoic acid biosynthesis protein B
1.44688862517e-05	2	DUF2957 domain-containing protein
1.44688862517e-05	2	DNA-(apurinic or apyrimidinic site) lyase
1.44688862517e-05	2	lipopolysaccharide synthesis sugar transferase
1.44688862517e-05	2	Glyoxalase/bleomycin resistance
1.44688862517e-05	2	TrwC relaxase
1.44688862517e-05	2	fimbrial biogenesis outer membrane usher protein, partial
1.44688862517e-05	2	DNA/RNA helicase superfamily II SNF2 family protein
1.44688862517e-05	2	MS150
1.44688862517e-05	2	rRNA guanine-N1-methyltransferase
1.44688862517e-05	2	UvrD/REP helicase subfamily
1.44688862517e-05	2	MULTISPECIES: DUF3334 domain-containing protein
1.44688862517e-05	2	phenylalanyl-tRNA synthetase subunit beta
1.44688862517e-05	2	periplasmic copper-binding protein
1.44688862517e-05	2	DUF2695 domain-containing protein
1.44688862517e-05	2	lipoprotein releasing system, ATP-binding protein
1.44688862517e-05	2	putative intracellular protease/amidase
1.44688862517e-05	2	IS5 family transposase ISPme2
1.44688862517e-05	2	anaerobic sulfite reductase subunit B
1.44688862517e-05	2	anaerobic sulfite reductase subunit A
1.44688862517e-05	2	molecular chaperone OsmY
1.44688862517e-05	2	NADH/ubiquinone/plastoquinone (complex I)
1.44688862517e-05	2	Contact-dependent inhibition of growth factor CdiA
1.44688862517e-05	2	MULTISPECIES: nicotinamide nucleotide transhydrogenase subunit alpha
1.44688862517e-05	2	tRNA synthetase
1.44688862517e-05	2	MULTISPECIES: sorbose dehydrogenase
1.44688862517e-05	2	5-carboxymethyl-2-hydroxymuconate isomerase, partial
1.44688862517e-05	2	septal ring lytic transglycosylase RlpA
1.44688862517e-05	2	MULTISPECIES: 2-succinylbenzoate-CoA ligase
1.44688862517e-05	2	peptide-transporting ATPase
1.44688862517e-05	2	MULTISPECIES: type VI secretion system lysozyme
1.44688862517e-05	2	vanillate O-demethylase oxygenase subunit A
1.44688862517e-05	2	MULTISPECIES: restriction modification system DNA specificity subunit
1.44688862517e-05	2	MULTISPECIES: sodium:calcium antiporter
1.44688862517e-05	2	23S rRNA synthase
1.44688862517e-05	2	Murein hydrolase activator NlpD precursor
1.44688862517e-05	2	MULTISPECIES: pyridoxal-dependent decarboxylase, exosortase A system-associated
1.44688862517e-05	2	DUF1791 domain-containing protein
1.44688862517e-05	2	MULTISPECIES: DUF2884 domain-containing protein
1.44688862517e-05	2	inorganic pyrophosphatase, partial
1.44688862517e-05	2	GHMP kinase, N-terminal domain protein
1.44688862517e-05	2	MULTISPECIES: pyocin R2, holin
1.44688862517e-05	2	MULTISPECIES: plasmid recombination protein
1.44688862517e-05	2	MULTISPECIES: TIGR02449 family protein
1.44688862517e-05	2	internalin-like protein
1.44688862517e-05	2	alpha-glucosidase 2
1.44688862517e-05	2	MULTISPECIES: ring-hydroxylating dioxygenase subunit beta
1.44688862517e-05	2	Zn-dependent alcohol dehydrogenase class III
1.44688862517e-05	2	MULTISPECIES: urease-associated protein
1.44688862517e-05	2	MULTISPECIES: N-methylhydantoinase B
1.44688862517e-05	2	flagellar hook-associated protein FlgK, partial
1.44688862517e-05	2	P-loop ATPase-like protein
1.44688862517e-05	2	SNF2/Rad54 helicase-like protein
1.44688862517e-05	2	MULTISPECIES: chromate transporter chromate ion transporter family
1.44688862517e-05	2	multifunctional tRNA nucleotidyl transferase/2'3'-cyclic phosphodiesterase/2'nucleotidase/phosphatase
1.44688862517e-05	2	metallo-dependent phosphatase
1.44688862517e-05	2	autoinducer 2 ABC transporter ATP-binding protein LsrA
1.44688862517e-05	2	Flocculation protein FLO11
1.44688862517e-05	2	DUF239 domain-containing protein
1.44688862517e-05	2	putative FAD-binding monooxygenase
1.44688862517e-05	2	MULTISPECIES: DUF1837 domain-containing protein
1.44688862517e-05	2	Zn-dependent 6-hydroxyhexanoate dehydrogenase
1.44688862517e-05	2	type IV secretory pathway protein VirD4
1.44688862517e-05	2	H-NS histone family protein
1.44688862517e-05	2	sulfate ABC transporter ATPase
1.44688862517e-05	2	cytosine-N4-specific DNA methylase
1.44688862517e-05	2	DNA helicase RecD
1.44688862517e-05	2	sodium:cation symporter
1.44688862517e-05	2	MULTISPECIES: DUF901 domain-containing protein
1.44688862517e-05	2	cell division protein, partial
1.44688862517e-05	2	ferredoxin thioredoxin reductase subunit beta
1.44688862517e-05	2	3-isopropylmalate dehydratase small subunit LeuD
1.44688862517e-05	2	trimethylamine-N-oxide reductase TorA
1.44688862517e-05	2	gas vesicle synthesis GvpL/GvpF family protein
1.44688862517e-05	2	rRNA (cytidine-2'-O-)-methyltransferase
1.44688862517e-05	2	MT-A70 protein
1.44688862517e-05	2	MULTISPECIES: poly(R)-hydroxyalkanoic acid synthase
1.44688862517e-05	2	glycerophosphodiester phosphodiesterase family protein
1.44688862517e-05	2	aromatic ring-opening dioxygenase subunit LigA
1.44688862517e-05	2	RNA polymerase subunit sigma-54, partial
1.44688862517e-05	2	peptidase, M23B family
1.44688862517e-05	2	RNA ligase, T4 RnlA family
1.44688862517e-05	2	putative F420-0 ABC transporter substrate-binding protein
1.44688862517e-05	2	nitrogen fixation protein rnfB
1.44688862517e-05	2	sigma factor algU regulatory protein MucB
1.44688862517e-05	2	MULTISPECIES: sigma factor AlgU regulatory protein MucB
1.44688862517e-05	2	tyrosine recombinase XerC, partial
1.44688862517e-05	2	D-alanyl-D-alanine carboxypeptidase domain-containing protein
1.44688862517e-05	2	DUF3572 domain-containing protein, partial
1.44688862517e-05	2	methylase/helicase
1.44688862517e-05	2	MULTISPECIES: transcriptional repressor PurR
1.44688862517e-05	2	MULTISPECIES: porin OmpA
1.44688862517e-05	2	MULTISPECIES: histone H1
1.44688862517e-05	2	phage DNA packaging protein Gp2
1.44688862517e-05	2	succinyl-CoA--3-ketoacid-coenzyme A transferase subunit B
1.44688862517e-05	2	MULTISPECIES: GDP-mannose pyrophosphatase NudK
1.44688862517e-05	2	MULTISPECIES: endonuclease NucS
1.44688862517e-05	2	MULTISPECIES: dTDP-glucose pyrophosphorylase
1.44688862517e-05	2	acetyltransferase GCN5
1.44688862517e-05	2	MULTISPECIES: peptidase A8, signal peptidase II
1.44688862517e-05	2	MULTISPECIES: beta-galactosidase subunit alpha
1.44688862517e-05	2	NolG efflux transporter, partial
1.44688862517e-05	2	KaiB domain-containing protein
1.44688862517e-05	2	IPT/TIG domain, FG-GAP repeat-containing protein
1.44688862517e-05	2	putative sensor protein
1.44688862517e-05	2	TRAP transporter small permease, partial
1.44688862517e-05	2	protelomerase
1.44688862517e-05	2	MULTISPECIES: semialdehyde dehydrogenase
1.44688862517e-05	2	N-acetyl-alpha-D-glucosaminyl L-malate synthase BshA, partial
1.44688862517e-05	2	adenylate class-3/4/guanylyl cyclase
1.44688862517e-05	2	phenylalanine transporter
1.44688862517e-05	2	MULTISPECIES: conjugal transfer protein TraD
1.44688862517e-05	2	c4-dicarboxylate-binding periplasmic protein
1.44688862517e-05	2	MULTISPECIES: conjugal transfer protein TraL
1.44688862517e-05	2	MULTISPECIES: oxygenase
1.44688862517e-05	2	MULTISPECIES: hydrogenase expression/formation protein hypD2
1.44688862517e-05	2	MULTISPECIES: ethyl tert-butyl ether degradation protein EthD
1.44688862517e-05	2	aqualysin I
1.44688862517e-05	2	MULTISPECIES: outer-membrane lipoprotein carrier protein LolA
1.44688862517e-05	2	MULTISPECIES: DUF763 domain-containing protein
1.44688862517e-05	2	MULTISPECIES: NAD(P)H-nitrite reductase
1.44688862517e-05	2	methoxyneurosporene dehydrogenase
1.44688862517e-05	2	virulence-associated protein VapE1
1.44688862517e-05	2	virulence-associated protein VapE2
1.44688862517e-05	2	enterochelin esterase-like enzyme
1.44688862517e-05	2	putative AP superfamily protein
1.44688862517e-05	2	MULTISPECIES: Maebl
1.44688862517e-05	2	carotenoid cleavage dioxygenase (ccd)
1.44688862517e-05	2	elongation factor P--(R)-beta-lysine ligase
1.44688862517e-05	2	tungsten cofactor oxidoreductase radical SAM maturase
1.44688862517e-05	2	1,4-dihydroxy-2-naphthoate phytyltransferase
1.44688862517e-05	2	peptide chain release factor I
1.44688862517e-05	2	restriction-modification system methyltransferase
1.44688862517e-05	2	MULTISPECIES: 30S ribosomal protein S9, partial
1.44688862517e-05	2	SRA-YDG domain-containing protein
1.44688862517e-05	2	molybdenum cofactor biosynthesis protein, partial
1.44688862517e-05	2	addiction module component CHP02574 family protein
1.44688862517e-05	2	DUF3096 domain-containing protein
1.44688862517e-05	2	recombination regulator RecX, partial
1.44688862517e-05	2	ubiquinol-cytochrome c reductase iron-sulfur subunit, partial
1.44688862517e-05	2	conjugal transfer relaxase/helicase TraA
1.44688862517e-05	2	MULTISPECIES: SOS response UmuD protein
1.44688862517e-05	2	cerebroside-sulfatase
1.44688862517e-05	2	copper resistance protein CopD, partial
1.44688862517e-05	2	MULTISPECIES: DUF2459 domain-containing protein
1.44688862517e-05	2	D-galactarate dehydratase/Altronate hydrolase
1.44688862517e-05	2	crocetin dialdehyde
1.44688862517e-05	2	ABC transporter ATPase/permease
1.44688862517e-05	2	NADH-quinone oxidoreductase, subunit H
1.44688862517e-05	2	Ni,Fe-hydrogenase I large subunit
1.44688862517e-05	2	MULTISPECIES: IS110 family transposase ISAisp4
1.44688862517e-05	2	MULTISPECIES: ATP synthase subunit K
1.44688862517e-05	2	ureidoglycolate dehydrogenase
1.44688862517e-05	2	cytochrome d ubiquinol oxidase subunit 1
1.44688862517e-05	2	MULTISPECIES: lipid kinase YegS
1.44688862517e-05	2	MULTISPECIES: sulfide dehydrogenase
1.44688862517e-05	2	bifunctional folylpolyglutamate synthase/ dihydrofolate synthase
1.44688862517e-05	2	CrcB protein
1.44688862517e-05	2	MULTISPECIES: chaperone modulatory protein CbpM
1.44688862517e-05	2	sufurtransferase FdhD
1.44688862517e-05	2	AmmeMemoRadiSam system radical SAM enzyme, partial
1.44688862517e-05	2	lateral flagellar hook-associated protein 2
1.44688862517e-05	2	peptidase M38
1.44688862517e-05	2	flagellar assembly protein H, partial
1.44688862517e-05	2	chromosome segregation and condensation protein ScpB
1.44688862517e-05	2	PHB depolymerase
1.44688862517e-05	2	Matrixin family
1.44688862517e-05	2	polysaccharide deacetylase family sporulation protein PdaB
1.44688862517e-05	2	non-heme manganese-containing catalase
1.44688862517e-05	2	light-induced proton extrusion protein
1.44688862517e-05	2	MULTISPECIES: envelope biogenesis factor ElyC
1.44688862517e-05	2	Toxic anion resistance protein (TelA)
1.44688862517e-05	2	MULTISPECIES: phosphoglycerol transferase I
1.44688862517e-05	2	D-allulose-6-phosphate 3-epimerase
1.44688862517e-05	2	aminopeptidase P
1.44688862517e-05	2	rare lipoprotein B family protein
1.44688862517e-05	2	aminopeptidase Y
1.44688862517e-05	2	choline trimethylamine-lyase
1.44688862517e-05	2	50S ribosomal protein L11 methylase
1.44688862517e-05	2	9-O-acetyl-N-acetylneuraminate esterase, partial
1.44688862517e-05	2	subtilisin Carlsberg
1.44688862517e-05	2	MULTISPECIES: TIGR00282 family metallophosphoesterase
1.44688862517e-05	2	MULTISPECIES: flagellin-like protein
1.44688862517e-05	2	cytochrome c-type protein
1.44688862517e-05	2	putative L-2-hydroxyglutarate oxidase
1.44688862517e-05	2	type II/IV secretion system-related protein
1.44688862517e-05	2	MULTISPECIES: alpha-L-glutamate ligase
1.44688862517e-05	2	MULTISPECIES: phage/plasmid primase, P4 family
1.44688862517e-05	2	labile enterotoxin output A
1.44688862517e-05	2	MULTISPECIES: cyclomaltodextrinase
1.44688862517e-05	2	MULTISPECIES: phage-like element PBSX protein xkdO
1.44688862517e-05	2	Bicarbonate transport ATP-binding protein CmpD
1.44688862517e-05	2	protein kinase domain protein
1.44688862517e-05	2	Scramblase
1.44688862517e-05	2	3-alpha-hydroxysteroid dehydrogenase, partial
1.44688862517e-05	2	phage/plasmid primase, P4 family domain
1.44688862517e-05	2	ethanolamine utilization protein EutH
1.44688862517e-05	2	DsbA family oxidoreductase, partial
1.44688862517e-05	2	MULTISPECIES: sodium:galactoside symporter
1.44688862517e-05	2	sulfur transfer protein involved in thiamine biosynthesis
1.44688862517e-05	2	nuclease (SNase-like)
1.44688862517e-05	2	MULTISPECIES: cysteine desulfurase DndA
1.44688862517e-05	2	survival protein SurA precursor
1.44688862517e-05	2	oligopeptide transporter OPT family protein
1.44688862517e-05	2	MULTISPECIES: osmoprotectant uptake system permease
1.44688862517e-05	2	electron transfer flavoprotein alpha/beta- subunit
1.44688862517e-05	2	E family RNA polymerase sigma-70 factor
1.44688862517e-05	2	MULTISPECIES: DNA repair ATPase
1.44688862517e-05	2	dehydratase MaoC
1.44688862517e-05	2	MULTISPECIES: type I-U CRISPR-associated helicase/endonuclease Cas3
1.44688862517e-05	2	transcriptional regulator CysB-like protein
1.44688862517e-05	2	MULTISPECIES: cinA-like protein
1.44688862517e-05	2	TIGR02206 family membrane protein, partial
1.44688862517e-05	2	SMP-30/gluconolaconase/LRE-like region family protein
1.44688862517e-05	2	gliding motility protein U
1.44688862517e-05	2	long-chain fatty acid outer membrane transporter
1.44688862517e-05	2	Indolepyruvate ferredoxin oxidoreductase, alpha and beta subunit
1.44688862517e-05	2	periplasmic nitrate reductase electron transfer subunit
1.44688862517e-05	2	salicylate hydroxylase oxidoreductase (nahG)
1.44688862517e-05	2	ankyrin and tpr repeat domain protein
1.44688862517e-05	2	Mg chelatase-like protein, partial
1.44688862517e-05	2	chorismate-binding domain-containing protein
1.44688862517e-05	2	group glycosyltransferase
1.44688862517e-05	2	lactaldehyde dehydrogenase
1.44688862517e-05	2	phosphoribosyl-AMP cyclohydrolase, partial
1.44688862517e-05	2	WD40 repeat-containing serine/threonine protein kinase
1.44688862517e-05	2	MULTISPECIES: prohibitin family protein
1.44688862517e-05	2	MULTISPECIES: putative ABC-type transport system, ATPase component
1.44688862517e-05	2	sensor protein qseC, partial
1.44688862517e-05	2	IS701 family transposase ISNpu6
1.44688862517e-05	2	5-Enolpyruvylshikimate-3-phosphate synthase
1.44688862517e-05	2	putative short-chain dehydrogenase/reductase
1.44688862517e-05	2	MULTISPECIES: acyl-CoA dehydrogenase middle domain protein
1.44688862517e-05	2	UDP-hexose dehydrogenase
1.44688862517e-05	2	organic hydroperoxide resistance protein, OsmC superfamily
1.44688862517e-05	2	MULTISPECIES: kinase inhibitor
1.44688862517e-05	2	tetracycline resistance ribosomal protection protein Tet(T)
1.44688862517e-05	2	JmjC domain-containing protein
1.44688862517e-05	2	Fis family NifA subfamily transcriptional regulator
1.44688862517e-05	2	DUF402 domain-containing protein
1.44688862517e-05	2	extensin-like protein
1.44688862517e-05	2	MULTISPECIES: molecular chaperone HscC
1.44688862517e-05	2	transcriptional regulator HdfR
1.44688862517e-05	2	MULTISPECIES: pyrimidine-specific ribonucleoside hydrolase RihA
1.44688862517e-05	2	putative biopolymer transport protein
1.44688862517e-05	2	L-2,4-diaminobutyrate decarboxylase
1.44688862517e-05	2	MULTISPECIES: DUF3808 domain-containing protein
1.44688862517e-05	2	ABC-type transporter
1.44688862517e-05	2	membrane-associated protein
1.44688862517e-05	2	pseudouridine synthase family protein
1.44688862517e-05	2	MULTISPECIES: heavy metal resistance protein
1.44688862517e-05	2	Delta-9 acyl-phospholipid desaturase
1.44688862517e-05	2	RES protein
1.44688862517e-05	2	MULTISPECIES: ATP synthase F1 subunit gamma, partial
1.44688862517e-05	2	DUF3987 domain-containing protein, partial
1.44688862517e-05	2	Thiamin biosynthesis lipoprotein ApbE
1.44688862517e-05	2	particulate methane monooxygenase subunit beta
1.44688862517e-05	2	nuclear export factor GLE1
1.44688862517e-05	2	putative amidohydrolase
1.44688862517e-05	2	glucuronosyltransferase
1.44688862517e-05	2	MULTISPECIES: condensin subunit E
1.44688862517e-05	2	glutamine amidotransferase, partial
1.44688862517e-05	2	MULTISPECIES: ferric siderophore receptor protein
1.44688862517e-05	2	photosystem I chlorophyll a apoprotein A2, partial
1.44688862517e-05	2	LPS core oligosaccharide biosynthesis protein polysaccharide deacetylase
1.44688862517e-05	2	MULTISPECIES: IS21 family transposase ISThsp19
1.44688862517e-05	2	filamentous hemagglutinin family protein, partial
1.44688862517e-05	2	IS4 family transposase ISAsp10
1.44688862517e-05	2	Msr family ABC-F type ribosomal protection protein
1.44688862517e-05	2	Molybdopterin oxidoreductase subunit
1.44688862517e-05	2	linear gramicidin non-ribosomal peptide synthetase LgrB
1.44688862517e-05	2	L-asparaginase, partial
1.44688862517e-05	2	DUF1896 domain-containing protein
1.44688862517e-05	2	MaoC domain protein dehydratase
1.44688862517e-05	2	transcription antitermination protein NusG
1.44688862517e-05	2	Mg-dependent DNase
1.44688862517e-05	2	triphosphoribosyl-dephospho-CoA synthase MdcB, partial
1.44688862517e-05	2	oxidoreductase fad/nad(p)-binding domain-containing protein
1.44688862517e-05	2	DUF2992 domain-containing protein
1.44688862517e-05	2	f5/8 type C domain protein
1.44688862517e-05	2	allophycocyanin beta-18 subunit apoprotein
1.44688862517e-05	2	zinc metalloprotease, partial
1.44688862517e-05	2	DUF4192 domain-containing protein, partial
1.44688862517e-05	2	MULTISPECIES: type I magnesium transporting ATPase
1.44688862517e-05	2	Bacterial flagellin N-terminus domain protein
1.44688862517e-05	2	endoglycoceramidase
1.44688862517e-05	2	IPT/TIG domain/outer membrane autotransporter barrel domain-containing protein, partial
1.44688862517e-05	2	acetylcholinesterase
1.44688862517e-05	2	NolN protein
1.44688862517e-05	2	DUF2399 domain-containing protein
1.44688862517e-05	2	MULTISPECIES: peptidylprolyl isomerase, partial
1.44688862517e-05	2	MULTISPECIES: ribbon-helix-helix domain-containing protein
1.44688862517e-05	2	DUF739 domain-containing protein
1.44688862517e-05	2	DUF2025 domain-containing protein
1.44688862517e-05	2	xanthine dehydrogenase large subunit
1.44688862517e-05	2	MULTISPECIES: lipopolysaccharide kinase
1.44688862517e-05	2	MULTISPECIES: InaA protein
1.44688862517e-05	2	nitrogen assimilation regulatory protein
1.44688862517e-05	2	cobinamide kinase
1.44688862517e-05	2	MULTISPECIES: phosoglucose isomerase
1.44688862517e-05	2	p-cresol methylhydroxylase
1.44688862517e-05	2	LuxA
1.44688862517e-05	2	metal ABC transporter substrate-binding protein, partial
1.44688862517e-05	2	RTX toxins/related Ca2+-binding protein
1.44688862517e-05	2	propanediol dehydratase medium subunit
1.44688862517e-05	2	iron transporter substrate-binding protein
1.44688862517e-05	2	alpha-subunit of fatty acid oxidation complex
1.44688862517e-05	2	type III effector Hrp-dependent outer
1.44688862517e-05	2	MULTISPECIES: erythromycin esterase
1.44688862517e-05	2	bifunctional PTS system maltose and glucose-specific transporter subunits IICB
1.44688862517e-05	2	pseudaminic acid synthase, partial
1.44688862517e-05	2	IS1182 family transposase ISTvi2
1.44688862517e-05	2	MULTISPECIES: DUF3277 domain-containing protein
1.44688862517e-05	2	MULTISPECIES: cysteine sulfinate desulfinase
1.44688862517e-05	2	ribose import ATP-binding protein RbsA 2
1.44688862517e-05	2	UDP-4-dehydro-6-deoxy-2-acetamido-D-glucose 4-reductase
1.44688862517e-05	2	MULTISPECIES: anthranilate/aminodeoxychorismate synthase component II
1.44688862517e-05	2	MULTISPECIES: flagellar hook protein FlgL
1.44688862517e-05	2	opine dehydrogenase
1.44688862517e-05	2	chloroperoxidase
1.44688862517e-05	2	Lysophospholipase L1 and related esterase
1.44688862517e-05	2	sodium ABC transporter ATPase
1.44688862517e-05	2	molybdate metabolism regulator
1.44688862517e-05	2	peptidase M23 family protein
1.44688862517e-05	2	nitrogen fixation protein FixW
1.44688862517e-05	2	catecholate siderophore receptor CirA
1.44688862517e-05	2	MULTISPECIES: nucleotide pyrophosphatase
1.44688862517e-05	2	amylovoran biosynthesis protein AmsB
1.44688862517e-05	2	sulfurtransferase TusB
1.44688862517e-05	2	DUF3732 domain-containing protein, partial
1.44688862517e-05	2	GAD-like domain protein
1.44688862517e-05	2	GLUG domain-containing protein
1.44688862517e-05	2	Regulatory sensor-transducer, BlaR1/MecR1 family
1.44688862517e-05	2	MULTISPECIES: ComEC family competence protein
1.44688862517e-05	2	Eco47II family restriction endonuclease, partial
1.44688862517e-05	2	glucan-glucohydrolase
1.44688862517e-05	2	putative carbon monoxide dehydrogenase large subunit transmembrane protein
1.44688862517e-05	2	NAD-dependent epimerase/dehydratase, partial
1.44688862517e-05	2	MULTISPECIES: molybdopterin-guanine dinucleotide biosynthesis protein MobA
1.44688862517e-05	2	tripartite transporter
1.44688862517e-05	2	putative flagellar protein
1.44688862517e-05	2	putative Non-ribosomal peptide synthetase/polyketide synthase
1.44688862517e-05	2	ATP-dependent RNA helicase RhlE, partial
1.44688862517e-05	2	LPS ABC transporter
1.44688862517e-05	2	MULTISPECIES: integral membrane protein TerC
1.44688862517e-05	2	stress-induced protein YgiW
1.44688862517e-05	2	MULTISPECIES: 2-oxobutyrate oxidase
1.44688862517e-05	2	protease C
1.44688862517e-05	2	melibiase
1.44688862517e-05	2	Site-specific DNA-methyltransferase
1.44688862517e-05	2	HD-GYP domain protein
1.44688862517e-05	2	MULTISPECIES: DUF2500 domain-containing protein
1.44688862517e-05	2	ammonium/methylammonium permease
1.44688862517e-05	2	IS3 family transposase ISGpr2
1.44688862517e-05	2	2,3,4,5-tetrahydropyridine-2,6-carboxylate N-succinyltransferase, partial
1.44688862517e-05	2	IS3 family transposase ISBxe1
1.44688862517e-05	2	CMP-sialic acid synthetase
1.44688862517e-05	2	membrane-associated lipoprotein involved in thiamine biosynthesis
1.44688862517e-05	2	ATP F0F1 synthase subunit alpha
1.44688862517e-05	2	Sterol desaturase-related protein
1.44688862517e-05	2	S-adenosyl-L-homocysteine hydrolase
1.44688862517e-05	2	MULTISPECIES: tail fiber protein
1.44688862517e-05	2	outer membrane phospholipase A
1.44688862517e-05	2	isomerase YbhH
1.44688862517e-05	2	transporting ATPase
1.44688862517e-05	2	receptor ligand-binding region family protein
1.44688862517e-05	2	LigA protein
1.44688862517e-05	2	MULTISPECIES: glycyl radical enzyme
1.44688862517e-05	2	DNA polymerase V, protein UmuD
1.44688862517e-05	2	acetyl/propionyl-CoA carboxylase subuit alpha
1.44688862517e-05	2	malto-oligosyltrehalose synthase, partial
1.44688862517e-05	2	multidrug transporter subunit MdtL
1.44688862517e-05	2	acyl-phosphate--glycerol-3-phosphate O-acyltransferase
1.44688862517e-05	2	NADP transhydrogenase subunit beta
1.44688862517e-05	2	MULTISPECIES: choline TMA-lyase-activating enzyme
1.44688862517e-05	2	MULTISPECIES: pilus assembly protein PapD
1.44688862517e-05	2	sn-glycerol-3-phosphate-binding periplasmic protein ugpB
1.44688862517e-05	2	branched-chain amino acid ABC transporter permease BraE
1.44688862517e-05	2	type I restriction enzyme, HsdR-HsdM subunit
1.44688862517e-05	2	MULTISPECIES: 3'-phosphoadenosine 5'-phosphosulfate sulfotransferase (PAPS reductase)/FAD synthetase
1.44688862517e-05	2	Cupin 2 conserved barrel domain protein
1.44688862517e-05	2	MULTISPECIES: cytochrome P460
1.44688862517e-05	2	methyl-accepting protein IV
1.44688862517e-05	2	cell division protein RodA
1.44688862517e-05	2	Na+ dependent nucleoside transporter domain-containing protein, partial
1.44688862517e-05	2	MULTISPECIES: DUF1290 domain-containing protein
1.44688862517e-05	2	DUF3536 domain-containing protein
1.44688862517e-05	2	MULTISPECIES: multi-sensor hybrid histidine kinase
1.44688862517e-05	2	calcium-binding hemolysin protein
1.44688862517e-05	2	Primosomal protein N' (replication factor Y) - superfamily II helicase-like protein
1.44688862517e-05	2	capsular polysaccharide transporter permease protein
1.44688862517e-05	2	MULTISPECIES: nucleoside triphosphate hydrolase
1.44688862517e-05	2	aryl-sulphate sulphohydrolase
1.44688862517e-05	2	lactate utilization protein, partial
1.44688862517e-05	2	MULTISPECIES: radical SAM domain protein
1.44688862517e-05	2	MULTISPECIES: cytochrome b6-f complex subunit PetG
1.44688862517e-05	2	MULTISPECIES: cytochrome b6-f complex subunit PetN
1.44688862517e-05	2	MULTISPECIES: pitrilysin
1.44688862517e-05	2	MULTISPECIES: 5-keto-4-deoxyuronate isomerase
1.44688862517e-05	2	MULTISPECIES: lactate utilization protein C
1.44688862517e-05	2	acetoin catabolism protein
1.44688862517e-05	2	MULTISPECIES: type I restriction endonuclease
1.44688862517e-05	2	phenylhydantoinase
1.44688862517e-05	2	MULTISPECIES: histamine oxidase
1.44688862517e-05	2	outer membrane secretin family protein
1.44688862517e-05	2	D-tyrosyl-tRNA(Tyr) deacylase, partial
1.44688862517e-05	2	pyruvate:ferredoxin (flavodoxin) oxidoreductase, partial
1.44688862517e-05	2	sensory box sensor histidine kinase/response regulator
1.44688862517e-05	2	MULTISPECIES: DUF1761 domain-containing protein
1.44688862517e-05	2	6-phospho-alpha-glucosidase
1.44688862517e-05	2	glycosyl hydrolase family 88, partial
1.44688862517e-05	2	C-type cytochrome biogenesis protein
1.44688862517e-05	2	P-protein
1.44688862517e-05	2	DNA-directed RNA polymerase sigma-70 factor, partial
1.44688862517e-05	2	MSCRAMM family adhesin SdrE
1.44688862517e-05	2	MULTISPECIES: UDP-galactose-lipid carrier transferase
1.44688862517e-05	2	class II fumarate hydratase, partial
1.44688862517e-05	2	NAD(P)-binding oxidoreductase
1.44688862517e-05	2	zinc-dependent metalloproteinase lipoprotein, family
1.44688862517e-05	2	MULTISPECIES: carboxylesterase family protein
1.44688862517e-05	2	type I toxin-antitoxin system SymE family toxin
1.44688862517e-05	2	MULTISPECIES: DUF2875 domain-containing protein
1.44688862517e-05	2	peptidase M24 family protein, partial
1.44688862517e-05	2	phosphopyruvate hydratase (enolase) protein
1.44688862517e-05	2	senescence marker protein 30
1.44688862517e-05	2	urease subunit beta, partial
1.44688862517e-05	2	MULTISPECIES: 3'-5' exoribonuclease
1.44688862517e-05	2	cellulose synthase catalytic subunit (UDP-forming), partial
1.44688862517e-05	2	ATP-dependent metalloprotease, partial
1.44688862517e-05	2	protein containing caspase
1.44688862517e-05	2	IS3 family transposase ISMex5
1.44688862517e-05	2	mannosyltransferase och1 and related enzymes protein
1.44688862517e-05	2	methyl-accepting chemotaxis protein signaling domain
1.44688862517e-05	2	MULTISPECIES: DsbA family protein
1.44688862517e-05	2	pyocin
1.44688862517e-05	2	flavocytochrome C sulfide dehydrogenase flavoprotein subunit
1.44688862517e-05	2	MULTISPECIES: stage 0 sporulation protein J
1.44688862517e-05	2	IS256 family transposase ISApr14
1.44688862517e-05	2	polysaccharide synthesis protein exod
1.44688862517e-05	2	lysozyme family protein
1.44688862517e-05	2	PhoD-like phosphatase
1.44688862517e-05	2	S-adenosylmethionine:tRNA-ribosyltransferase-isomerase (queuine synthetase)
1.44688862517e-05	2	transcription regulator
1.44688862517e-05	2	MULTISPECIES: glycosyl transferase family 36
1.44688862517e-05	2	MULTISPECIES: glycosyl transferase family 39
1.44688862517e-05	2	Gnt-II system L-idonate transporter IdnT
1.44688862517e-05	2	MULTISPECIES: His-Xaa-Ser system protein HxsD
1.44688862517e-05	2	essential recombination function protein
1.44688862517e-05	2	pyruvate/2-oxoglutarate dehydrogenase complex, dihydrolipoamide dehydrogenase component
1.44688862517e-05	2	MULTISPECIES: putative lipoprotein
1.44688862517e-05	2	protein lacX
1.44688862517e-05	2	Rieske family iron-sulfur cluster-binding protein
1.44688862517e-05	2	MULTISPECIES: TIGR02647 family protein
1.44688862517e-05	2	putative protein containing caspase domain protein
1.44688862517e-05	2	xylose ABC transporter
1.44688862517e-05	2	ATP-binding region ATPase
1.44688862517e-05	2	MULTISPECIES: cytosine-specific methyltransferase
1.44688862517e-05	2	DNA recombination protein RecF, partial
1.44688862517e-05	2	Phage-related protein tail component-like protein
1.44688862517e-05	2	MULTISPECIES: chlorophyllide reductase subunit Z
1.44688862517e-05	2	TctA subunit of the tripartite Tricarboxylate transport(TTT) family protein
1.44688862517e-05	2	benzoate 1,2-dioxygenase large subunit, partial
1.44688862517e-05	2	translocation/assembly module TamB, partial
1.44688862517e-05	2	MULTISPECIES: oxidative stress defense protein
1.44688862517e-05	2	Glycosyl hydrolase family 9
1.44688862517e-05	2	DUF4325 domain-containing protein, partial
1.44688862517e-05	2	subclass B3 metallo-beta-lactamase MSI-1
1.44688862517e-05	2	tRNA (guanine-N1)-methyltransferase
1.44688862517e-05	2	two-component system response regulator (hybrid family) protein
1.44688862517e-05	2	isoquinoline 1-oxidoreductase subunit beta IorB, molybdoprotein
1.44688862517e-05	2	MULTISPECIES: molecular chaperone OsmY
1.44688862517e-05	2	glutaredoxin, partial
1.44688862517e-05	2	phage-like minor tail-like protein
1.44688862517e-05	2	Fe-S cluster assembly protein SufD, partial
1.44688862517e-05	2	Tfp pilus assembly protein PilE
1.44688862517e-05	2	Gram-positive signal peptide protein, YSIRK family, partial
1.44688862517e-05	2	putative general secretion pathway protein J precursor
1.44688862517e-05	2	MULTISPECIES: DUF1850 domain-containing protein
1.44688862517e-05	2	MULTISPECIES: cytochrome c biosynthesis protein
1.44688862517e-05	2	3-methylcrotonyl-CoA carboxylase subunit beta
1.44688862517e-05	2	trypsin family protein
1.44688862517e-05	2	SOS response transcriptional repressor, RecA-mediated autopeptidase
1.44688862517e-05	2	MULTISPECIES: YqcI/YcgG family protein
1.44688862517e-05	2	pentaheme c-type cytochrome TorC
1.44688862517e-05	2	MULTISPECIES: NAD-dependent aldehyde dehydrogenase
1.44688862517e-05	2	peptidase S11 D-alanyl-D-alanine carboxypeptidase 1
1.44688862517e-05	2	MULTISPECIES: ATP-dependent serine peptidase containing a PDZ domain protein
1.44688862517e-05	2	IS66 family transposase ISVsp3
1.44688862517e-05	2	MULTISPECIES: purine nucleoside permease
1.44688862517e-05	2	bacteriophage endolysin protein
1.44688862517e-05	2	ATP-dependent deoxyribonuclease subunit A
1.44688862517e-05	2	MULTISPECIES: DUF4288 domain-containing protein
1.44688862517e-05	2	phage major tail protein
1.44688862517e-05	2	MULTISPECIES: conjugative transposon protein TraJ
1.44688862517e-05	2	chloramphenicol O-acetyltransferase
1.44688862517e-05	2	MULTISPECIES: hydantoin racemase
1.44688862517e-05	2	MULTISPECIES: cytochrome D ubiquinol oxidase subunit II
1.44688862517e-05	2	lysozyme, partial
1.44688862517e-05	2	rhodanese-like domain-containing protein, partial
1.44688862517e-05	2	desulfoferrodoxin Dfx
1.44688862517e-05	2	DUF1266 domain-containing protein
1.44688862517e-05	2	benzoate 1,2-dioxygenase electron transfer component
1.44688862517e-05	2	TrpR, YerC/YecD
1.44688862517e-05	2	recombination endonuclease VII subfamily
1.44688862517e-05	2	HD-GYP hydrolase
1.44688862517e-05	2	putative carbohydrate binding protein
1.44688862517e-05	2	MULTISPECIES: DUF1479 domain-containing protein
1.44688862517e-05	2	IS3 family transposase ISOba1
1.44688862517e-05	2	IS3 family transposase ISOba2
1.44688862517e-05	2	DNA endonuclease VII
1.44688862517e-05	2	cyclopropane fatty acid synthase
1.44688862517e-05	2	SyrP protein
1.44688862517e-05	2	NAD(P)H-dependent FMN reductase
1.44688862517e-05	2	medium FAD-binding subunit of molybdenum enzyme
1.44688862517e-05	2	prolyl aminopeptidase, partial
1.44688862517e-05	2	Autolysin sensor kinase
1.44688862517e-05	2	type I secretion system outer membrane protein, TolC family
1.44688862517e-05	2	insecticidal toxin complex protein TcaB1
1.44688862517e-05	2	MULTISPECIES: HldE family sugar kinase
1.44688862517e-05	2	3-hydroxybutyrate dehydrogenase type 2
1.44688862517e-05	2	luciferase family oxidoreductase, partial
1.44688862517e-05	2	MULTISPECIES: nitric-oxide reductase
1.44688862517e-05	2	NADH ubiquinone dehydrogenase
1.44688862517e-05	2	chaperone protein HtpG
1.44688862517e-05	2	3-hxdroxyacyl-CoA dehydrogenase
1.44688862517e-05	2	MULTISPECIES: DUF1704 domain-containing protein
1.44688862517e-05	2	MULTISPECIES: capsule biosynthesis phosphatase
1.44688862517e-05	2	MULTISPECIES: IS21 family transposase ISRsp3
1.44688862517e-05	2	mechanosensitive channel protein
1.44688862517e-05	2	transcriptional regulator PhoU
1.44688862517e-05	2	AsnC family transcriptional regulator, partial
1.44688862517e-05	2	CreA family protein
1.44688862517e-05	2	zinc-regulated TonB-dependent outer membrane receptor
1.44688862517e-05	2	calcium ABC transporter ATPase
1.44688862517e-05	2	sensor/response regulatory hybrid protein
1.44688862517e-05	2	sulfonate ABC transporter permease, partial
1.44688862517e-05	2	response regulator receiver domain protein
1.44688862517e-05	2	siderophore biosynthesis protein, IucA/IucC family
1.44688862517e-05	2	MULTISPECIES: DivIVA domain-containing protein
1.44688862517e-05	2	zinc-regulated outer membrane receptor
1.44688862517e-05	2	Photosystem II extrinsic protein
1.44688862517e-05	2	putative phosphoribosyltransferase
1.44688862517e-05	2	MULTISPECIES: 1,4-alpha-glucan-branching enzyme
1.44688862517e-05	2	tyrosine kinase
1.44688862517e-05	2	nuclease, EndA/NucM family
1.44688862517e-05	2	peptidase C13, partial
1.44688862517e-05	2	dGTP-pyrophosphohydrolase
1.44688862517e-05	2	serine protease precursor
1.44688862517e-05	2	isoquinoline 1-oxidoreductase maturation factor
1.44688862517e-05	2	MULTISPECIES: acetophenone carboxylase
1.44688862517e-05	2	DUF3791 domain-containing protein
1.44688862517e-05	2	putative NADH dehydrogenase (quinone)
1.44688862517e-05	2	curli assembly protein CsgG
1.44688862517e-05	2	MULTISPECIES: ubiquinone biosynthesis methyltransferase UbiE
1.44688862517e-05	2	ATP synthase subunit a 2
1.44688862517e-05	2	alpha/beta-hydrolase fold-containing protein
1.44688862517e-05	2	cell division protein YceG
1.44688862517e-05	2	MULTISPECIES: glutamine--scyllo-inositol aminotransferase
1.44688862517e-05	2	MULTISPECIES: phosphoribosylformylglycinamidine synthase subunit PurL
1.44688862517e-05	2	putative Ig domain-containing protein
1.44688862517e-05	2	beta-ketoacyl-ACP synthase II, partial
1.44688862517e-05	2	MULTISPECIES: Na(+)-translocating NADH-quinone reductase subunit A
1.44688862517e-05	2	tail fiber-like protein
1.44688862517e-05	2	imidazoleglycerol-phosphate dehydratase, partial
1.44688862517e-05	2	MULTISPECIES: DUF1989 domain-containing protein
1.44688862517e-05	2	MULTISPECIES: cyd operon protein YbgE
1.44688862517e-05	2	acid phosphatase class B
1.44688862517e-05	2	MULTISPECIES: phosphotyrosine protein phosphatase
1.44688862517e-05	2	MotR
1.44688862517e-05	2	GtrA family protein, partial
1.44688862517e-05	2	4-hydroxybenzoate--CoA ligase
1.44688862517e-05	2	MULTISPECIES: conjugal transfer protein TrbI
1.44688862517e-05	2	UDP-3-O-(3-hydroxymyristoyl) glucosamine N-acyltransferase
1.44688862517e-05	2	exopolyphosphatase-like protein
1.44688862517e-05	2	Manganese ABC transporter ATP-binding protein SitB
1.44688862517e-05	2	cell division protein FtsI/penicillin-binding protein 2
1.44688862517e-05	2	glycosyl hydrolase family 38
1.44688862517e-05	2	type II and III secretion system protein, partial
1.44688862517e-05	2	cellobiohydrolase A (1,4-beta-cellobiosidase A)
1.44688862517e-05	2	malate dehydrogenase (oxaloacetate-decarboxylating)
1.44688862517e-05	2	Sul1-delta/DUF3363 domain-containing fusion protein
1.44688862517e-05	2	alpha-2-macroglobulin domain-containing protein 2
1.44688862517e-05	2	gluconate kinase, partial
1.44688862517e-05	2	glutamate/aspartate ABC transporter substrate-binding protein
1.44688862517e-05	2	RNA polymerase sigma-F factor
1.44688862517e-05	2	peroxiredoxin, Ohr subfamily
1.44688862517e-05	2	pH regulation protein F
1.44688862517e-05	2	general secretory system II protein E domain-containing protein
1.44688862517e-05	2	IS1595 family transposase ISFtu7
1.44688862517e-05	2	type cbb3 cytochrome oxidase biogeneis protein CcoI
1.44688862517e-05	2	fucose dissimilation pathway protein FucU
1.44688862517e-05	2	glyoxalase/bleomycin resistance/dioxygenase family protein, partial
1.44688862517e-05	2	PhpK family radical SAM P-methyltransferase
1.44688862517e-05	2	heme utilization protein, partial
1.44688862517e-05	2	DUF4331 domain-containing protein, partial
1.44688862517e-05	2	bifunctional tetrahydrofolate synthase/dihydrofolate synthase, partial
1.44688862517e-05	2	MULTISPECIES: preprotein translocase subunit SecB
1.44688862517e-05	2	MULTISPECIES: preprotein translocase subunit SecF
1.44688862517e-05	2	MULTISPECIES: phosphotransferase enzyme family protein
1.44688862517e-05	2	stage V sporulation protein AE
1.44688862517e-05	2	stage V sporulation protein AC
1.44688862517e-05	2	heat domain containing protein
1.44688862517e-05	2	putative Phosphate regulon sensor protein phoR
1.44688862517e-05	2	zinc-binding oxidoreductase
1.44688862517e-05	2	carbon dioxide-concentrating mechanism protein CcmM
1.44688862517e-05	2	xylulose kinase, partial
1.44688862517e-05	2	metal chaperone, involved in Zn homeostasis, GTPase of family protein
1.44688862517e-05	2	MULTISPECIES: oligopeptide ABC transporter substrate-binding protein OppA
1.44688862517e-05	2	RbsD/FucU transporter
1.44688862517e-05	2	cobalamin synthesis CobW domain protein
1.44688862517e-05	2	MULTISPECIES: TIGR03857 family LLM class F420-dependent oxidoreductase
1.44688862517e-05	2	histone deacetylase superfamily
1.44688862517e-05	2	Putative carboxy-terminal processing protease
1.44688862517e-05	2	MULTISPECIES: DUF3373 domain-containing protein
1.44688862517e-05	2	MULTISPECIES: ATP synthase F1 subunit epsilon
1.44688862517e-05	2	MULTISPECIES: nodulation protein NodT
1.44688862517e-05	2	lipoprotein carrier protein LolA
1.44688862517e-05	2	fimbrial family protein
1.44688862517e-05	2	LPS ABC transporter ATP-binding protein
1.44688862517e-05	2	cytochrome c biogenesis protein CcmF, partial
1.44688862517e-05	2	ornithine cyclodeaminase/mu-crystallin family protein
1.44688862517e-05	2	hydroxylamine oxidoreductase
1.44688862517e-05	2	L-ornithine 5-monooxygenase
1.44688862517e-05	2	Lipid A core - O-antigen ligase
1.44688862517e-05	2	calcium sensor EFh
1.44688862517e-05	2	MULTISPECIES: DUF4946 domain-containing protein
1.44688862517e-05	2	cag pathogenicity island protein Cag7
1.44688862517e-05	2	lipid A hydroxylase LpxO, partial
1.44688862517e-05	2	guanyltransferase
1.44688862517e-05	2	MULTISPECIES: ECF subfamily RNA polymerase sigma-24 factor
1.44688862517e-05	2	MULTISPECIES: UDP-N-acetylmuramate--alanine ligase
1.44688862517e-05	2	ISL3 family transposase ISVsp15
1.44688862517e-05	2	MULTISPECIES: undecaprenyl-phosphate 4-deoxy-4-formamido-L-arabinose transferase
1.44688862517e-05	2	guanylyltransferase
1.44688862517e-05	2	5-deoxy-glucuronate isomerase, partial
1.44688862517e-05	2	phage receptor
1.44688862517e-05	2	MULTISPECIES: deoxycytidylate deaminase
1.44688862517e-05	2	protein-export chaperone SecB, partial
1.44688862517e-05	2	IS1595 family transposase ISSysp1
7.23444312585e-06	1	MULTISPECIES: glycolate utilization protein
7.23444312585e-06	1	MULTISPECIES: CRISPR-associated protein Csx16
7.23444312585e-06	1	MULTISPECIES: PLP-dependent aspartate aminotransferase family protein
7.23444312585e-06	1	MULTISPECIES: DUF2225 domain-containing protein
7.23444312585e-06	1	Breakpoint cluster region protein
7.23444312585e-06	1	carbon-nitrogen hydrolase, partial
7.23444312585e-06	1	toluene tolerance protein Ttg2D
7.23444312585e-06	1	phosphate-binding protein, partial
7.23444312585e-06	1	MULTISPECIES: phenylacetate-CoA oxygenase subunit PaaK
7.23444312585e-06	1	MULTISPECIES: cytidine/uridine-specific hydrolase
7.23444312585e-06	1	superoxide reductase
7.23444312585e-06	1	transcriptional repressor NrdR
7.23444312585e-06	1	histidyl-tRNA synthetase
7.23444312585e-06	1	MULTISPECIES: type I secretion target GGXGXDXXX repeat (2 copies)
7.23444312585e-06	1	FNT family protein
7.23444312585e-06	1	membrane complex biogenesis protein, BtpA family
7.23444312585e-06	1	CRISPR-associated protein, Csn1 family
7.23444312585e-06	1	aspartokinase III
7.23444312585e-06	1	replication-associated A domain protein
7.23444312585e-06	1	MULTISPECIES: glycosyl transferase, partial
7.23444312585e-06	1	carbon monoxide dehydrogenase large subunit protein
7.23444312585e-06	1	MULTISPECIES: multidrug resistance protein
7.23444312585e-06	1	MULTISPECIES: histidine ABC transporter permease
7.23444312585e-06	1	MULTISPECIES: granule protein PhaP
7.23444312585e-06	1	putative bacteriocin
7.23444312585e-06	1	MULTISPECIES: CDP-glycerol:glycerophosphate glycerophosphotransferase
7.23444312585e-06	1	sodium/calcium exchanger family protein
7.23444312585e-06	1	arginine N-succinyltransferase, partial
7.23444312585e-06	1	ExbB oriteub
7.23444312585e-06	1	virulence protein IcmB
7.23444312585e-06	1	cobaltochelatase subunit CobS, partial
7.23444312585e-06	1	glycerol-3-phosphate 1-O-acyltransferase, partial
7.23444312585e-06	1	binding--dependent transport system inner membrane component family protein
7.23444312585e-06	1	NDP-hexose C-3 methyl transferase
7.23444312585e-06	1	aldose dehydrogenase
7.23444312585e-06	1	IS3 family transposase ISBcen23
7.23444312585e-06	1	DUF1934 domain-containing protein
7.23444312585e-06	1	Ig domain-containing protein group 1 domain-containing protein
7.23444312585e-06	1	IS3 family transposase ISKpn18
7.23444312585e-06	1	MULTISPECIES: lytic transglycosylase catalytic
7.23444312585e-06	1	MdsC protein
7.23444312585e-06	1	MULTISPECIES: ribose ABC transporter substrate-binding protein RbsB
7.23444312585e-06	1	hemin ABC transporter permease
7.23444312585e-06	1	integron integrase IntI4
7.23444312585e-06	1	two-component system, NarL family, sensor histidine kinase BarA
7.23444312585e-06	1	IS1595 family transposase ISPemu1
7.23444312585e-06	1	SOS-response transcriptional repressor (RecA-mediated autopeptidase)
7.23444312585e-06	1	Fibronectin, type III
7.23444312585e-06	1	flp pilus assembly protein TadB
7.23444312585e-06	1	flp pilus assembly protein TadC
7.23444312585e-06	1	putative heme d1 biosynthesis radical SAM protein NirJ1
7.23444312585e-06	1	IPTL-CTERM sorting domain-containing protein, partial
7.23444312585e-06	1	flagellar biosynthesis protein FlgN, partial
7.23444312585e-06	1	Fe-S cluster
7.23444312585e-06	1	periplasmic metal ion-binding protein
7.23444312585e-06	1	phage tail collar
7.23444312585e-06	1	nicotinate dehydrogenase large molybdopterin subunit
7.23444312585e-06	1	IS5 family transposase IS1421
7.23444312585e-06	1	phosphoribosylaminoimidazole succinocarboxamide synthase
7.23444312585e-06	1	MULTISPECIES: maltose O-acetyltransferase
7.23444312585e-06	1	metallo cofactor biosynthesis protein, conjectural
7.23444312585e-06	1	Pyrrolidone-carboxylate peptidase 2
7.23444312585e-06	1	putative beta-glycosyltransferase protein
7.23444312585e-06	1	SPFH domain / Band 7 family protein
7.23444312585e-06	1	cell surface receptor ipt/tig domain-containing protein
7.23444312585e-06	1	isocitrate/isopropylmalate dehydrogenase
7.23444312585e-06	1	MULTISPECIES: NcrB
7.23444312585e-06	1	BrkB protein
7.23444312585e-06	1	photosystem i assembly
7.23444312585e-06	1	thiol oxidoreductase, partial
7.23444312585e-06	1	EscI/YscI/HrpB family type III secretion system inner rod protein
7.23444312585e-06	1	outer membrane receptor for ferrienterochelin and colicin
7.23444312585e-06	1	GAI protein
7.23444312585e-06	1	pyocyanine specific anthranilate synthase component II
7.23444312585e-06	1	Protein of unknown function DUF1963
7.23444312585e-06	1	Mu-like prophage I protein-like protein
7.23444312585e-06	1	multiple antibiotic resistance (MarC)-related protein
7.23444312585e-06	1	MULTISPECIES: serine/threonine-protein kinase PknK
7.23444312585e-06	1	coenzyme F420 biosynthesis protein
7.23444312585e-06	1	MULTISPECIES: peptide permease
7.23444312585e-06	1	Tfp pilus assembly protein major pilin PilA
7.23444312585e-06	1	type VI secretion system protein IcmF
7.23444312585e-06	1	MULTISPECIES: bleomycin binding protein BLMT
7.23444312585e-06	1	MULTISPECIES: N-acetyl-glucosamine catabolism protein
7.23444312585e-06	1	SulP family transporter
7.23444312585e-06	1	MULTISPECIES: ISNCY family transposase ISDssp5
7.23444312585e-06	1	Foldase protein PrsA precursor
7.23444312585e-06	1	kinetochore protein ndc80
7.23444312585e-06	1	quinol oxidase
7.23444312585e-06	1	maltose-binding protein
7.23444312585e-06	1	curli production assembly protein CsgE
7.23444312585e-06	1	V-type H(+)-translocating pyrophosphatase, partial
7.23444312585e-06	1	phenylglyoxylate:acceptor oxidoreductase subunit H
7.23444312585e-06	1	6-N-hydroxylaminopurine resistance protein
7.23444312585e-06	1	cobalt-precorrin-4 C(11)-methyltransferase
7.23444312585e-06	1	replicative helicase RepA
7.23444312585e-06	1	exporter DMT family membrane protein
7.23444312585e-06	1	exonuclease SbcC, partial
7.23444312585e-06	1	secretory protein kinase
7.23444312585e-06	1	MULTISPECIES: flagellar hook assembly protein FlgD
7.23444312585e-06	1	NADH-ubiquinone oxidoreductase-related protein
7.23444312585e-06	1	para-aminobenzoate synthase, aminase component PabB
7.23444312585e-06	1	metal-dependent dipeptidase
7.23444312585e-06	1	MULTISPECIES: twin arginine-targeting protein translocase TatC
7.23444312585e-06	1	MULTISPECIES: twin arginine-targeting protein translocase TatB
7.23444312585e-06	1	IS3 family transposase ISStma14
7.23444312585e-06	1	di-haem cytochrome c peroxidase
7.23444312585e-06	1	phage protein; peptidase
7.23444312585e-06	1	IS3 family transposase ISElsp1
7.23444312585e-06	1	DUF1688 domain-containing protein, partial
7.23444312585e-06	1	MULTISPECIES: TIGR02301 family protein
7.23444312585e-06	1	D-alanine export protein
7.23444312585e-06	1	lanthionine synthetase
7.23444312585e-06	1	PTS mannose transporter subunit EIIAB
7.23444312585e-06	1	peptidase M32, partial
7.23444312585e-06	1	secondary metabolite synthesis protein
7.23444312585e-06	1	adenine methyltransferase, partial
7.23444312585e-06	1	Type II/IV secretion system secretin RcpA/CpaC,associated with Flp pilus assembly
7.23444312585e-06	1	tetracycline resistance element mobilization regulatory protein RteC
7.23444312585e-06	1	glutamate/glutamine/aspartate/asparagine-binding protein BztA
7.23444312585e-06	1	Dihydrolipoyllysine-residue acetyltransferase component of pyruvate dehydrogenase complex (E2) (Dihydrolipoamide acetyltransferase component of pyruvate dehydrogenase complex) (fragment)
7.23444312585e-06	1	phage protein F
7.23444312585e-06	1	putative Enoyl-CoA hydratase
7.23444312585e-06	1	2-hydroxychromene-2-carboxylate isomerase, partial
7.23444312585e-06	1	MULTISPECIES: Tellurium resistance protein terZ
7.23444312585e-06	1	ABC-type bacteriocin/lantibiotic exporter with N-terminal double-glycine peptidase domain
7.23444312585e-06	1	avirulence protein
7.23444312585e-06	1	MULTISPECIES: 2,6-beta-D-fructofuranosidase
7.23444312585e-06	1	phage related protein gp8
7.23444312585e-06	1	MULTISPECIES: indolepyruvate oxidoreductase subunit beta
7.23444312585e-06	1	homoserine dehydrogenase ThrA
7.23444312585e-06	1	MULTISPECIES: exopolysaccharide biosynthesis polyprenyl glycosylphosphotransferase
7.23444312585e-06	1	methanobactin biosynthesis cassette protein MbnB
7.23444312585e-06	1	phenylacetic acid degradation bifunctional protein PaaZ, partial
7.23444312585e-06	1	phage integrase, partial
7.23444312585e-06	1	IS3 family transposase ISGvi5
7.23444312585e-06	1	NADPH-dependent glutamate synthase beta chain
7.23444312585e-06	1	Ferrous iron transport permease EfeU
7.23444312585e-06	1	IS21 family transposase ISRso19
7.23444312585e-06	1	alpha/beta hydrolase fold having protein
7.23444312585e-06	1	MULTISPECIES: monooxygenase FAD-binding protein
7.23444312585e-06	1	DUF4172 domain-containing protein, partial
7.23444312585e-06	1	DUF5064 domain-containing protein, partial
7.23444312585e-06	1	ubiquinol oxidase
7.23444312585e-06	1	cell-cell signaling protein
7.23444312585e-06	1	radical SAM domain-containing protein, partial
7.23444312585e-06	1	MULTISPECIES: CAAX prenyl protease-related protein
7.23444312585e-06	1	methyltransferase UbiE
7.23444312585e-06	1	sugar isomerase, AgaS family protein
7.23444312585e-06	1	putative signal peptide
7.23444312585e-06	1	homocysteine methyltransferase, partial
7.23444312585e-06	1	outer spore coat protein CotE
7.23444312585e-06	1	MULTISPECIES: RNA polymerase rpb6
7.23444312585e-06	1	glycosyl hydrolase 25
7.23444312585e-06	1	MULTISPECIES: malate permease
7.23444312585e-06	1	transporter hydrophobe/amphiphile efflux-1 (HAE1) family
7.23444312585e-06	1	3-hexulose-6-phosphate synthase related enzyme
7.23444312585e-06	1	d12 class N6 adenine-specific DNA methyltransferase
7.23444312585e-06	1	IS256 family transposase ISCcl1
7.23444312585e-06	1	Sel1 domain protein repeat-containing protein
7.23444312585e-06	1	MULTISPECIES: cloacin
7.23444312585e-06	1	F0F1 ATP synthase assembly protein
7.23444312585e-06	1	MULTISPECIES: dTDP-4-dehydro-6-deoxyglucose aminotransferase
7.23444312585e-06	1	MULTISPECIES: type II toxin-antitoxin system antitoxin, RelB/DinJ family, partial
7.23444312585e-06	1	cellulose-binding family II
7.23444312585e-06	1	aromatic acid transporter
7.23444312585e-06	1	Flp pilus assembly protein TadG
7.23444312585e-06	1	ISLre2 family transposase
7.23444312585e-06	1	NeuD protein
7.23444312585e-06	1	MULTISPECIES: phosphodiesterase I
7.23444312585e-06	1	MULTISPECIES: aminotransferase class V
7.23444312585e-06	1	ribosome assembly cofactor RimP, partial
7.23444312585e-06	1	Ubiquinone biosynthesis hydroxylase UbiH/UbiF/VisC/COQ6 family protein
7.23444312585e-06	1	ABC superfamily ATP binding cassette transporter, ABC protein, partial
7.23444312585e-06	1	MULTISPECIES: glycogen phosphorylase
7.23444312585e-06	1	type II secretion pathway, ATPase PulE/Tfp pilus assembly pathway, ATPase PilB
7.23444312585e-06	1	MULTISPECIES: succinic semialdehyde dehydrogenase
7.23444312585e-06	1	MULTISPECIES: chromophore lyase
7.23444312585e-06	1	NhaA family sodium:proton antiporter
7.23444312585e-06	1	MULTISPECIES: urate oxidase
7.23444312585e-06	1	Tyrosine-protein phosphatase YwqE
7.23444312585e-06	1	MULTISPECIES: coat protein
7.23444312585e-06	1	isochorismate-pyruvate lyase
7.23444312585e-06	1	ABC-type transporter, substrate-binding lipoprotein
7.23444312585e-06	1	MULTISPECIES: putative 2-aminoethylphosphonate ABC transporter substrate-binding protein
7.23444312585e-06	1	TonB, C-terminal, partial
7.23444312585e-06	1	protein RepA
7.23444312585e-06	1	DUF2537 domain-containing protein
7.23444312585e-06	1	MULTISPECIES: protein of avirulence locus ImpE
7.23444312585e-06	1	IS5 family transposase ISCca3
7.23444312585e-06	1	MULTISPECIES: lysine 6-monooxygenase
7.23444312585e-06	1	MULTISPECIES: geranylgeranyl reductase
7.23444312585e-06	1	haeiv restriction/modification system
7.23444312585e-06	1	Copper resistance D domain protein
7.23444312585e-06	1	transcriptional regulator GlcC
7.23444312585e-06	1	multifunctional acyl-CoA thioesterase I/protease I/lysophospholipase L1
7.23444312585e-06	1	MULTISPECIES: tagatose 1,6-diphosphate aldolase
7.23444312585e-06	1	MULTISPECIES: polysaccharide biosynthesis protein GumN
7.23444312585e-06	1	ATP-transporter permease
7.23444312585e-06	1	MULTISPECIES: DUF397 domain-containing protein
7.23444312585e-06	1	nodulation ABC transporter NodI
7.23444312585e-06	1	MULTISPECIES: Tellurium resistance protein TerD
7.23444312585e-06	1	Tfp structural protein
7.23444312585e-06	1	M14 family peptidase
7.23444312585e-06	1	protein NirV
7.23444312585e-06	1	type II secretion pathway component PulJ protein
7.23444312585e-06	1	transcription elongation factor, GreA/GreB, C-term, partial
7.23444312585e-06	1	SELO family protein, partial
7.23444312585e-06	1	Putative type IIS restriction /modification enzyme, N-terminal half
7.23444312585e-06	1	cys/met metabolism; plp-dependent enzyme
7.23444312585e-06	1	MULTISPECIES: carboxysome shell carbonic anhydrase
7.23444312585e-06	1	L-alanoyl-D-glutamate peptidase
7.23444312585e-06	1	MULTISPECIES: ATPase/protein kinase
7.23444312585e-06	1	type 1 pilus chaperone FimC
7.23444312585e-06	1	Eco57I restriction-modification methylase
7.23444312585e-06	1	acetyltransferase, CysE/LacA/LpxA/NodL family
7.23444312585e-06	1	sos response umud protein
7.23444312585e-06	1	UvrD-like helicase
7.23444312585e-06	1	MULTISPECIES: gamma-glutamyl ligase
7.23444312585e-06	1	FomB family phosphonate monophosphate kinase
7.23444312585e-06	1	TOMM propeptide domain-containing protein
7.23444312585e-06	1	cobalamin/Fe3+-siderophore ABC transporter ATP-binding protein
7.23444312585e-06	1	MULTISPECIES: opacity-associated protein OapA
7.23444312585e-06	1	RES domain protein
7.23444312585e-06	1	uptake hydrogenase small subunit, HupS
7.23444312585e-06	1	EPS related membrane protein
7.23444312585e-06	1	oxidoreductase large subunit
7.23444312585e-06	1	MULTISPECIES: microcystinase C
7.23444312585e-06	1	phytase precursor
7.23444312585e-06	1	CRISPR-associated endoribonuclease Cas2
7.23444312585e-06	1	IS3 family transposase ISKpn10
7.23444312585e-06	1	tripartite tricarboxylate transporter TctA family protein
7.23444312585e-06	1	putative GH3 auxin-responsive promoter family protein
7.23444312585e-06	1	putative modular polyketide synthase
7.23444312585e-06	1	heme/copper-type cytochrome/quinol oxidase subunit 1, partial
7.23444312585e-06	1	phosphoenolpyruvate--glucose-phosphotransferase regulator
7.23444312585e-06	1	sigma 70 (RpoD)
7.23444312585e-06	1	peptidase S11, partial
7.23444312585e-06	1	cyclohexadienyl dehydratase PheC
7.23444312585e-06	1	recombination protein MgsA
7.23444312585e-06	1	acyl-phosphate glycerol 3-phosphate acyltransferase, partial
7.23444312585e-06	1	protein CyaA1
7.23444312585e-06	1	type V secretory pathway
7.23444312585e-06	1	beta-ketothiolase
7.23444312585e-06	1	O99 family O-antigen ABC transporter permease subunit Wzm
7.23444312585e-06	1	NAD dependent epimerase/dehydratase f
7.23444312585e-06	1	NC domain protein
7.23444312585e-06	1	ef hand domain-containing protein
7.23444312585e-06	1	chlorophyllide a reductase subunit Y, partial
7.23444312585e-06	1	orotate phosphoribosyltransferase, partial
7.23444312585e-06	1	IIA component of sugar transport PTS system
7.23444312585e-06	1	StbE replicon stabilization toxin
7.23444312585e-06	1	MULTISPECIES: energy-conserving hydrogenase (ferredoxin), subunit A
7.23444312585e-06	1	RNA 3-phosphate cyclase
7.23444312585e-06	1	lycopene beta and epsilon cyclase
7.23444312585e-06	1	tail protein, partial
7.23444312585e-06	1	glycolipid sulfotransferase
7.23444312585e-06	1	molybdopterin oxidoreductase family protein, partial
7.23444312585e-06	1	MULTISPECIES: cytochrome Cbb3
7.23444312585e-06	1	MULTISPECIES: DUF4175 domain-containing protein
7.23444312585e-06	1	Ferredoxin-like protein
7.23444312585e-06	1	O-antigen biosynthesis protein RfbC
7.23444312585e-06	1	MULTISPECIES: leucine dehydrogenase
7.23444312585e-06	1	peptidase S53, partial
7.23444312585e-06	1	alpha-amylase susG
7.23444312585e-06	1	DNA polymerase elongation subunit, 3'-5' exonuclease
7.23444312585e-06	1	Sun protein
7.23444312585e-06	1	PTS alpha-glucoside transporter subunit IICB
7.23444312585e-06	1	DUF1929 domain-containing protein, partial
7.23444312585e-06	1	MULTISPECIES: lipoprotein, NLPA family
7.23444312585e-06	1	MULTISPECIES: PrsW family intramembrane metalloprotease
7.23444312585e-06	1	carbon monoxide dehydrogenase medium chain
7.23444312585e-06	1	Pyridine nucleotide-disulphide oxidoreductase domain protein
7.23444312585e-06	1	methylamine utilization protein MauF
7.23444312585e-06	1	MULTISPECIES: D-isomer specific 2-hydroxyacid dehydrogenase NAD-binding protein
7.23444312585e-06	1	ABC exporter membrane fusion protein DevB
7.23444312585e-06	1	cellulose biosynthesis protein BcsN
7.23444312585e-06	1	cellulose biosynthesis protein BcsF
7.23444312585e-06	1	thiol oxidoreductase-like protein
7.23444312585e-06	1	sensor domain-containing diguanylate cyclase, partial
7.23444312585e-06	1	OprM
7.23444312585e-06	1	norD
7.23444312585e-06	1	MULTISPECIES: RpsU-divergently transcribed
7.23444312585e-06	1	mcrB domain-containing protein
7.23444312585e-06	1	GTP diphosphokinase, partial
7.23444312585e-06	1	MULTISPECIES: BEC protein
7.23444312585e-06	1	caspase-like domain-containing protein
7.23444312585e-06	1	NADPH-quinone reductase
7.23444312585e-06	1	MULTISPECIES: cytochrome c nitrite reductase small subunit
7.23444312585e-06	1	MULTISPECIES: C4-dicarboxylic acid transporter DauA
7.23444312585e-06	1	NERD and DEXDc domain-containing protein
7.23444312585e-06	1	PTS lactose transporter subunit IIBC
7.23444312585e-06	1	MULTISPECIES: Two component regulator three Y domain-containing protein
7.23444312585e-06	1	MULTISPECIES: ricin-type beta-trefoil lectin domain protein
7.23444312585e-06	1	2,4-dichlorophenol 6-monooxygenase, partial
7.23444312585e-06	1	MULTISPECIES: regulatory protein
7.23444312585e-06	1	IS630 family transposase ISAcma32
7.23444312585e-06	1	ATP-dependent protease-like protein
7.23444312585e-06	1	thiamine biosynthesis protein ThiH
7.23444312585e-06	1	MULTISPECIES: nitrate-binding protein
7.23444312585e-06	1	MULTISPECIES: XshC-Cox1-family protein
7.23444312585e-06	1	MULTISPECIES: hydrogenase 2 large subunit
7.23444312585e-06	1	membrane P13
7.23444312585e-06	1	leucine/isoleucine/valine transporter subunit; Inner-membrane translocator, membrane component of ABC superfamily
7.23444312585e-06	1	MULTISPECIES: TatD family hydrolase
7.23444312585e-06	1	MULTISPECIES: angiotensin-converting enzyme family protein
7.23444312585e-06	1	diheme cytochrome C-type
7.23444312585e-06	1	FAD-binding molybdopterin dehydrogenase protein
7.23444312585e-06	1	MULTISPECIES: DUF3413 domain-containing protein
7.23444312585e-06	1	MULTISPECIES: SrfC
7.23444312585e-06	1	Serine phosphatase RsbU
7.23444312585e-06	1	RNA helicase SecA
7.23444312585e-06	1	MULTISPECIES: MjaI family restriction endonuclease
7.23444312585e-06	1	DUF4026 domain-containing protein
7.23444312585e-06	1	MULTISPECIES: DUF3141 domain-containing protein, partial
7.23444312585e-06	1	glucuronide uptake porin UidC
7.23444312585e-06	1	putative acyl-CoA ligase
7.23444312585e-06	1	Rubredoxin-NAD(+) reductase
7.23444312585e-06	1	type 4 fimbrial biogenesis protein (FimU)
7.23444312585e-06	1	DUF2757 domain-containing protein
7.23444312585e-06	1	MULTISPECIES: nickel ABC transporter, nickel/metallophore periplasmic binding protein
7.23444312585e-06	1	sulfonate ABC transporter solute-binding protein
7.23444312585e-06	1	putative thiol-disulfide isomerase or thioredoxin
7.23444312585e-06	1	type III secretion component protein HrpQ
7.23444312585e-06	1	redoxin superfamily
7.23444312585e-06	1	2-octaprenyl-6-methoxyphenol hydroxylase
7.23444312585e-06	1	MULTISPECIES: carbohydrate-binding family 9-like protein
7.23444312585e-06	1	glycine betaine/L-proline ABC transporter ATP-binding protein, partial
7.23444312585e-06	1	5-methylcytosine methyltransferase
7.23444312585e-06	1	CDP-glucose 4,6-dehydratase, partial
7.23444312585e-06	1	DNA N-6-adenine-methyltransferase of bacteriophage
7.23444312585e-06	1	nitrous oxide reductase accessory protein
7.23444312585e-06	1	Low specificity phosphatase
7.23444312585e-06	1	MULTISPECIES: phosphate starvation inducible membrane protein, PsiE family
7.23444312585e-06	1	MULTISPECIES: acryloyl-CoA reductase
7.23444312585e-06	1	beta glucanase
7.23444312585e-06	1	three-deoxy-D-manno-octulosonic-acid transferase-like protein, partial
7.23444312585e-06	1	amino ABC transporter permease, 3-TM region, His/Glu/Gln/Arg/opine family domain protein
7.23444312585e-06	1	pyruvate dikinase
7.23444312585e-06	1	Maltose phosphorylase / Trehalose phosphorylase
7.23444312585e-06	1	RpfC protein
7.23444312585e-06	1	MULTISPECIES: heme exporter CcmD
7.23444312585e-06	1	MULTISPECIES: dipeptidyl carboxypeptidase
7.23444312585e-06	1	ATP synthase epsilon chain 2
7.23444312585e-06	1	MULTISPECIES: acetyl-CoA C-acyltransferase FadI
7.23444312585e-06	1	ATP-dependent protease subunit HslV, partial
7.23444312585e-06	1	arabinose ABC transporter ATP-binding protein
7.23444312585e-06	1	nitrogen-fixing protein NifU
7.23444312585e-06	1	dTDP-4-keto-6-deoxyglucose-3, 5-epimerase and dTDP-6-deoxy-L-mannose-dehydrogenase
7.23444312585e-06	1	potassium-transporting ATPase B chain 2
7.23444312585e-06	1	helicase Snf2/Rad54 family
7.23444312585e-06	1	Gp73
7.23444312585e-06	1	ribonuclease G, partial
7.23444312585e-06	1	D-3-phosphoglycerate dehydrogenase / D-isomer specific 2-hydroxyacid dehydrogenase
7.23444312585e-06	1	DUF182 domain-containing protein
7.23444312585e-06	1	iron siderophore transporter TonB
7.23444312585e-06	1	CesT family chaperone
7.23444312585e-06	1	zinc ribbon domain-containing protein, partial
7.23444312585e-06	1	thiocyanate hydrolase subunit gamma
7.23444312585e-06	1	ATP-grasp protein
7.23444312585e-06	1	MULTISPECIES: taurine ABC transporter ATP-binding protein
7.23444312585e-06	1	MULTISPECIES: molybdopterin biosynthesis protein MoeY
7.23444312585e-06	1	phage encoded lysozyme
7.23444312585e-06	1	CRISPR-associated protein Cas3
7.23444312585e-06	1	MULTISPECIES: phosphoglycerate mutase family protein
7.23444312585e-06	1	MULTISPECIES: N,N-dimethylformamidase
7.23444312585e-06	1	undecaprenyl-phosphomannose:protein mannosyltransferase
7.23444312585e-06	1	phosphate starvation-inducible protein
7.23444312585e-06	1	putative Diacylglycerol kinase
7.23444312585e-06	1	MULTISPECIES: DUF4214 domain-containing protein
7.23444312585e-06	1	MULTISPECIES: NAD(FAD)-dependent dehydrogenase
7.23444312585e-06	1	iron uptake protein A1
7.23444312585e-06	1	plasmid replication initiator protein-like protein
7.23444312585e-06	1	ribA/ribD-fused protein
7.23444312585e-06	1	DUF3363 domain-containing protein, partial
7.23444312585e-06	1	tolQ-type transporter
7.23444312585e-06	1	MULTISPECIES: twin-arginine translocation pathway signal sequence domain-containing protein
7.23444312585e-06	1	sulfatase arylsulfatase A
7.23444312585e-06	1	MULTISPECIES: bifunctional 3,4-dihydroxy-2-butanone 4-phosphate synthase/GTP cyclohydrolase II
7.23444312585e-06	1	succinate:quinone oxidoreductase (SQR)-like protein
7.23444312585e-06	1	Holliday junction resolvase RuvX, partial
7.23444312585e-06	1	cytochrome c5 family protein, partial
7.23444312585e-06	1	Dihydrolipoamide succinyltransferase component (E2) of 2-oxoglutarate dehydrogenase complex
7.23444312585e-06	1	MULTISPECIES: dihydrolipoamide succinyltransferase
7.23444312585e-06	1	MULTISPECIES: autoinducer synthase
7.23444312585e-06	1	coenzyme F420-dependent NADP oxidoreductase
7.23444312585e-06	1	MULTISPECIES: igiC
7.23444312585e-06	1	MULTISPECIES: chemotaxis protein R
7.23444312585e-06	1	MULTISPECIES: EstX protein
7.23444312585e-06	1	MULTISPECIES: ethanolamine utilization protein EutJ
7.23444312585e-06	1	putative 2-aminoethylphosphonate ABC transporter substrate-binding protein, partial
7.23444312585e-06	1	capsule biosynthesis protein, partial
7.23444312585e-06	1	glycerate kinase I
7.23444312585e-06	1	methyl-directed repair DNA adenine methylase
7.23444312585e-06	1	omega-3 polyunsaturated fatty acid synthase PfaD
7.23444312585e-06	1	Type IV pilus assembly protein PilZ
7.23444312585e-06	1	MULTISPECIES: signal transduction protein
7.23444312585e-06	1	hypothetical ROK family protein, partial
7.23444312585e-06	1	MULTISPECIES: adenylyl-sulfate reductase subunit beta
7.23444312585e-06	1	murein L,D-transpeptidase, partial
7.23444312585e-06	1	spermidine synthase family protein
7.23444312585e-06	1	pyruvate phosphate dikinase, PEP/pyruvate binding domain protein
7.23444312585e-06	1	MULTISPECIES: DUF1540 domain-containing protein
7.23444312585e-06	1	macrolide transporter subunit MacA, partial
7.23444312585e-06	1	putative multi-sensor signal transduction histidine kinase
7.23444312585e-06	1	MULTISPECIES: S-adenosylmethionine decarboxylase proenzyme
7.23444312585e-06	1	6-phospho-beta-glucosidase, partial
7.23444312585e-06	1	DUF523 domain-containing protein, partial
7.23444312585e-06	1	pyruvate/phosphoenolpyruvate kinase
7.23444312585e-06	1	IS982 family transposase ISPasp1
7.23444312585e-06	1	MULTISPECIES: K(+)-transporting ATPase subunit C
7.23444312585e-06	1	copper homeostasis/adhesion lipoprotein NlpE
7.23444312585e-06	1	brp/Blh family beta-carotene 15,15'-monooxygenase
7.23444312585e-06	1	periplasmic protein TonB, links inner and outer membrane
7.23444312585e-06	1	putative chemotaxis-like protein
7.23444312585e-06	1	class II aldolase, tagatose bisphosphate family
7.23444312585e-06	1	DUF4952 domain-containing protein
7.23444312585e-06	1	anti-RNA polymerase sigma factor SigE
7.23444312585e-06	1	vancomycin high temperature exclusion protein
7.23444312585e-06	1	MULTISPECIES: small basic protein
7.23444312585e-06	1	DNA replication factor Dna2
7.23444312585e-06	1	ATP-dependent Clp endopeptidase proteolytic subunit ClpP-like protein
7.23444312585e-06	1	sensor protein QseC
7.23444312585e-06	1	Tfp pilus assembly protein ATPase PilM-like protein
7.23444312585e-06	1	serine deaminase
7.23444312585e-06	1	MULTISPECIES: protein YibB
7.23444312585e-06	1	filamentous hemagglutinin FhaB, partial
7.23444312585e-06	1	ferredoxin-1 domain protein
7.23444312585e-06	1	peptidase C15
7.23444312585e-06	1	Fe-S assembly protein
7.23444312585e-06	1	pkd domain containing protein
7.23444312585e-06	1	transporter associated domain protein
7.23444312585e-06	1	Na/Pi-cotransporter
7.23444312585e-06	1	MULTISPECIES: iron(III)-binding periplasmic protein precursor
7.23444312585e-06	1	MULTISPECIES: type IV pili signal transduction protein
7.23444312585e-06	1	epoxide hydrolase-like protein
7.23444312585e-06	1	MULTISPECIES: glutamine ABC transporter permease
7.23444312585e-06	1	IS1 family transposase ISOpb1
7.23444312585e-06	1	electron transfer flavoprotein, partial
7.23444312585e-06	1	putative xanthine dehydrogenase molybdenum-binding subunit YagR
7.23444312585e-06	1	D-lyxose isomerase
7.23444312585e-06	1	multicomponent Na+/H+ antiporter subunit A
7.23444312585e-06	1	cyclooxygenase
7.23444312585e-06	1	TrkA-C, di- and tricarboxylate transporter
7.23444312585e-06	1	MULTISPECIES: Sodium:galactoside symporter family protein
7.23444312585e-06	1	DUF711 domain-containing protein, partial
7.23444312585e-06	1	MULTISPECIES: phosphopantothenoylcysteine synthase
7.23444312585e-06	1	protein HisK
7.23444312585e-06	1	cell division protein DivIVA-like protein
7.23444312585e-06	1	bacteriophage tail fiber protein
7.23444312585e-06	1	MULTISPECIES: sigma-E factor negative regulatory transcription regulator protein
7.23444312585e-06	1	Ubiquinone biosynthesis protein COQ7
7.23444312585e-06	1	endoflagellar protein
7.23444312585e-06	1	NitT/TauT family transport system ATP-binding protein
7.23444312585e-06	1	IS66 family transposase ISCysp4
7.23444312585e-06	1	MULTISPECIES: NblA-related protein
7.23444312585e-06	1	MULTISPECIES: DUF4150 domain-containing protein
7.23444312585e-06	1	Raf kinase inhibitor
7.23444312585e-06	1	DNA gyrase modulator U62 peptidase
7.23444312585e-06	1	outer membrane protein OprM
7.23444312585e-06	1	acetyl CoA synthetase (ADP forming), alpha domain protein
7.23444312585e-06	1	PutA protein
7.23444312585e-06	1	HesA/moeB/thiF family protein
7.23444312585e-06	1	1,2-phenylacetyl-CoA epoxidase subunit E
7.23444312585e-06	1	NAD(P)H:quinone oxidoreductase type IV
7.23444312585e-06	1	MULTISPECIES: DUF2937 domain-containing protein
7.23444312585e-06	1	exported uslfatase
7.23444312585e-06	1	MULTISPECIES: DnaK suppressor protein
7.23444312585e-06	1	MULTISPECIES: Mitomycin resistance protein
7.23444312585e-06	1	MULTISPECIES: dynamin
7.23444312585e-06	1	MULTISPECIES: (2E,6E)-farnesyl- diphosphate-specific ditrans,polycis-undecaprenyl-diphosphate synthase
7.23444312585e-06	1	ATPase, P-type (Transporting), HAD superfamily,subfamily IC
7.23444312585e-06	1	phenazine biosynthesis protein PhzF family
7.23444312585e-06	1	vcbs
7.23444312585e-06	1	hydrogenase expression protein HypA
7.23444312585e-06	1	hydrogenase expression protein HypD
7.23444312585e-06	1	TlpA-like protein disulfide reductase
7.23444312585e-06	1	arginine--pyruvate aminotransferase
7.23444312585e-06	1	citrate:succinate antiporter
7.23444312585e-06	1	MULTISPECIES: pimeloyl-CoA dehydrogenase
7.23444312585e-06	1	RbcX protein
7.23444312585e-06	1	MULTISPECIES: DUF2138 domain-containing protein
7.23444312585e-06	1	FAD-monooxygenase, partial
7.23444312585e-06	1	peptidoglycan L-alanyl-D-glutamate endopeptidase, partial
7.23444312585e-06	1	cell wall-associated hydrolase (Invasion-associated proteins)
7.23444312585e-06	1	DNA polymerase III epsilon subunit
7.23444312585e-06	1	2-dehydro-3-deoxygalactonokinase superfamily
7.23444312585e-06	1	MULTISPECIES: transferase spermidine synthase
7.23444312585e-06	1	peptidoglycan-associated protein
7.23444312585e-06	1	fatty acid/sterol hydroxylase
7.23444312585e-06	1	xenobiotic compound monooxygenase A subunit
7.23444312585e-06	1	MULTISPECIES: replication initiation regulator SeqA
7.23444312585e-06	1	IS1595 family transposase ISBeba2
7.23444312585e-06	1	DNA endonuclease I-HmuI (HNH homing endonuclease I-HmuI)
7.23444312585e-06	1	MULTISPECIES: FAH family protein
7.23444312585e-06	1	conserved plasmid protein
7.23444312585e-06	1	MULTISPECIES: divergent PAP2 family protein
7.23444312585e-06	1	recombination protein ninG
7.23444312585e-06	1	IS3 family transposase ISAcl2
7.23444312585e-06	1	antitoxin ParD1
7.23444312585e-06	1	actin-related protein
7.23444312585e-06	1	TVP38/TMEM64 family membrane protein
7.23444312585e-06	1	peptidase S8 family protein
7.23444312585e-06	1	MULTISPECIES: lipid A biosynthesis palmitoleoyl acyltransferase
7.23444312585e-06	1	RtcB family protein, partial
7.23444312585e-06	1	8-amino-7-oxononanoate synthase protein
7.23444312585e-06	1	periplasmic chaperone for outer membrane protein SurA
7.23444312585e-06	1	portal protein, partial
7.23444312585e-06	1	prepilin peptidase-dependent pilin
7.23444312585e-06	1	DUF3972 domain-containing protein
7.23444312585e-06	1	L,D-transpeptidase catalytic domain
7.23444312585e-06	1	MULTISPECIES: histidine kinase-, DNA gyrase B-, and HSP90-like ATPase
7.23444312585e-06	1	acyl-CoA dehydrogenase, N-terminal domain protein
7.23444312585e-06	1	maltose transporter permease, partial
7.23444312585e-06	1	MULTISPECIES: bilirubin oxidase
7.23444312585e-06	1	drug/metabolite transporter permease
7.23444312585e-06	1	MULTISPECIES: DOPA 4,5-dioxygenase
7.23444312585e-06	1	serine O-acetyltransferase, partial
7.23444312585e-06	1	MULTISPECIES: thiolase subunit
7.23444312585e-06	1	gamma-Glu-GABA hydrolase
7.23444312585e-06	1	adenine-specific DNA modification methyltransferase
7.23444312585e-06	1	MULTISPECIES: vanillate monooxygenase
7.23444312585e-06	1	thiosulfohydrolase
7.23444312585e-06	1	DNA or RNA helicase
7.23444312585e-06	1	choline uptake protein BetT
7.23444312585e-06	1	WblT protein
7.23444312585e-06	1	type III restriction-modification system StyLTI enzyme res
7.23444312585e-06	1	MULTISPECIES: iron transporter FeoA
7.23444312585e-06	1	bifunctional acetylxylan esterase/xylanase, CBM4 module, glycoside hydrolase family 10 protein and carbohydrate esterase family 6 protein
7.23444312585e-06	1	IS1595 family transposase ISRama1
7.23444312585e-06	1	pyridine nucleotide transhydrogenase, partial
7.23444312585e-06	1	MULTISPECIES: ferredoxin--NAD(+) reductase
7.23444312585e-06	1	MULTISPECIES: trehalase
7.23444312585e-06	1	DUF3865 domain-containing protein
7.23444312585e-06	1	putative flagellin
7.23444312585e-06	1	MULTISPECIES: DUF4340 domain-containing protein
7.23444312585e-06	1	ribokinase/pfkB superfamily
7.23444312585e-06	1	MULTISPECIES: DUF2303 domain-containing protein
7.23444312585e-06	1	M23 peptidase domain-containing protein
7.23444312585e-06	1	DUF986 domain-containing protein
7.23444312585e-06	1	MULTISPECIES: nodulation protein NfeD
7.23444312585e-06	1	TlrC/CarA/OleB/SrmB family ABC-F type ribosomal protection protein
7.23444312585e-06	1	RlpA-like lipoprotein
7.23444312585e-06	1	propionyl-CoA carboxylase alpha chain
7.23444312585e-06	1	cell division protein, required for chromosome partitioning (FstK)
7.23444312585e-06	1	2-ketogluconate transporter
7.23444312585e-06	1	oxidoreductase ykvO
7.23444312585e-06	1	MULTISPECIES: ADP-ribose diphosphatase
7.23444312585e-06	1	cell well associated RhsD protein
7.23444312585e-06	1	Hmc complex, subunit B, 4Fe-4S-binding domain protein
7.23444312585e-06	1	multidrug efflux pump membrane protein
7.23444312585e-06	1	DNA double-strand break repair Rad50 ATPase
7.23444312585e-06	1	MULTISPECIES: L-lysine 6-transaminase
7.23444312585e-06	1	iron ABC transporter solute-binding protein
7.23444312585e-06	1	MULTISPECIES: DUF1496 domain-containing protein
7.23444312585e-06	1	thiol:disulfide interchange protein dsbD
7.23444312585e-06	1	MULTISPECIES: SOS response transcriptional regulator, RecA-mediated autopeptidase
7.23444312585e-06	1	sensor/regulatory protein
7.23444312585e-06	1	DUF943 domain-containing protein
7.23444312585e-06	1	deoxygluconate dehydrogenase
7.23444312585e-06	1	Tryptophanase 2
7.23444312585e-06	1	division/cell wall cluster transcriptional repressor MraZ, partial
7.23444312585e-06	1	YihA family ribosome biogenesis GTP-binding protein, partial
7.23444312585e-06	1	peptidases M48 Ste24p
7.23444312585e-06	1	transketolase central region
7.23444312585e-06	1	alkylhydroperoxidase AhpD core
7.23444312585e-06	1	salicylate synthase
7.23444312585e-06	1	MULTISPECIES: molybdopterin guanine dinucleotide biosynthesis protein MoaE
7.23444312585e-06	1	MULTISPECIES: phage collar / T7-like phage head-to-tail joining protein
7.23444312585e-06	1	FG-GAP repeat protein, partial
7.23444312585e-06	1	Oxidoreductase-like protein
7.23444312585e-06	1	DNA internalization competence protein comec/rec2
7.23444312585e-06	1	MULTISPECIES: putative D-methionine transport system permease protein MetI
7.23444312585e-06	1	DNA gyrase
7.23444312585e-06	1	MULTISPECIES: ferredoxin, partial
7.23444312585e-06	1	chemotactic transduction protein ChpE
7.23444312585e-06	1	IS630 family transposase ISMae25
7.23444312585e-06	1	MULTISPECIES: long polar fimbrial chaperone LpfB
7.23444312585e-06	1	Valyl-tRNA synthetase
7.23444312585e-06	1	protein TolB 2
7.23444312585e-06	1	branched-chain amino acid ABC transporter protein
7.23444312585e-06	1	aminoglycoside phosphotransferase APH(3'), partial
7.23444312585e-06	1	alpha/beta fold hydrolase
7.23444312585e-06	1	protein HsdR3
7.23444312585e-06	1	ethanolamine permease, partial
7.23444312585e-06	1	MobB
7.23444312585e-06	1	TIR-like PF08937 domain protein
7.23444312585e-06	1	MULTISPECIES: ISKra4 family transposase ISDesp4
7.23444312585e-06	1	type II mannose-6-phosphate isomerase
7.23444312585e-06	1	O-demethylpuromycin O-methyltransferase
7.23444312585e-06	1	Dienelactone hydrolase domain protein
7.23444312585e-06	1	phenicol efflux MFS transporter PexA
7.23444312585e-06	1	fructose-bisphosphate aldolase class I, partial
7.23444312585e-06	1	MULTISPECIES: deaminase/reductase
7.23444312585e-06	1	DUF2511 domain-containing protein
7.23444312585e-06	1	MULTISPECIES: SRPBCC superfamily protein
7.23444312585e-06	1	cytochrome c-type biogeneis protein CcmE, heme chaperone
7.23444312585e-06	1	phosphoenolpyruvate synthase PpsA
7.23444312585e-06	1	AroM protein
7.23444312585e-06	1	hydrogenase-2 small chain
7.23444312585e-06	1	secretin, partial
7.23444312585e-06	1	quinoprotein relay system zinc metallohydrolase 1
7.23444312585e-06	1	isoaspartyl dipeptidase with L-asparaginase activity
7.23444312585e-06	1	MULTISPECIES: secretion type II protein
7.23444312585e-06	1	D-amino acid dehydrogenase small subunit, partial
7.23444312585e-06	1	trimethoprim-resistant dihydrofolate reductase DfrA9
7.23444312585e-06	1	DNA-binding protein in cluster with Type I restriction-modification system
7.23444312585e-06	1	aminotransferase class IV family protein
7.23444312585e-06	1	pyochelin synthetase F
7.23444312585e-06	1	trap transporter solute receptor taxi family protein
7.23444312585e-06	1	MULTISPECIES: pilus assembly protein PilY
7.23444312585e-06	1	DUF558 domain-containing protein
7.23444312585e-06	1	MULTISPECIES: serine protease MucD
7.23444312585e-06	1	RNA polymerase sigma-70 factor, ECF subfamily
7.23444312585e-06	1	MULTISPECIES: glucose-6-phosphate dehydrogenase assembly protein OpcA
7.23444312585e-06	1	flagellar biosynthesis pathway protein FlhA
7.23444312585e-06	1	MULTISPECIES: IS5 family transposase ISAlw1
7.23444312585e-06	1	D-methionine transport system substrate-binding protein
7.23444312585e-06	1	cadherin domain secreted protein
7.23444312585e-06	1	quinoprotein alcohol dehydrogenase
7.23444312585e-06	1	peptidase S41 family protein
7.23444312585e-06	1	putative type IV pilus biosynthesis protein
7.23444312585e-06	1	sugar nucleotide epimerase
7.23444312585e-06	1	multidrug resistance transporter
7.23444312585e-06	1	nitrogenase iron-iron protein, alpha chain
7.23444312585e-06	1	aminotransferase AlaT
7.23444312585e-06	1	GtrA-like protein
7.23444312585e-06	1	acetyl CoA carboxylase subunit alpha
7.23444312585e-06	1	DNA-binding protein with HTH domain
7.23444312585e-06	1	blue light sensor protein, partial
7.23444312585e-06	1	Nuclease subunit of the excinuclease complex
7.23444312585e-06	1	replication initiation factor
7.23444312585e-06	1	glutamate ABC transporter
7.23444312585e-06	1	sporulation transcriptional regulator SpoIIID
7.23444312585e-06	1	protein umuC
7.23444312585e-06	1	polysaccharide chain length determinant
7.23444312585e-06	1	HisJ family histidinol phosphate phosphatase
7.23444312585e-06	1	transcriptional regulators containing an AAA-type ATPase domain and a DNA-binding domain
7.23444312585e-06	1	IS3 family transposase ISBlma4
7.23444312585e-06	1	acetyl-CoA decarbonylase/synthase complex subunit gamma
7.23444312585e-06	1	Lipoprotein-releasing system permease
7.23444312585e-06	1	ultraviolet light resistance protein RulB
7.23444312585e-06	1	xanthan biosynthesis glucuronosyltransferase GumH
7.23444312585e-06	1	putative dihydroorotate dehydrogenase(electron transfer subunit)
7.23444312585e-06	1	2-oxoglutarate oxidoreductase subunit KorB
7.23444312585e-06	1	TrgB like protein
7.23444312585e-06	1	prohead peptidase
7.23444312585e-06	1	S-D-lactoylglutathione methylglyoxal lyase
7.23444312585e-06	1	aerolysin
7.23444312585e-06	1	MULTISPECIES: nucleoside kinase
7.23444312585e-06	1	IS982 family transposase ISWpi16
7.23444312585e-06	1	class III aminotransferase, partial
7.23444312585e-06	1	response regulator receiver protein, partial
7.23444312585e-06	1	hemolysin BL-binding protein
7.23444312585e-06	1	MULTISPECIES: outer membrane assembly protein BamE
7.23444312585e-06	1	DUF2507 domain-containing protein
7.23444312585e-06	1	UDP-N-acetylglucosamine enolpyruvyl transferase
7.23444312585e-06	1	NADH:ubiquinone oxidoreductase subunit RnfA
7.23444312585e-06	1	acetolactate synthase 2 large subunit
7.23444312585e-06	1	DUF1805 domain-containing protein
7.23444312585e-06	1	IS21 family transposase ISGur8
7.23444312585e-06	1	M50 and CBS domains-containing protein
7.23444312585e-06	1	excinuclease ATPase subunit
7.23444312585e-06	1	DUF4287 domain-containing protein, partial
7.23444312585e-06	1	MULTISPECIES: ergosterol biosynthesis protein
7.23444312585e-06	1	DUF1549 domain-containing protein, partial
7.23444312585e-06	1	PIG-L family deacetylase, partial
7.23444312585e-06	1	MULTISPECIES: DNA mismatch repair protein MutH
7.23444312585e-06	1	SulP family sulfate permease
7.23444312585e-06	1	prohibitin family protein
7.23444312585e-06	1	MULTISPECIES: beta-fructosidase
7.23444312585e-06	1	MULTISPECIES: protease DegQ
7.23444312585e-06	1	MULTISPECIES: polyketide synthase PksM
7.23444312585e-06	1	MULTISPECIES: pyruvate-binding protein
7.23444312585e-06	1	type III restriction endonuclease EcoPI subunit R
7.23444312585e-06	1	MULTISPECIES: DEAD/DEAH family ATP-dependent RNA helicase
7.23444312585e-06	1	SPRY domain protein
7.23444312585e-06	1	GTP cyclohydrolase II/3,4-dihydroxy-2-butanone-4-phosphate synthase
7.23444312585e-06	1	putative cytochrome b
7.23444312585e-06	1	deoxyribonuclease IV, partial
7.23444312585e-06	1	transcription antiterminator
7.23444312585e-06	1	allantoinase AllB, partial
7.23444312585e-06	1	exoV domain protein
7.23444312585e-06	1	twitching motility protein PilJ, methyl-accepting chemotaxis protein
7.23444312585e-06	1	Mo-co oxidoreductase dimerization domain protein
7.23444312585e-06	1	sulfhydrogenase subunit delta
7.23444312585e-06	1	putative inner membrane protein
7.23444312585e-06	1	MULTISPECIES: bifunctional tRNA (adenosine(37)-C2)-methyltransferase TrmG/ribosomal RNA large subunit methyltransferase RlmN
7.23444312585e-06	1	MULTISPECIES: DUF1287 domain-containing protein
7.23444312585e-06	1	MULTISPECIES: sulfopyruvate decarboxylase subunit alpha
7.23444312585e-06	1	molybdate ABC transporter permease, partial
7.23444312585e-06	1	MULTISPECIES: TIGR03067 domain-containing protein
7.23444312585e-06	1	MULTISPECIES: DNA phosphorothioation-dependent restriction protein DptF
7.23444312585e-06	1	4-hydroxyphenylacetate permease
7.23444312585e-06	1	polynucleotide adenylyltransferase, partial
7.23444312585e-06	1	NADPH
7.23444312585e-06	1	MULTISPECIES: xanthine transporter
7.23444312585e-06	1	aconitate hydratase 2
7.23444312585e-06	1	cytochrome C-binding protein
7.23444312585e-06	1	MULTISPECIES: 6-bladed beta-propeller
7.23444312585e-06	1	putative transcription antitermination protein NusG
7.23444312585e-06	1	cytotoxin
7.23444312585e-06	1	exosortase A system-associated hydrolase 1
7.23444312585e-06	1	anthranilate/para-aminobenzoate synthase
7.23444312585e-06	1	MULTISPECIES: dGTP-pyrophosphohydrolase
7.23444312585e-06	1	Subtilisin-like serine protease
7.23444312585e-06	1	MULTISPECIES: IS5 family transposase ISEc61
7.23444312585e-06	1	thiamin pyrimidine pyrophosphate hydrolase
7.23444312585e-06	1	acyl-CoA reductase, partial
7.23444312585e-06	1	iron ABC transporter ATP-binding protein FetA
7.23444312585e-06	1	MULTISPECIES: SMR family small multidrug resistance efflux protein Smr
7.23444312585e-06	1	threonine 3-dehydrogenase
7.23444312585e-06	1	restriction alleviation Lar family protein
7.23444312585e-06	1	MULTISPECIES: ATP synthase
7.23444312585e-06	1	motility membrane protein
7.23444312585e-06	1	putative anti-sigma factor
7.23444312585e-06	1	ABC transporter fused ATPase/permease
7.23444312585e-06	1	MULTISPECIES: selenocysteinyl-tRNA-specific translation elongation factor SelB
7.23444312585e-06	1	hopanoid C-3 methylase HpnR, partial
7.23444312585e-06	1	receptor family ligand-binding region family protein 3
7.23444312585e-06	1	zinc carboxypeptidase, partial
7.23444312585e-06	1	2-hydroxy-6-oxononadienedioate/2-hydroxy-6-oxononatrienedioate hydrolase 1
7.23444312585e-06	1	protein lysB
7.23444312585e-06	1	EVE domain-containing protein, partial
7.23444312585e-06	1	PAS sensor-containing MCP-domain signal transduction protein
7.23444312585e-06	1	histidine utilization repressor, partial
7.23444312585e-06	1	d-alanyl-d-alaninecarboxypeptidase/ d-alanyl-d-alanine-endopeptidase
7.23444312585e-06	1	putative DEAD/DEAH box helicase
7.23444312585e-06	1	D-tyrosyl-tRNA deacylase
7.23444312585e-06	1	MULTISPECIES: heme transporter
7.23444312585e-06	1	NAD(+) synthase, partial
7.23444312585e-06	1	IS3 family transposase ISNoc1
7.23444312585e-06	1	MoxR-like ATPase
7.23444312585e-06	1	MULTISPECIES: IS4 family transposase ISPosp1
7.23444312585e-06	1	phage shock protein A PspA
7.23444312585e-06	1	MULTISPECIES: McnC protein
7.23444312585e-06	1	MULTISPECIES: four-helix bundle copper-binding protein
7.23444312585e-06	1	MobA/MobL protein
7.23444312585e-06	1	DUF330 domain-containing protein
7.23444312585e-06	1	MULTISPECIES: glycogen
7.23444312585e-06	1	polyisoprenoid-binding protein, partial
7.23444312585e-06	1	secretion system X pseudopilin PulG-like protein
7.23444312585e-06	1	tryptophan 2-monooxygenase oxidoreductase
7.23444312585e-06	1	vicibactin biosynthesis non-ribosomal peptide synthase
7.23444312585e-06	1	IS5 family transposase ISRsp5
7.23444312585e-06	1	helicase-like protein, partial
7.23444312585e-06	1	MULTISPECIES: DUF2637 domain-containing protein
7.23444312585e-06	1	MULTISPECIES: chromosomal replication initiator DnaA
7.23444312585e-06	1	glutathione transferase GstA, partial
7.23444312585e-06	1	type IV pilus-associated protein
7.23444312585e-06	1	MULTISPECIES: restriction endonuclease EcoAI subunit S
7.23444312585e-06	1	fatty acid hydroxylase family protein
7.23444312585e-06	1	family menaquinone biosynthesis decarboxylase
7.23444312585e-06	1	MULTISPECIES: UDP-Glc--alpha-D-GlcNAc-diphosphoundecaprenol beta-1,3-glucosyltransferase WfgD
7.23444312585e-06	1	response regulator receiver/GGDEF/EAL domain-containing protein
7.23444312585e-06	1	ornithine cyclodeaminase, partial
7.23444312585e-06	1	MULTISPECIES: 3-methyl-2-oxobutanoate dehydrogenase
7.23444312585e-06	1	CDP-abequose synthase
7.23444312585e-06	1	MULTISPECIES: serine phosphatase
7.23444312585e-06	1	TonB family domain-containing protein
7.23444312585e-06	1	type 4 fimbrial assembly protein pilC, partial
7.23444312585e-06	1	fructose-1-phosphate kinase/fructose-6-phosphate kinase
7.23444312585e-06	1	RNA polymerase, sigma 28 subunit, FliA/WhiG subfamily
7.23444312585e-06	1	Superfamily II DNA/RNA helicase
7.23444312585e-06	1	Double zinc ribbon
7.23444312585e-06	1	ATPase AAA-5 domain protein
7.23444312585e-06	1	MULTISPECIES: sigma-24 (FecI)
7.23444312585e-06	1	Ubiquinol-cytochrome c reductase cytochrome b subunit PetD
7.23444312585e-06	1	Superfamily I DNA and RNA helicase and helicase subunits-like protein
7.23444312585e-06	1	MULTISPECIES: ion channel protein
7.23444312585e-06	1	fused NADH-quinone oxidoreductase subunit E/endonuclease
7.23444312585e-06	1	ABC-type nitrate/sulfonate/bicarbonate transport systems periplasmic components-like protein
7.23444312585e-06	1	Peptidoglycan-binding lysin domain-containing protein
7.23444312585e-06	1	trka-c domain-containing protein
7.23444312585e-06	1	class D beta-lactamase, partial
7.23444312585e-06	1	tail fiber protein (GpH)
7.23444312585e-06	1	MULTISPECIES: ANT(3'')-Ia family aminoglycoside nucleotidyltransferase AadA22
7.23444312585e-06	1	MULTISPECIES: pyridoxamine 5'-phosphate oxidase-like protein
7.23444312585e-06	1	MULTISPECIES: DUF3172 domain-containing protein
7.23444312585e-06	1	ATP-depentend DNA helicase
7.23444312585e-06	1	NolM protein
7.23444312585e-06	1	23S rRNA (uracil(747)-C(5))-methyltransferase RlmC
7.23444312585e-06	1	serine O-acetyltransferase family protein
7.23444312585e-06	1	putative phosphoglucomutase/phosphomannomutase
7.23444312585e-06	1	restriction modification system subunit S
7.23444312585e-06	1	S26 family signal peptidase, partial
7.23444312585e-06	1	D-alanine--D-alanine ligase Ddl
7.23444312585e-06	1	IS3 family transposase ISBmu5
7.23444312585e-06	1	IS3 family transposase ISD1
7.23444312585e-06	1	acyl-CoA thioester hydrolase/bile acid-CoA acetyltransferase
7.23444312585e-06	1	MULTISPECIES: phosphate transporter
7.23444312585e-06	1	TraE Conjugative transfer protein, DNA topoisomerase
7.23444312585e-06	1	MULTISPECIES: BioY protein
7.23444312585e-06	1	UvrD/REP helicase domain protein
7.23444312585e-06	1	glucose/ribitol dehydrogenase
7.23444312585e-06	1	IS1182 family transposase ISBrsp9
7.23444312585e-06	1	putative 5-methylcytosine-specific restriction enzyme B
7.23444312585e-06	1	muramoyltetrapeptide carboxypeptidase, partial
7.23444312585e-06	1	MULTISPECIES: F0F1-ATPase subunit
7.23444312585e-06	1	IS3 family transposase ISSpr1
7.23444312585e-06	1	IS1595 family transposase ISCARN83
7.23444312585e-06	1	type I restriction-modification system methyltransferase subunit-like protein
7.23444312585e-06	1	MULTISPECIES: IS66 family transposase ISThsp3
7.23444312585e-06	1	MULTISPECIES: exopolysaccharide phosphotransferase
7.23444312585e-06	1	putative Hydrogen peroxide-inducible genes activator OxyR
7.23444312585e-06	1	DUF3989 domain-containing protein
7.23444312585e-06	1	PAS:GGDEF protein
7.23444312585e-06	1	MULTISPECIES: ATP synthase subunit b 2
7.23444312585e-06	1	IS1182 family transposase ISAde2
7.23444312585e-06	1	2-aminobenzoyl-CoA monooxygenase/reductase AbmA
7.23444312585e-06	1	copine-1
7.23444312585e-06	1	arabinose transporter
7.23444312585e-06	1	D-ribose-binding periplasmic protein
7.23444312585e-06	1	cyclic nucleotide-regulated FAD-dependent pyridine nucleotide-disulphide oxidoreductase
7.23444312585e-06	1	leucine--tRNA ligase subunit alpha
7.23444312585e-06	1	ABC-type tungstate transport system, periplasmic binding protein
7.23444312585e-06	1	protein FolC
7.23444312585e-06	1	sulfate transporter CysA
7.23444312585e-06	1	cold-shock DNA-binding protein family protein
7.23444312585e-06	1	DUF3881 domain-containing protein
7.23444312585e-06	1	YchF family ATPase
7.23444312585e-06	1	sulfate ABC transporter permease subunit
7.23444312585e-06	1	DUF2069 domain-containing protein, partial
7.23444312585e-06	1	type II secretory pathway, component PulM
7.23444312585e-06	1	type II secretory pathway, component PulL
7.23444312585e-06	1	complex two-component hybrid sensor protein
7.23444312585e-06	1	DUF4085 domain-containing protein
7.23444312585e-06	1	cobalt chelatase subunit CobT
7.23444312585e-06	1	translation repressor RelE/RelB/StbE
7.23444312585e-06	1	DNA polymerase III delta subunit
7.23444312585e-06	1	IS66 family transposase ISSwo2
7.23444312585e-06	1	iron permease FTR1 family protein
7.23444312585e-06	1	D-alanine--poly(phosphoribitol) ligase subunit 1
7.23444312585e-06	1	IS1182 family transposase ISRpa10
7.23444312585e-06	1	surface saccharide synthesis protein
7.23444312585e-06	1	Peptidase family S41
7.23444312585e-06	1	MULTISPECIES: DUF151 domain-containing protein
7.23444312585e-06	1	16S rRNA (guanine(1207)-N(2))-methyltransferase
7.23444312585e-06	1	cytochrome C nitrite reductase
7.23444312585e-06	1	putative Holliday junction DNA helicase RuvA
7.23444312585e-06	1	SNF2 helicase associated domain protein
7.23444312585e-06	1	ring-oxidation complex protein 1 in the phenylacetic acid catabolism pathway
7.23444312585e-06	1	MULTISPECIES: stage IV sporulation protein A
7.23444312585e-06	1	bifunctional ornithine acetyltransferase/N-acetylglutamate synthase, partial
7.23444312585e-06	1	putative PAS/PAC sensor histidine kinase
7.23444312585e-06	1	glycosyltransferase GT2 family
7.23444312585e-06	1	p3 protein
7.23444312585e-06	1	MULTISPECIES: serine recombinase
7.23444312585e-06	1	UDP-2-acetamido-2,6-dideoxy-hexulose 4-reductase
7.23444312585e-06	1	Pyridoxal-5'-phosphate-dependent protein beta subunit
7.23444312585e-06	1	phospholipid-binding domain-containing protein
7.23444312585e-06	1	beta-propeller domain-containing protein
7.23444312585e-06	1	GPW / gp25 family protein
7.23444312585e-06	1	3-oxoadipate--succinyl-CoA transferase subunit B, partial
7.23444312585e-06	1	heat-shock protein IbpB
7.23444312585e-06	1	FhaB protein
7.23444312585e-06	1	3-methylpurine-DNA glycosylase
7.23444312585e-06	1	RseC/MucC family positive regulator of sigma(E)
7.23444312585e-06	1	adhesion protein
7.23444312585e-06	1	glycosyl transferase 2 family protein, partial
7.23444312585e-06	1	MULTISPECIES: superfamily II DNA/RNA helicase, SNF2 family protein
7.23444312585e-06	1	DIM6/NTAB family protein
7.23444312585e-06	1	K(+)-transporting ATPase subunit B, partial
7.23444312585e-06	1	POTRA domain, FtsQ-type family protein
7.23444312585e-06	1	mercury transporter MerT
7.23444312585e-06	1	ATP synthase subunit AtpI
7.23444312585e-06	1	glycosyltransferase family group 2
7.23444312585e-06	1	MULTISPECIES: cysteine-rich domain protein
7.23444312585e-06	1	intercellular adhesion protein A
7.23444312585e-06	1	DUF2600 domain-containing protein
7.23444312585e-06	1	pyruvate/2-oxoglutarate dehydrogenase complex, dihydrolipoamide dehydrogenase (e3) component
7.23444312585e-06	1	Kef-type potassium/proton antiporter
7.23444312585e-06	1	putative phage DNA packaging protein
7.23444312585e-06	1	lantibiotic transport ATP-binding protein
7.23444312585e-06	1	MULTISPECIES: exosortase F system-associated protein
7.23444312585e-06	1	glycosyl transferase group 3
7.23444312585e-06	1	cAMP-binding and CBS domain-containing signal-transduction protein
7.23444312585e-06	1	p-aminobenzoate synthetase component I
7.23444312585e-06	1	ISNCY family transposase ISRle10
7.23444312585e-06	1	3-oxoadipate enol-lactone hydrolase
7.23444312585e-06	1	sigma-fimbriae chaperone protein
7.23444312585e-06	1	LPS-assembly family protein
7.23444312585e-06	1	monovalent cation:H+ antiporter, CPA1 family
7.23444312585e-06	1	plasmid stability protein stbC
7.23444312585e-06	1	Glycoside hydrolase 97
7.23444312585e-06	1	protein kleA
7.23444312585e-06	1	uracil permease, partial
7.23444312585e-06	1	HscA chaperone
7.23444312585e-06	1	DUF2178 domain-containing protein
7.23444312585e-06	1	MULTISPECIES: DUF2239 domain-containing protein
7.23444312585e-06	1	cell filamentation protein Fic, partial
7.23444312585e-06	1	OmpA/MotB family outer membrane protein
7.23444312585e-06	1	SprT-like family
7.23444312585e-06	1	sigma-54 interacting domain-containing protein
7.23444312585e-06	1	Menaquinone via futalosine step 4
7.23444312585e-06	1	recombinase RecD, partial
7.23444312585e-06	1	eco57I restriction-modification methylase family protein
7.23444312585e-06	1	type I secretion system
7.23444312585e-06	1	MULTISPECIES: DUF2917 domain-containing protein
7.23444312585e-06	1	MULTISPECIES: photosystem II S4 domain protein
7.23444312585e-06	1	galactoside permease ABC transporter subunit
7.23444312585e-06	1	FumJ
7.23444312585e-06	1	Primosomal replication priB and priC
7.23444312585e-06	1	peptidase S10, partial
7.23444312585e-06	1	mismatch repair protein
7.23444312585e-06	1	acetylgalactosaminyl-diphospho-UDP glucuronosyltransferase
7.23444312585e-06	1	DUF2254 domain-containing protein, partial
7.23444312585e-06	1	branched-chain amino acid transport protein AzlC
7.23444312585e-06	1	two-component system sensor histidine kinase EnvZ, partial
7.23444312585e-06	1	50S ribosomal protein L7ae
7.23444312585e-06	1	stage II sporulation protein D-like
7.23444312585e-06	1	acetyltransferase (Isoleucine patch superfamily)
7.23444312585e-06	1	type-1 fimbrial protein, FimA
7.23444312585e-06	1	tetrameric acyl-CoA thioesterase
7.23444312585e-06	1	MULTISPECIES: sulfatase family protein
7.23444312585e-06	1	VacJ-like protein
7.23444312585e-06	1	PAP2 family lipid A phosphatase
7.23444312585e-06	1	cytochrome ubiquinol oxidase subunit II, partial
7.23444312585e-06	1	benzoate 1,2-dioxygenase subunit beta
7.23444312585e-06	1	MULTISPECIES: pyrophosphorylase
7.23444312585e-06	1	multidrug transporter EmrD
7.23444312585e-06	1	spermidine/putrescine ABC transporter ATPase
7.23444312585e-06	1	NAD-specific glutamate dehydrogenase large form
7.23444312585e-06	1	lactate transporter
7.23444312585e-06	1	putative Serine protease transporter B family protein tagB
7.23444312585e-06	1	MULTISPECIES: poly-beta-1,6-N-acetyl-D-glucosamine N-deacetylase
7.23444312585e-06	1	lipid A core-O-antigen ligase-like enzyme
7.23444312585e-06	1	disulfide bond formation protein DsbB
7.23444312585e-06	1	riboflavin biosynthesis protein RibF (riboflavin kinase)
7.23444312585e-06	1	Putative 5'(3')-deoxyribonucleotidase
7.23444312585e-06	1	unsaturated rhamnogalacturonyl hydrolase
7.23444312585e-06	1	NOL1/NOP2/sun family RNA methylase
7.23444312585e-06	1	syringomycin biosynthesis enzyme
7.23444312585e-06	1	peptidoglycan-N-acetylglucosamine deacetylase
7.23444312585e-06	1	succinate-semialdehyde dehydrogenase (NADP+)
7.23444312585e-06	1	D-3-phosphoglycerate dehydrogenase SerA-like protein
7.23444312585e-06	1	motility protein B
7.23444312585e-06	1	small multidrug resistance protein
7.23444312585e-06	1	periplasmic carboxyl-terminal processing protease CtpA
7.23444312585e-06	1	acetyltransferase (isoleucine patch superfamily)-like protein
7.23444312585e-06	1	iron hydroxamate ABC transporter periplasmic protein
7.23444312585e-06	1	mercuric reductase (Hg(II) reductase)
7.23444312585e-06	1	MULTISPECIES: O-antigen export system ATP-binding protein RfbB
7.23444312585e-06	1	Sulfopyruvate decarboxylase subunit alpha
7.23444312585e-06	1	esterase lipoprotein
7.23444312585e-06	1	NADH:flavin oxidoreductase/NADH oxidase, partial
7.23444312585e-06	1	MULTISPECIES: manganese-dependent inorganic pyrophosphatase
7.23444312585e-06	1	putative AMP-dependent synthetase ligase like protein (fragment)
7.23444312585e-06	1	MULTISPECIES: adhesin autotransporter YdeU
7.23444312585e-06	1	MULTISPECIES: type I secretion system outer membrane protein
7.23444312585e-06	1	regulatory protein AmpE
7.23444312585e-06	1	surface presentation of antigens family protein
7.23444312585e-06	1	pleiotropic regulatory protein DegT
7.23444312585e-06	1	Toluene-4-monooxygenase subunit B
7.23444312585e-06	1	N(2)-fixation sustaining protein CowN
7.23444312585e-06	1	CalS11
7.23444312585e-06	1	hyperpolarization-activated, cyclic nucleotide-gated K+
7.23444312585e-06	1	Phosphoribosylaminoimidazole carboxylase protein
7.23444312585e-06	1	protein PsiE
7.23444312585e-06	1	putative penicillin-binding protein pbpC/mrcB-like
7.23444312585e-06	1	multidrug resistance protein, SMR family
7.23444312585e-06	1	doxx family protein
7.23444312585e-06	1	microcin-H47 secretion/processing ATP-binding protein
7.23444312585e-06	1	LPS heptosyltransferase I
7.23444312585e-06	1	Retroviral aspartyl protease
7.23444312585e-06	1	IS5 family transposase ISNha8
7.23444312585e-06	1	MULTISPECIES: deoxyribonuclease I
7.23444312585e-06	1	Diguanylate cyclase/phosphodiesterase with PAS/PAC and GAF sensor(S)
7.23444312585e-06	1	MULTISPECIES: TIGR01458 family HAD-type hydrolase
7.23444312585e-06	1	O-antigen biosynthesis protein, partial
7.23444312585e-06	1	MULTISPECIES: protein prkA
7.23444312585e-06	1	2-C-methyl-D-erythritol 4-phosphate cytidylyltransferase, partial
7.23444312585e-06	1	protein ElaB
7.23444312585e-06	1	MULTISPECIES: DUF4157 domain-containing protein
7.23444312585e-06	1	High potential iron-sulfur protein (HiPIP)
7.23444312585e-06	1	acid phosphatase AphA
7.23444312585e-06	1	ATPase with chaperone activity,associated with Flp pilus assembly
7.23444312585e-06	1	nodulation protein NoeL
7.23444312585e-06	1	hemolysin-type calcium-binding repeat family protein 3, partial
7.23444312585e-06	1	ActC family protein
7.23444312585e-06	1	TctB protein
7.23444312585e-06	1	Mg(2+) chelatase
7.23444312585e-06	1	D site-binding protein
7.23444312585e-06	1	DUF4176 domain-containing protein
7.23444312585e-06	1	flagellar biosynthetic protein fliR/B
7.23444312585e-06	1	Flp pilus-assembly protein
7.23444312585e-06	1	capsid protein GPC of phage lambda
7.23444312585e-06	1	MULTISPECIES: dUTP diphosphatase
7.23444312585e-06	1	gamma-glutamyltransferase 2
7.23444312585e-06	1	osmolarity sensor protein EnvZ
7.23444312585e-06	1	excinuclease ABC, C subunit
7.23444312585e-06	1	isopenicillin synthase
7.23444312585e-06	1	ABC-type xylose transport system, permease component
7.23444312585e-06	1	NADH-quinone oxidoreductase subunit
7.23444312585e-06	1	heme A synthase cytochrome oxidase biogenesis protein CtaA1
7.23444312585e-06	1	MULTISPECIES: type IV pilus biogenesis protein, partial
7.23444312585e-06	1	apolipoprotein A1/A4/E domain-containing protein
7.23444312585e-06	1	HMW2B, OMP-85 required for HMW1A and HMW2A secretion
7.23444312585e-06	1	usg protein
7.23444312585e-06	1	esterase, putative
7.23444312585e-06	1	MULTISPECIES: DUF2335 domain-containing protein
7.23444312585e-06	1	MULTISPECIES: PhoU family transcriptional regulator
7.23444312585e-06	1	MULTISPECIES: DUF3539 domain-containing protein
7.23444312585e-06	1	MULTISPECIES: DMT transporter permease
7.23444312585e-06	1	DnaQ exonuclease/DinG helicase family protein
7.23444312585e-06	1	NDP-hexose methyltransferase
7.23444312585e-06	1	cytochrome c6 (soluble cytochrome f) (cytochrome c553)
7.23444312585e-06	1	di- and tripeptidase
7.23444312585e-06	1	YbbR-like domain-containing protein
7.23444312585e-06	1	immunoglobulin I-set domain/fibronectin type III domain-containing protein
7.23444312585e-06	1	ImcF domain-containing protein
7.23444312585e-06	1	MULTISPECIES: XamI family restriction endonuclease
7.23444312585e-06	1	ppic-type ppiase
7.23444312585e-06	1	MULTISPECIES: MFS transporter AraJ
7.23444312585e-06	1	L-threonylcarbamoyladenylate synthase TsaC
7.23444312585e-06	1	2-oxoisovalerate dehydrogenase subunit beta protein
7.23444312585e-06	1	glutaredoxin 3, partial
7.23444312585e-06	1	acyl CoA--acetate/3-ketoacid CoA transferase subunit beta
7.23444312585e-06	1	Mu-like prophage major head subunit gpT
7.23444312585e-06	1	MULTISPECIES: 30S ribosomal protein S12 methylthiotransferase accessory factor YcaO
7.23444312585e-06	1	protein of unknown function (DUF303)
7.23444312585e-06	1	5-bromo-4-chloroindolyl phosphate hydrolase
7.23444312585e-06	1	ubiquinol cytochrome C oxidoreductase, cytochrome C1 subunit
7.23444312585e-06	1	monovalent cation/H+ antiporter subunit C
7.23444312585e-06	1	DNA-directed DNA polymerase gamma/tau subunit
7.23444312585e-06	1	MULTISPECIES: O-antigen export system ATP-binding protein rfbE
7.23444312585e-06	1	MULTISPECIES: copper ABC transporter substrate-binding protein
7.23444312585e-06	1	diguanylate cyclase with TPR repeats
7.23444312585e-06	1	DacB
7.23444312585e-06	1	type III effector Hrp-dependent protein
7.23444312585e-06	1	OAH/OAS sulfhydrylase
7.23444312585e-06	1	HesB/YadR/YfhF
7.23444312585e-06	1	NAD-dependent epimerase/dehydratase L-threonine dehydrogenase
7.23444312585e-06	1	adenine permease
7.23444312585e-06	1	DUF2442 domain-containing protein, partial
7.23444312585e-06	1	RepB protein
7.23444312585e-06	1	MULTISPECIES: sodium/calcium exchanger family protein
7.23444312585e-06	1	MULTISPECIES: beta 1,4 glucosyltransferase
7.23444312585e-06	1	MULTISPECIES: isoprenyl synthetase
7.23444312585e-06	1	cobalamin receptor, partial
7.23444312585e-06	1	formate/nitrite transporter family protein
7.23444312585e-06	1	cytochrome C nitrate reductase
7.23444312585e-06	1	transcriptional regulator marR family protein
7.23444312585e-06	1	MULTISPECIES: signal peptidase
7.23444312585e-06	1	MULTISPECIES: ATP/ADP translocase
7.23444312585e-06	1	DUF454 domain-containing protein, partial
7.23444312585e-06	1	5-nitroimidazole antibiotic resistance protein
7.23444312585e-06	1	adenine DNA methyltransferase
7.23444312585e-06	1	type II secretion protein, partial
7.23444312585e-06	1	protease domain-containing protein
7.23444312585e-06	1	carbon-monoxide dehydrogenase catalytic subunit, partial
7.23444312585e-06	1	Glycosyl transferase, family 4, conserved region
7.23444312585e-06	1	antiterminator
7.23444312585e-06	1	MULTISPECIES: DUF3392 domain-containing protein
7.23444312585e-06	1	tRNA (pseudouridine(54)-N(1))-methyltransferase TrmY
7.23444312585e-06	1	phospholipid-binding domain protein
7.23444312585e-06	1	Type IV fimbrial biogenesis protein FimT
7.23444312585e-06	1	MULTISPECIES: deoxynucleotide monophosphate kinase
7.23444312585e-06	1	UDP-phosphate N-acetylglucosaminyl-1-phosphate transferase
7.23444312585e-06	1	cell division protein FtsQ, partial
7.23444312585e-06	1	DUF2868 domain-containing protein, partial
7.23444312585e-06	1	methyl-accepting chemotaxis sensory transducer with Pas/Pac sensor
7.23444312585e-06	1	cytochrome B558 subunit A, partial
7.23444312585e-06	1	DUF29 domain-containing protein, partial
7.23444312585e-06	1	Peptidase C13, legumain asparaginyl peptidase
7.23444312585e-06	1	Serine/threonine protein kinase PrkC, regulator of stationary phase
7.23444312585e-06	1	MULTISPECIES: type III restriction-modification system, res subunit
7.23444312585e-06	1	MULTISPECIES: IS21 family transposase ISCARN16
7.23444312585e-06	1	DNA helicase/exodeoxyribonuclease V subunit A
7.23444312585e-06	1	L-fuculose 1-phosphate aldolase
7.23444312585e-06	1	putative penicillin binding protein
7.23444312585e-06	1	alkaline serine exoprotease A
7.23444312585e-06	1	Trifunctional NAD biosynthesis/regulator protein NadR
7.23444312585e-06	1	MULTISPECIES: iron-dependent peroxidase
7.23444312585e-06	1	selenobiotic family peptide radical SAM maturase
7.23444312585e-06	1	MULTISPECIES: O-antigen synthesis protein WbyH
7.23444312585e-06	1	CRISPR-associated fruiting body developmental protein R
7.23444312585e-06	1	MULTISPECIES: leucine efflux protein
7.23444312585e-06	1	nickel/dipeptide/oligopeptide ABC transporter substrate-binding protein
7.23444312585e-06	1	MULTISPECIES: IS982 family transposase IS1187
7.23444312585e-06	1	Uptake hydrogenase small subunit precursor
7.23444312585e-06	1	PrkA protein
7.23444312585e-06	1	transporter MotA/TolQ/ExbB proton channel family protein, partial
7.23444312585e-06	1	PAS modulated sigma-54 specific transcriptional regulator, Fis family
7.23444312585e-06	1	flavin-dependent monooxygenase reductase subunit
7.23444312585e-06	1	cytochrome P450 oxidoreductase
7.23444312585e-06	1	trimethoprim-resistant dihydrofolate reductase DfrA22
7.23444312585e-06	1	MULTISPECIES: bifunctional protein-disulfide isomerase/oxidoreductase DsbC
7.23444312585e-06	1	MULTISPECIES: pyrimidine transporter
7.23444312585e-06	1	CRISPR-associated protein Cas1, partial
7.23444312585e-06	1	MULTISPECIES: alkyl hydroperoxide reductase AhpD
7.23444312585e-06	1	MULTISPECIES: PTS sugar transporter subunit IIB
7.23444312585e-06	1	melibiose operon regulatory protein
7.23444312585e-06	1	UvrD/REP helicase, partial
7.23444312585e-06	1	PI-PLC X phosphodiestherase-like domain protein
7.23444312585e-06	1	SmtA protein
7.23444312585e-06	1	homing endonuclease, partial
7.23444312585e-06	1	putative O-succinylbenzoate-CoA ligase
7.23444312585e-06	1	PbsX family transcriptional regulator, partial
7.23444312585e-06	1	pyridoxal-dependent decarboxylase, pyridoxal-binding domain protein
7.23444312585e-06	1	diiron oxygenase
7.23444312585e-06	1	protein of unknown function DUF28
7.23444312585e-06	1	non-homologous end joining protein Ku
7.23444312585e-06	1	IS21 family transposase ISMdi27
7.23444312585e-06	1	MULTISPECIES: pilus assembly protein CpaC
7.23444312585e-06	1	MULTISPECIES: pilus assembly protein CpaD
7.23444312585e-06	1	phosphoenolpyruvate mutase, partial
7.23444312585e-06	1	9CYAN WD-repeat protein
7.23444312585e-06	1	WbqC family protein
7.23444312585e-06	1	membrane-associated lipoprotein
7.23444312585e-06	1	family 5 glycoside hydrolase
7.23444312585e-06	1	putative 4-hydroxybutyrate-CoA transferase/hydrolase
7.23444312585e-06	1	Predicted alternative thymidylate synthase
7.23444312585e-06	1	Non-homologous end joining protein Ku 2
7.23444312585e-06	1	membrane-bound aldehyde dehydrogenase (pyrroloquinoline-quinone-linked)
7.23444312585e-06	1	tRNA (adenine37-N(6))-methyltransferase TrmN6
7.23444312585e-06	1	MULTISPECIES: cytochrome c551/c552
7.23444312585e-06	1	chromosome segregation ATPase, partial
7.23444312585e-06	1	fructose-bisphosphatase class I, partial
7.23444312585e-06	1	Serine protease precursor
7.23444312585e-06	1	HPr serine kinase domain-containing protein
7.23444312585e-06	1	MULTISPECIES: DUF2808 domain-containing protein
7.23444312585e-06	1	small permease of tripartite tricarboxylate transporter
7.23444312585e-06	1	carbamoyltransferase of the NodU family
7.23444312585e-06	1	type IIG restriction modification system restriction enzyme/N6-adenine DNA methyltransferase
7.23444312585e-06	1	protein of unknown function DUF927
7.23444312585e-06	1	DUF1667 domain-containing protein
7.23444312585e-06	1	MULTISPECIES: sulfurtransferase TusC
7.23444312585e-06	1	N-acetylmuramoyl-L-alanine amidase-like protein
7.23444312585e-06	1	polysaccharide biosynthesis protein GumK
7.23444312585e-06	1	RTX-I toxin determinant B
7.23444312585e-06	1	endo-1,3-1,4-beta-glycanase
7.23444312585e-06	1	bicarbonate-binding protein CmpA
7.23444312585e-06	1	malonate carrier protein
7.23444312585e-06	1	gluconate 2-dehydrogenase cytochrome c subunit precursor
7.23444312585e-06	1	MULTISPECIES: uracil-DNA glycosylase superfamily protein
7.23444312585e-06	1	biotin carboxylase, partial
7.23444312585e-06	1	2-nonaprenyl-3-methyl-6-methoxy-1,4-benzoquinol hydroxylase Coq
7.23444312585e-06	1	MULTISPECIES: periplasmic protein
7.23444312585e-06	1	MULTISPECIES: chemotaxis protein CheZ
7.23444312585e-06	1	ATPase delta subunit (H+-transporting two-sector ATPase)
7.23444312585e-06	1	pyocin/colicin protein
7.23444312585e-06	1	glutamate-ammonia-ligase adenylyltransferase
7.23444312585e-06	1	MULTISPECIES: putative bicarbonate transporter, IctB family
7.23444312585e-06	1	sporulation protein YqfD
7.23444312585e-06	1	putative kinase
7.23444312585e-06	1	cNMP-binding protein
7.23444312585e-06	1	DUF4458 domain-containing protein
7.23444312585e-06	1	L-galactose dehydrogenase
7.23444312585e-06	1	MULTISPECIES: flavocytochrome c
7.23444312585e-06	1	sorbose dehydrogenase
7.23444312585e-06	1	phage capsid scaffolding protein
7.23444312585e-06	1	MULTISPECIES: exo-poly-alpha-D-galacturonosidase
7.23444312585e-06	1	MULTISPECIES: methionine sulfoxide reductase
7.23444312585e-06	1	chromate transporter chrA
7.23444312585e-06	1	MULTISPECIES: protein GbcA
7.23444312585e-06	1	MULTISPECIES: Sterol carrier domain
7.23444312585e-06	1	MULTISPECIES: cardiolipin synthetase
7.23444312585e-06	1	putative capsular polysaccharide biosynthesis protein
7.23444312585e-06	1	BNR repeat protein, partial
7.23444312585e-06	1	PTS fructose subfamily, IIC subunit
7.23444312585e-06	1	essential cell division protein (stabilizes FtsZ ring)
7.23444312585e-06	1	secreted protein containing Peptidase S15 domain protein
7.23444312585e-06	1	MULTISPECIES: bicarbonate transport ATP-binding protein CmpD
7.23444312585e-06	1	alpha-subunit of protocatechuate 4,5-dioxygenase
7.23444312585e-06	1	IS1595 family transposase ISRpa1
7.23444312585e-06	1	MULTISPECIES: SDS hydrolase SdsA1
7.23444312585e-06	1	Crp/Fnr family transcription regulator
7.23444312585e-06	1	DUF5012 domain-containing protein
7.23444312585e-06	1	Heme NO-binding domain protein
7.23444312585e-06	1	type IV pilus biogenesis protein PilC
7.23444312585e-06	1	carbohydrate binding family protein
7.23444312585e-06	1	type IV pilus biogenesis protein PilE
7.23444312585e-06	1	b-glycosyltransferase-related protein
7.23444312585e-06	1	diguanylate cyclase with PAS/PAC and GAF sensors
7.23444312585e-06	1	X-Pro aminopeptidase, partial
7.23444312585e-06	1	MULTISPECIES: protein involved in tRNA-dihydrouridine synthesis
7.23444312585e-06	1	xylanase deacetylase
7.23444312585e-06	1	IS1595 family transposase ISMko1
7.23444312585e-06	1	Osmosensitive K channel His kinase sensor
7.23444312585e-06	1	hemophore-related protein
7.23444312585e-06	1	flagellar L-ring protein precursor
7.23444312585e-06	1	IS1595 family transposase ISAsp24
7.23444312585e-06	1	molybdenum-pterin-binding protein MopA
7.23444312585e-06	1	MULTISPECIES: DUF1851 domain-containing protein
7.23444312585e-06	1	MULTISPECIES: DUF2492 domain-containing protein
7.23444312585e-06	1	two-component system histidine kinase
7.23444312585e-06	1	excinuclease ABC, subunit C protein
7.23444312585e-06	1	MULTISPECIES: Na+/H+ antiporter NhaC
7.23444312585e-06	1	rha family phage regulatory protein
7.23444312585e-06	1	DUF2971 domain-containing protein, partial
7.23444312585e-06	1	neamine aminotransferase BtrB
7.23444312585e-06	1	hemerythrin HHE cation binding domain-containing protein
7.23444312585e-06	1	MULTISPECIES: flagellar biosynthesis regulator FlbT
7.23444312585e-06	1	MULTISPECIES: thioredoxin peroxidase
7.23444312585e-06	1	abi family protein
7.23444312585e-06	1	MULTISPECIES: Amino acid-
7.23444312585e-06	1	Arginine decarboxylase / Lysine decarboxylase
7.23444312585e-06	1	temperature sensitive supressor-like protein
7.23444312585e-06	1	astB/chuR-related protein
7.23444312585e-06	1	cupredoxin
7.23444312585e-06	1	site-specific recombinase, phage integrase family protein
7.23444312585e-06	1	TIGR00299 family protein, partial
7.23444312585e-06	1	glycoside transferase family 2
7.23444312585e-06	1	protein involved in molybdopterin biosynthesis
7.23444312585e-06	1	cell division septal protein
7.23444312585e-06	1	ABC transporter binding protein subunit
7.23444312585e-06	1	ribosomal RNA small subunit methyltransferase G 1
7.23444312585e-06	1	ribosomal RNA small subunit methyltransferase G 3
7.23444312585e-06	1	chitinase class I family protein, partial
7.23444312585e-06	1	pentachlorophenol 4-monooxygenase PcpB
7.23444312585e-06	1	biofilm associated protein A
7.23444312585e-06	1	Hep_Hag repeat-containing outer membrane protein
7.23444312585e-06	1	cytochrome d terminal oxidase subunit 1, partial
7.23444312585e-06	1	MULTISPECIES: choline oxidase
7.23444312585e-06	1	MULTISPECIES: collagen-like triple helix repeat-containing protein
7.23444312585e-06	1	type I modification methyltransferase subunit R
7.23444312585e-06	1	MULTISPECIES: S-isoprenylcysteine methyltransferase
7.23444312585e-06	1	MULTISPECIES: ATP-NAD kinase
7.23444312585e-06	1	putative type-4 fimbrial biogenesis pily1-like protein signal peptide protein
7.23444312585e-06	1	MULTISPECIES: two-component system sensor histidine kinase UhpB
7.23444312585e-06	1	MULTISPECIES: DUF2087 domain-containing protein
7.23444312585e-06	1	NodT family efflux transporter outer membrane lipoprotein
7.23444312585e-06	1	MULTISPECIES: TIGR00153 family protein
7.23444312585e-06	1	oxidoreductase zinc-binding dehydrogenase family
7.23444312585e-06	1	MULTISPECIES: chloride channel core
7.23444312585e-06	1	2,3-dihydroxyphenylpropionate/2,3-dihydroxicinnamic acid 1,2-dioxygenase
7.23444312585e-06	1	Kelch repeat type 2-containing protein
7.23444312585e-06	1	phage P2 baseplate assembly protein gpV
7.23444312585e-06	1	GPO family capsid scaffolding protein
7.23444312585e-06	1	DUF3387 domain-containing protein, partial
7.23444312585e-06	1	OXA-134 family carbapenem-hydrolyzing class D beta-lactamase OXA-363
7.23444312585e-06	1	CDP-diacylglycerol-serine O-phosphatidyltransferase
7.23444312585e-06	1	MULTISPECIES: ribose transporter RbsU
7.23444312585e-06	1	phospholipid-binding protein, PBP family
7.23444312585e-06	1	tungsten formylmethanofuran dehydrogenase subunit D
7.23444312585e-06	1	phosphotransferase system, galactitol-specific IIC component
7.23444312585e-06	1	TIGR02594 family protein, partial
7.23444312585e-06	1	thrombospondin type 3 repeat protein, partial
7.23444312585e-06	1	type IV secretion system protein B10
7.23444312585e-06	1	TMP repeat protein
7.23444312585e-06	1	MULTISPECIES: 3'-RNA processing protein
7.23444312585e-06	1	Lanthionine biosynthesis protein LanB
7.23444312585e-06	1	iron uptake system component EfeO
7.23444312585e-06	1	acid phosphatase/phosphotransferase
7.23444312585e-06	1	type III secretion effector protein
7.23444312585e-06	1	malate/lactate/ureidoglycolate dehydrogenase, partial
7.23444312585e-06	1	MULTISPECIES: beta-aryl ether-cleaving protein
7.23444312585e-06	1	MULTISPECIES: sodium/calcium exchanger membrane protein
7.23444312585e-06	1	MULTISPECIES: pentapeptide MXKDX repeat protein
7.23444312585e-06	1	cytochrome C oxidase subunit 1, partial
7.23444312585e-06	1	putative DNA repair protein
7.23444312585e-06	1	Sarcosine oxidase delta subunit
7.23444312585e-06	1	hydrolase of the alpha/beta superfamily protein
7.23444312585e-06	1	Cell envelope-related transcriptional attenuator (modular protein)
7.23444312585e-06	1	CDP-glycerol--polyglycerol phosphate glycero-phosphotransferase
7.23444312585e-06	1	MULTISPECIES: radical SAM domain-containing protein
7.23444312585e-06	1	Mor transcription activator family protein
7.23444312585e-06	1	rhodanese-related thiosulfate sulfurtransferase
7.23444312585e-06	1	MULTISPECIES: dTDP-6-deoxy-3,4-keto-hexulose isomerase
7.23444312585e-06	1	SNF family helicase
7.23444312585e-06	1	oligopeptide-binding protein oppA precursor
7.23444312585e-06	1	alginate biosynthesis protein AlgE
7.23444312585e-06	1	TIGR03000 domain-containing protein
7.23444312585e-06	1	5-carboxymethyl-2-hydroxymuconate delta-isomerase
7.23444312585e-06	1	alginate biosynthesis protein AlgJ
7.23444312585e-06	1	outer membrane receptor protein, mostly Fe transport
7.23444312585e-06	1	opioid growth factor receptor family protein
7.23444312585e-06	1	competence protein ComEA helix-hairpin-helix repeat-containing protein
7.23444312585e-06	1	phosphotransferase system protein
7.23444312585e-06	1	MULTISPECIES: S-type Pyocin
7.23444312585e-06	1	pilin glycosylation protein PglB
7.23444312585e-06	1	L-proline glycine betaine ABC transport system permease protein ProV
7.23444312585e-06	1	MULTISPECIES: ATP phosphoribosyltransferase catalytic subunit HisG
7.23444312585e-06	1	pilus biosynthesis protein PilM
7.23444312585e-06	1	pilus biosynthesis protein PilB
7.23444312585e-06	1	pilus biosynthesis protein PilY
7.23444312585e-06	1	microbial collagenase, secreted
7.23444312585e-06	1	pilus biosynthesis protein PilS
7.23444312585e-06	1	putative glycosyltransferase, family 2
7.23444312585e-06	1	ABC exporter membrane fusion, DevB family protein
7.23444312585e-06	1	protein HyfB
7.23444312585e-06	1	MULTISPECIES: hipa n-terminal domain-containing protein
7.23444312585e-06	1	GHMP kinase protein
7.23444312585e-06	1	DUF2470 domain-containing protein
7.23444312585e-06	1	MULTISPECIES: cytochrome b subunit of the bc complex
7.23444312585e-06	1	L-alanine-DL-glutamate epimerase, partial
7.23444312585e-06	1	na+/Pi-cotransporter family protein
7.23444312585e-06	1	MULTISPECIES: Sarcosine oxidase delta subunit
7.23444312585e-06	1	AIR carboxylase
7.23444312585e-06	1	sporulation regulator
7.23444312585e-06	1	MULTISPECIES: UDP-N-acetyl glucosamine 2-epimerase
7.23444312585e-06	1	O-antigen export ABC transporter permease
7.23444312585e-06	1	tRNA(1)(Val) (adenine(37)-N(6))-methyltransferase
7.23444312585e-06	1	DUF1295 domain-containing protein, partial
7.23444312585e-06	1	MULTISPECIES: NCS1 nucleoside transporter
7.23444312585e-06	1	putative ABC-type uncharacterized transport system, periplasmic component
7.23444312585e-06	1	4-oxalomesaconate tautomerase GalD
7.23444312585e-06	1	MULTISPECIES: preprotein translocase subunit Tim44
7.23444312585e-06	1	sodium/proton antiporter, CPA1 family
7.23444312585e-06	1	PKHD-type hydroxylase, partial
7.23444312585e-06	1	glycosyl transferase family 14
7.23444312585e-06	1	succinoglycan biosynthesis protein exoV
7.23444312585e-06	1	succinoglycan biosynthesis protein exov
7.23444312585e-06	1	ribosomal RNA large subunit methyltransferase I
7.23444312585e-06	1	MULTISPECIES: trehalose utilization
7.23444312585e-06	1	putative monooxygenase
7.23444312585e-06	1	oxidoreductase FAD-binding protein
7.23444312585e-06	1	fadF
7.23444312585e-06	1	Putative two-component sensor histidine kinase, hybrid system
7.23444312585e-06	1	large terminase subunit
7.23444312585e-06	1	peptidase, M15 family
7.23444312585e-06	1	nif11-like peptide radical SAM maturase
7.23444312585e-06	1	MULTISPECIES: DUF111 domain-containing protein
7.23444312585e-06	1	negative regulator of sigma E activity
7.23444312585e-06	1	IS3 family transposase ISAs32
7.23444312585e-06	1	MULTISPECIES: type II secretion system protein GspL
7.23444312585e-06	1	nitrate ABC transporter ATP-binding protein C and D
7.23444312585e-06	1	MULTISPECIES: acyl-CoA N-acyltransferase
7.23444312585e-06	1	serine/threonine protein kinase with WD40 repeats
7.23444312585e-06	1	23S rRNA pseudouridine synthase F, partial
7.23444312585e-06	1	MULTISPECIES: 2-keto-D-gluconate dehydrogenase
7.23444312585e-06	1	pyridoxamine-phosphate oxidase
7.23444312585e-06	1	outer membrane protein assembly factor BamD, partial
7.23444312585e-06	1	DDE endonuclease, partial
7.23444312585e-06	1	TRAP transporter solute receptor subunit DctP family protein 8
7.23444312585e-06	1	methylmalonate-semialdehyde dehydrogenase
7.23444312585e-06	1	leucine/isoleucine/valine transporter permease subunit
7.23444312585e-06	1	ribosomal RNA small subunit methyltransferase RsmB
7.23444312585e-06	1	Molybdopterin oxidoreductase, iron-sulfur binding subunit, partial
7.23444312585e-06	1	sulfite reductase, beta subunit (hemoprotein)
7.23444312585e-06	1	MULTISPECIES: serine--glyoxylate aminotransferase
7.23444312585e-06	1	transcriptional activator Fis
7.23444312585e-06	1	peptide synthase/acyl-CoA synthase
7.23444312585e-06	1	MULTISPECIES: bacteriocin-protection protein
7.23444312585e-06	1	aminoglycoside nucleotidyltransferase, partial
7.23444312585e-06	1	RNA--NAD 2'-phosphotransferase
7.23444312585e-06	1	MULTISPECIES: ComEC family protein
7.23444312585e-06	1	UDP-N-acetylglucosamine C4 epimerase WbpP
7.23444312585e-06	1	toluate 1,2-dioxygenase
7.23444312585e-06	1	MULTISPECIES: threonine/serine transporter TdcC
7.23444312585e-06	1	Pyruvate/2-oxoglutarate dehydrogenase complex, dehydrogenase (E1) component, eukaryotic type, subunit beta
7.23444312585e-06	1	MULTISPECIES: DUF3119 domain-containing protein
7.23444312585e-06	1	PSP1 domain-containing protein
7.23444312585e-06	1	siderophore-interacting protein, partial
7.23444312585e-06	1	N5-glutamine methyltransferase HemK family protein
7.23444312585e-06	1	senescence marker protein-30
7.23444312585e-06	1	siderophore ABC transporter ATP-binding protein
7.23444312585e-06	1	MULTISPECIES: microcystin LR degradation protein MlrC-like protein
7.23444312585e-06	1	MULTISPECIES: subclass B3 metallo-beta-lactamase
7.23444312585e-06	1	siderophore-mediated iron transport protein
7.23444312585e-06	1	MULTISPECIES: alpha-glucoside ABC transporter permease
7.23444312585e-06	1	pilus biogenesis protein PilZ
7.23444312585e-06	1	MULTISPECIES: ISKra4 family transposase ISNsp5
7.23444312585e-06	1	sodium/solute symporter family protein glucose transporter
7.23444312585e-06	1	FMN-binding protein MioC
7.23444312585e-06	1	UDP-4-amino-4,6-dideoxy-beta-L-AltNAc o-acetyltransferase
7.23444312585e-06	1	dienelactone hydrolase, partial
7.23444312585e-06	1	SoxR protein
7.23444312585e-06	1	DUF2251 domain-containing protein
7.23444312585e-06	1	UDP-N-acetylmuramoyl-L-alanine ligase
7.23444312585e-06	1	MULTISPECIES: general secretion pathway protein GspF
7.23444312585e-06	1	bifunctional protein precursor: M12B family metalloprotease precursor and putative adhesin
7.23444312585e-06	1	MULTISPECIES: Ktr system potassium uptake protein KtrA
7.23444312585e-06	1	FAD linked oxidase domain-containing protein
7.23444312585e-06	1	MULTISPECIES: pyruvate ferredoxin oxidoreductase
7.23444312585e-06	1	MULTISPECIES: chemotaxis sensory transducer, Pas/Pac sensor
7.23444312585e-06	1	bifunctional nuclease
7.23444312585e-06	1	septum formation initiator precursor
7.23444312585e-06	1	Bacteriophage head-to-tail connecting protein
7.23444312585e-06	1	transport/regulator protein
7.23444312585e-06	1	dioxygenase ferredoxin subunit
7.23444312585e-06	1	MULTISPECIES: DUF2566 domain-containing protein
7.23444312585e-06	1	MULTISPECIES: cell wall anchor protein
7.23444312585e-06	1	MULTISPECIES: SOS-response transcriptional regulators (RecA-mediated autopeptidase)
7.23444312585e-06	1	pteridine-dependent deoxygenase
7.23444312585e-06	1	anaerobic C4-dicarboxylate membrane transporter
7.23444312585e-06	1	Arginase/agmatinase/formimionoglutamate hydrolase arginase family
7.23444312585e-06	1	ADP-ribose polymerase
7.23444312585e-06	1	succinyl-CoA--(R)-benzylsuccinate CoA-transferase subunit BbsE
7.23444312585e-06	1	ribosome-associated, sigma 54 modulation protein
7.23444312585e-06	1	phosphotranscacetylase
7.23444312585e-06	1	sulfonate/nitrate/taurine transport system ATP-binding protein
7.23444312585e-06	1	capsular biosynthesis protein CpsC
7.23444312585e-06	1	virulence factor SrfC
7.23444312585e-06	1	Patatin, partial
7.23444312585e-06	1	MULTISPECIES: oxygen-independent coproporphyrinogen III oxidase, partial
7.23444312585e-06	1	Ais protein
7.23444312585e-06	1	MULTISPECIES: virulence protein
7.23444312585e-06	1	MULTISPECIES: YceK/YidQ family lipoprotein
7.23444312585e-06	1	ribonucleotide reductase, partial
7.23444312585e-06	1	TIGR03862 family flavoprotein, partial
7.23444312585e-06	1	sulfite dehydrogenase (cytochrome) subunit SorA apoprotein
7.23444312585e-06	1	MULTISPECIES: BA14K family protein
7.23444312585e-06	1	phage single-strand DNA binding protein
7.23444312585e-06	1	MULTISPECIES: biofilm formation regulatory protein BssS
7.23444312585e-06	1	IS256 family transposase ISCARN45
7.23444312585e-06	1	Taurine catabolism dioxygenase TauD/TfdA
7.23444312585e-06	1	D-alanyl-lipoteichoic acid biosynthesis protein
7.23444312585e-06	1	nitrous oxide reductase maturation protein nosd
7.23444312585e-06	1	YedY-like molybdopterin cofactor binding domain protein, sulfite oxidase family
7.23444312585e-06	1	PilE-like protein
7.23444312585e-06	1	MULTISPECIES: na+ dependent nucleoside transporter family protein
7.23444312585e-06	1	amino acid-binding ACT
7.23444312585e-06	1	putative histamine oxidase, partial
7.23444312585e-06	1	MULTISPECIES: glutathione ABC transporter permease
7.23444312585e-06	1	MULTISPECIES: galactosyltransferase Lgt5
7.23444312585e-06	1	pilus assembly protein PilV
7.23444312585e-06	1	pilus assembly protein PilT
7.23444312585e-06	1	putative type I restriction-modification system, specificity subunit
7.23444312585e-06	1	DUF3285 domain-containing protein
7.23444312585e-06	1	serine hydrolase FLP
7.23444312585e-06	1	killer suppression protein
7.23444312585e-06	1	two component system histidine kinase
7.23444312585e-06	1	membrane dehydrogenase
7.23444312585e-06	1	O157 family O-antigen flippase, partial
7.23444312585e-06	1	flagellar initiation of hook assembly
7.23444312585e-06	1	biotin carboxylation domain-containing carboxyltransferase
7.23444312585e-06	1	putative enzyme; Not classified
7.23444312585e-06	1	MULTISPECIES: alpha-galactoside-binding protein
7.23444312585e-06	1	Pterin-4-alpha-carbinolamine dehydratase
7.23444312585e-06	1	bifunctional nitrate reductase/sulfite reductase subunit alpha
7.23444312585e-06	1	phenol-degradative gene activator
7.23444312585e-06	1	DUF4348 domain-containing protein
7.23444312585e-06	1	P4 family integrase
7.23444312585e-06	1	NUMOD4 domain protein
7.23444312585e-06	1	thioester dehydrase
7.23444312585e-06	1	class A extended-spectrum beta-lactamase RAHN-2
7.23444312585e-06	1	MULTISPECIES: 50S ribosomal protein L25/general stress protein Ctc
7.23444312585e-06	1	molybdopterin oxidoreductase, molybdopterin binding subunit
7.23444312585e-06	1	MULTISPECIES: outer membrane hemin/siderophore receptor protein
7.23444312585e-06	1	amino acid transporter, partial
7.23444312585e-06	1	RNA polymerase, sigma subunit, ECF family
7.23444312585e-06	1	animal heme peroxidase
7.23444312585e-06	1	triphosphoribosyl-dephospho-CoA synthetase
7.23444312585e-06	1	methyl viologen resistance protein SmvA
7.23444312585e-06	1	iron (III)-binding protein
7.23444312585e-06	1	putative flagellar motor switch protein
7.23444312585e-06	1	nucleoid DNA-binding protein
7.23444312585e-06	1	potassium transporter, voltage-gated ion channel (VIC) family protein
7.23444312585e-06	1	MULTISPECIES: Kazal domain-containing protein
7.23444312585e-06	1	hydrogenase expression/formation protein HupJ
7.23444312585e-06	1	glutamate/gamma-aminobutyrate family transporter YjeM
7.23444312585e-06	1	nitrate oxidoreductase subunit beta
7.23444312585e-06	1	flagellar basal body stator protein MotB
7.23444312585e-06	1	microcystin-dependent protein-like
7.23444312585e-06	1	cell wall ribonuclease G/E
7.23444312585e-06	1	DNA ligase (lig)
7.23444312585e-06	1	lipopolysaccharide biosynthesis protein, partial
7.23444312585e-06	1	arginine 2,3-aminomutase
7.23444312585e-06	1	resuscitation-promoting factor RpfA
7.23444312585e-06	1	phosphorelay protein
7.23444312585e-06	1	2-oxoglutarate-dependent dioxygenase, partial
7.23444312585e-06	1	restriction endonuclease-related protein
7.23444312585e-06	1	ABC transporter multidrug efflux family protein
7.23444312585e-06	1	methane/phenol/toluene hydroxylase:YHS
7.23444312585e-06	1	Large cysteine-rich periplasmic protein OmcB
7.23444312585e-06	1	DUF1405 domain-containing protein
7.23444312585e-06	1	transcriptional regulators
7.23444312585e-06	1	Pyrrolo-quinoline quinone
7.23444312585e-06	1	MULTISPECIES: TIGR03758 family integrating conjugative element protein
7.23444312585e-06	1	sulfur transfer protein ThisS
7.23444312585e-06	1	preprotein translocase subunit SecA (ATPase, RNA helicase)
7.23444312585e-06	1	protein containing glycosyl transferase group 1 domain
7.23444312585e-06	1	MULTISPECIES: DNA phosphorothioation system restriction enzyme
7.23444312585e-06	1	DUF2976 domain-containing protein
7.23444312585e-06	1	hut operon positive regulator HutP
7.23444312585e-06	1	tRNA (guanine-N7-)-methyltransferase
7.23444312585e-06	1	phosphoglucosamine mutase 2
7.23444312585e-06	1	TadE family protein
7.23444312585e-06	1	MULTISPECIES: phage holin, lambda family
7.23444312585e-06	1	23S ribosomal RNA methyltransferase Erm
7.23444312585e-06	1	MULTISPECIES: Type I restriction enzyme EcoEI M protein
7.23444312585e-06	1	MULTISPECIES: multidrug resistance transporter
7.23444312585e-06	1	MULTISPECIES: Fe2+/Pb2+ permease
7.23444312585e-06	1	gliding motility-associated protein GldD
7.23444312585e-06	1	MULTISPECIES: IS4 family transposase ISAeme4
7.23444312585e-06	1	metal-dependent peptidase
7.23444312585e-06	1	NAD(P)(+) transhydrogenase, partial
7.23444312585e-06	1	tetratricopeptide repeat containing protein
7.23444312585e-06	1	MULTISPECIES: acetohydroxyacid synthase large subunit
7.23444312585e-06	1	pyridoxamine 5'-phosphate oxidase / oxidoreductase NAD-dependent
7.23444312585e-06	1	Fe-S reductase
7.23444312585e-06	1	MULTISPECIES: omega amino acid--pyruvate aminotransferase
7.23444312585e-06	1	MULTISPECIES: dihydrouridine synthase
7.23444312585e-06	1	class III cytochrome C domain protein
7.23444312585e-06	1	putative glutamyl-Q-tRNA(Asp) synthetase
7.23444312585e-06	1	molybdopterin biosynthesis MoeZ
7.23444312585e-06	1	MULTISPECIES: glutamate:protein symporter
7.23444312585e-06	1	capsular polysaccharide biosynthesis protein BcbG
7.23444312585e-06	1	Zn-dependent dipeptidase
7.23444312585e-06	1	GatB-Yqey protein
7.23444312585e-06	1	l-glutamine synthetase
7.23444312585e-06	1	NAD dependent epimerase/dehydratase domain protein
7.23444312585e-06	1	type VI secretion system FHA domain protein
7.23444312585e-06	1	phosphoribosylformylglycinamidine synthase subunit ii
7.23444312585e-06	1	AsmA-like C-terminal region protein
7.23444312585e-06	1	BRO family protein
7.23444312585e-06	1	ferrichrome ABC transporter
7.23444312585e-06	1	MULTISPECIES: protein-L-isoaspartate(D-aspartate) O-methyltransferase
7.23444312585e-06	1	DNA topoisomerase type IA central domain-containing protein, partial
7.23444312585e-06	1	MULTISPECIES: putative UV protection and mutation protein
7.23444312585e-06	1	DUF1127 domain-containing protein, partial
7.23444312585e-06	1	plasmid stabilization system family protein
7.23444312585e-06	1	MULTISPECIES: HYR domain-containing protein
7.23444312585e-06	1	two component sigma-54 specific transcriptional regulator
7.23444312585e-06	1	MULTISPECIES: inorganic polyphosphate/ATP-NAD kinase (Poly(P)/ATP NAD kinase)
7.23444312585e-06	1	MULTISPECIES: hemolysin expression modulating protein
7.23444312585e-06	1	MULTISPECIES: D-arabinitol 4-dehydrogenase
7.23444312585e-06	1	tRNA (guanine(37)-N(1))-methyltransferase, partial
7.23444312585e-06	1	MULTISPECIES: flagellar protein FlaG
7.23444312585e-06	1	MULTISPECIES: transaldolase, partial
7.23444312585e-06	1	putative tetratricopeptide repeat protein
7.23444312585e-06	1	Tat-linked quality control protein TatD
7.23444312585e-06	1	putative taurine catabolism dioxygenase
7.23444312585e-06	1	hydroxyalkanoic acid synthase
7.23444312585e-06	1	MULTISPECIES: HD family phosphohydrolase
7.23444312585e-06	1	MULTISPECIES: type IV pilin
7.23444312585e-06	1	DUF2019 domain-containing protein
7.23444312585e-06	1	pyruvate ferredoxin oxidoreductase subunit delta
7.23444312585e-06	1	phenylacetyl CoA
7.23444312585e-06	1	MULTISPECIES: bifunctional phosphopantothenoylcysteine decarboxylase/phosphopantothenate synthase
7.23444312585e-06	1	regucalcin family protein
7.23444312585e-06	1	transporter-associated protein
7.23444312585e-06	1	phosphorylcholine transferase LicD
7.23444312585e-06	1	histone methylation protein DOT1
7.23444312585e-06	1	DNA polymerase domain-containing protein
7.23444312585e-06	1	MULTISPECIES: CreA
7.23444312585e-06	1	ABC-3 protein, partial
7.23444312585e-06	1	dehydrogenase (flavoprotein)-like protein
7.23444312585e-06	1	eukaryotic-type DNA primase
7.23444312585e-06	1	MULTISPECIES: E3 ubiquitin--protein ligase
7.23444312585e-06	1	MULTISPECIES: squalene-associated fad-dependent desaturase
7.23444312585e-06	1	DNA-3-methyladenine glycosylase 1
7.23444312585e-06	1	alpha-D-xyloside cyclohydrolase
7.23444312585e-06	1	SynChlorMet cassette radical SAM/SPASM protein ScmE
7.23444312585e-06	1	S-adenosyl-L-methionine methylase
7.23444312585e-06	1	ABC transporter domain protein
7.23444312585e-06	1	phage related DNA methyltransferase
7.23444312585e-06	1	MULTISPECIES: iminophenyl-pyruvate dimer synthase VioB
7.23444312585e-06	1	E1-E2 ATPase
7.23444312585e-06	1	DASH family cryptochrome, partial
7.23444312585e-06	1	IS21 family transposase ISRme4
7.23444312585e-06	1	photosystem II manganese-stabilizing protein
7.23444312585e-06	1	site-specific DNA-methyltransferase (cytosine-specific)
7.23444312585e-06	1	bacteriophage Mu P
7.23444312585e-06	1	UDP-N-acetylmuramate:L-alanyl-gamma-D-glutamyl-meso-diaminopimelate ligase, partial
7.23444312585e-06	1	thioredoxin, DsbD family
7.23444312585e-06	1	MULTISPECIES: DUF4397 domain-containing protein
7.23444312585e-06	1	Bcr/CflA family multidrug efflux MFS transporter
7.23444312585e-06	1	MULTISPECIES: bacillolysin family protein
7.23444312585e-06	1	capreomycidine hydroxylase
7.23444312585e-06	1	2-keto-3-deoxy-phosphogluconate aldolase
7.23444312585e-06	1	cysteine desulfurase SufS family
7.23444312585e-06	1	MULTISPECIES: glutamate--pyruvate aminotransferase
7.23444312585e-06	1	amidohydrolase, imidazolonepropionase
7.23444312585e-06	1	type 3a cellulose-binding domain protein
7.23444312585e-06	1	autoinducer 2 ABC transporter substrate-binding protein, partial
7.23444312585e-06	1	periplasmic polysaccharide export protein
7.23444312585e-06	1	NADPH-quinone reductase (modulator of drug activity B)
7.23444312585e-06	1	sulfurylase large subunit molybdopterin cytosine dinucleotide biosynthesis
7.23444312585e-06	1	MULTISPECIES: YgiT-type zinc finger domain-containing protein
7.23444312585e-06	1	Snf2 family protein
7.23444312585e-06	1	DUF4437 domain-containing protein, partial
7.23444312585e-06	1	MULTISPECIES: GalU regulator GalF
7.23444312585e-06	1	MULTISPECIES: acyl esterase
7.23444312585e-06	1	MULTISPECIES: DUF536 domain-containing protein
7.23444312585e-06	1	NAD(P)+-dependent aldehyde dehydrogenase superfamily protein
7.23444312585e-06	1	hydrophobic compound transport factor
7.23444312585e-06	1	DUF504 domain-containing protein
7.23444312585e-06	1	DUF4041 domain-containing protein, partial
7.23444312585e-06	1	MULTISPECIES: MltA domain-containing protein
7.23444312585e-06	1	dsDNA-mimic protein
7.23444312585e-06	1	MULTISPECIES: DUF3168 domain-containing protein, partial
7.23444312585e-06	1	MULTISPECIES: phospholipase C
7.23444312585e-06	1	peptidoglycan-associated lipoprotein, partial
7.23444312585e-06	1	D-amino acid dehydrogenase subunit
7.23444312585e-06	1	oxalate/formate MFS antiporter, partial
7.23444312585e-06	1	MULTISPECIES: MdcC
7.23444312585e-06	1	lysophospholipase L2
7.23444312585e-06	1	DUF3545 domain-containing protein
7.23444312585e-06	1	enterochelin synthetase
7.23444312585e-06	1	UDP phosphate-alpha-4-amino-4-deoxy-L- arabinose arabinosyl transferase
7.23444312585e-06	1	flagellar assembly protein FlbE
7.23444312585e-06	1	2-ketoglutarate ferredoxin oxidoreductase subunit delta
7.23444312585e-06	1	MULTISPECIES: methylenetetrahydrofolate dehydrogenase
7.23444312585e-06	1	putative Rieske iron-sulfur protein
7.23444312585e-06	1	peroxisomal trans-2-enoyl-CoA reductase
7.23444312585e-06	1	MULTISPECIES: flagellar motor switch phosphatase FliY
7.23444312585e-06	1	IS1595 family transposase ISRps1
7.23444312585e-06	1	MULTISPECIES: DNA damage-inducible protein I
7.23444312585e-06	1	lipopolysaccharide biosynthesis
7.23444312585e-06	1	DUF120 domain-containing protein
7.23444312585e-06	1	MULTISPECIES: coenzyme F420 biosynthesis-associated protein
7.23444312585e-06	1	binding protein msmE
7.23444312585e-06	1	Poly(3-hydroxyalkanoate) synthetase-like protein
7.23444312585e-06	1	HEXXH motif domain protein
7.23444312585e-06	1	gamma-aminobutyrate permease-like transporter
7.23444312585e-06	1	biotin synthetase
7.23444312585e-06	1	precorrin-8X methylmutase, partial
7.23444312585e-06	1	DNA/RNA non-specific endonuclease, partial
7.23444312585e-06	1	AfsR family transcriptional regulator, partial
7.23444312585e-06	1	excisionase family DNA-binding domain
7.23444312585e-06	1	cyclolysin
7.23444312585e-06	1	bacteriocin ABC transporter
7.23444312585e-06	1	K+-insensitive pyrophosphate-energized proton pump
7.23444312585e-06	1	putatiev FAD-dependent monooxygenase
7.23444312585e-06	1	ECF family RNA polymerase sigma factor
7.23444312585e-06	1	IS1595 family transposase ISPlba4
7.23444312585e-06	1	IS1595 family transposase ISPlba3
7.23444312585e-06	1	IS1595 family transposase ISPlba2
7.23444312585e-06	1	SNF2 family N-terminal domain protein
7.23444312585e-06	1	glycerol-3-phosphate transporter subunit; membrane component of ABC superfamily
7.23444312585e-06	1	circadian clock protein KaiC, partial
7.23444312585e-06	1	DUF4358 domain-containing protein
7.23444312585e-06	1	MULTISPECIES: ribonucleoside-diphosphate reductase subunit beta
7.23444312585e-06	1	capsular polysaccharide/LPS/teichoic acids ABC transporter ATP-binding subunit
7.23444312585e-06	1	acetolactate synthase isozyme 2 large subunit IlvG
7.23444312585e-06	1	DNA polymerase III subunit epsilon-like 3'-5' exonuclease
7.23444312585e-06	1	protein-S-isoprenylcysteine O-methyltransferase
7.23444312585e-06	1	main tail protein
7.23444312585e-06	1	MULTISPECIES: dolichyl-phosphate beta-D-mannosyltransferase
7.23444312585e-06	1	MULTISPECIES: glycoside transferase family 2
7.23444312585e-06	1	MULTISPECIES: chemS-adenosyl-L-methionine-dependent methyltransferase
7.23444312585e-06	1	RDD domain protein
7.23444312585e-06	1	component of anaerobic dehydrogenase
7.23444312585e-06	1	ATPase P, partial
7.23444312585e-06	1	phosphate-starvation-inducible PsiE
7.23444312585e-06	1	DUF646 domain-containing protein
7.23444312585e-06	1	MULTISPECIES: RelE family toxin-antitoxin system
7.23444312585e-06	1	crcB protein
7.23444312585e-06	1	Autotransporter beta- domain-containing protein
7.23444312585e-06	1	uroporphyrinogen III synthetase
7.23444312585e-06	1	acylneuraminate cytidylyltransferase, partial
7.23444312585e-06	1	alpha/beta hydrolase fold-3 protein
7.23444312585e-06	1	phosphoglucomutase/phosphomannomutase
7.23444312585e-06	1	IS5 family transposase ISBj2_B
7.23444312585e-06	1	MULTISPECIES: cbb3-type cytochrome oxidase cytochrome c subunit
7.23444312585e-06	1	phycocyanin alpha phycocyanobilin lyase
7.23444312585e-06	1	biotin biosynthesis protein
7.23444312585e-06	1	MULTISPECIES: multisubunit sodium/proton antiporter subunit MrpG
7.23444312585e-06	1	DNA polymerase V subunit UmuD
7.23444312585e-06	1	aminoacrylate hydrolase RutD
7.23444312585e-06	1	MULTISPECIES: phosphorylcholine phosphatase
7.23444312585e-06	1	transmembrane sensor
7.23444312585e-06	1	phenylalanine racemase (ATP-hydrolyzing)
7.23444312585e-06	1	multidrug efflux pump
7.23444312585e-06	1	PD-(D/E)XK nuclease superfamily
7.23444312585e-06	1	MULTISPECIES: lipid A core--O-antigen ligase
7.23444312585e-06	1	MULTISPECIES: intein-containing adenosylcobalamin-dependent ribonucleoside-triphosphate reductase
7.23444312585e-06	1	transcriptional activator of acetoin/glycerol metabolism
7.23444312585e-06	1	MULTISPECIES: GTP pyrophosphokinase
7.23444312585e-06	1	bacteriophage Mu Gp45 protein
7.23444312585e-06	1	zinc-dependent oligopeptidase A Dcp
7.23444312585e-06	1	MULTISPECIES: TetD
7.23444312585e-06	1	zinc-carboxypeptidase G precursor
7.23444312585e-06	1	MULTISPECIES: malonate utilization transcriptional regulator
7.23444312585e-06	1	pilus assembly protein chaperone PapD
7.23444312585e-06	1	chemotaxis methyltransferase
7.23444312585e-06	1	MULTISPECIES: tRNA 5-methoxyuridine(34)/uridine 5-oxyacetic acid(34) synthase CmoB
7.23444312585e-06	1	prophage Lp3 protein 8, helicase
7.23444312585e-06	1	sensory transduction protein kinase
7.23444312585e-06	1	lipopolysaccharide heptosyltransferase
7.23444312585e-06	1	MULTISPECIES: fimbrial protein StkA
7.23444312585e-06	1	DUF1996 domain-containing protein, partial
7.23444312585e-06	1	MULTISPECIES: DUF2599 domain-containing protein
7.23444312585e-06	1	phycobilisome rod-core linker protein CpcG
7.23444312585e-06	1	molybdopterin cofactor synthesis protein MoaA
7.23444312585e-06	1	TIR-like domain-containing protein
7.23444312585e-06	1	putative LppC family lipoprotein
7.23444312585e-06	1	MULTISPECIES: carotene 7,8-desaturase
7.23444312585e-06	1	replication terminus site-binding protein
7.23444312585e-06	1	type I restriction-modification system S subunit
7.23444312585e-06	1	MULTISPECIES: photosystem II biogenesis protein Psp29
7.23444312585e-06	1	DSBA oxidoreductase (fragment)
7.23444312585e-06	1	MULTISPECIES: IS3 family transposase ISRhba2
7.23444312585e-06	1	daunorubicin resistance ABC transporter ATPase subunit
7.23444312585e-06	1	pyrroloquinoline-quinone glucose dehydrogenase
7.23444312585e-06	1	MULTISPECIES: DUF417 domain-containing protein
7.23444312585e-06	1	MULTISPECIES: hydrogenase assembly protein HypC
7.23444312585e-06	1	hemin-binding periplasmic protein
7.23444312585e-06	1	DUF4031 domain-containing protein, partial
7.23444312585e-06	1	secretion ATPase PEP-CTERM locus subfamily
7.23444312585e-06	1	DUF4033 domain-containing protein
7.23444312585e-06	1	toxin-activating lysine-acyltransferase RtxC
7.23444312585e-06	1	putative head morphogenesis protein SPP1 gp7
7.23444312585e-06	1	glycosyl transferase family 51, partial
7.23444312585e-06	1	peptidylarginine deiminase
7.23444312585e-06	1	MULTISPECIES: glycoside hydrolase family 29
7.23444312585e-06	1	MULTISPECIES: signal peptidase PSP1
7.23444312585e-06	1	MULTISPECIES: TIGR02569 family protein
7.23444312585e-06	1	MDR efflux pump AcrAB transcriptional activator RobA
7.23444312585e-06	1	MULTISPECIES: nitrogenase molybdenum-iron protein subunit beta
7.23444312585e-06	1	helicase, Snf2 family protein
7.23444312585e-06	1	RelE/StbE family addiction module toxin, partial
7.23444312585e-06	1	MULTISPECIES: K+-transporting ATPase subunit F
7.23444312585e-06	1	phenoxazinone synthase
7.23444312585e-06	1	family 2 glucosyltransferase
7.23444312585e-06	1	plasmid replication protein, partial
7.23444312585e-06	1	type VI protein secretion system (Intracellular trafficking, secretion, and vesicular transport)
7.23444312585e-06	1	MULTISPECIES: sensory box protein/response regulator
7.23444312585e-06	1	MULTISPECIES: RNA-binding protein hfq
7.23444312585e-06	1	benzoyl-CoA reductase, bzd-type, subunit N
7.23444312585e-06	1	IS607 family transposase, partial
7.23444312585e-06	1	MULTISPECIES: cytochrome c biogenesis protein CcmF
7.23444312585e-06	1	carbohydrate esterase family 4 protein, polysaccharide deacetylase
7.23444312585e-06	1	pilus assembly protein, chaperone PapD
7.23444312585e-06	1	Methylcrotonyl-CoA carboxylase carboxyl transferase subunit
7.23444312585e-06	1	FhlB domain-containing protein
7.23444312585e-06	1	4HB_MCP sensor-containing MCP-domain signal transduction protein
7.23444312585e-06	1	MULTISPECIES: TPP-dependent acetoin dehydrogenase complex, E1 protein subunit beta
7.23444312585e-06	1	putative histidine kinase
7.23444312585e-06	1	MULTISPECIES: carbon-phosphorus lyase subunit PhnH
7.23444312585e-06	1	protein translation factor Sui1
7.23444312585e-06	1	sodium-coupled permease
7.23444312585e-06	1	manganese transporter NRAMP
7.23444312585e-06	1	acetyltransferase (GNAT) domain protein
7.23444312585e-06	1	conserved hypothetical protein (DZR domain)
7.23444312585e-06	1	putative LacI transcriptional repressor
7.23444312585e-06	1	Deoxyuridine 5'-triphosphate nucleotidohydrolase Dut
7.23444312585e-06	1	amino acid/peptide transporter (peptide:H symporter)
7.23444312585e-06	1	trimethoprim-resistant dihydrofolate reductase DfrB6
7.23444312585e-06	1	Lipid A biosynthesis
7.23444312585e-06	1	protein containing aminopeptidase domain
7.23444312585e-06	1	MULTISPECIES: type III secretion low calcium response chaperone LcrH/SycD
7.23444312585e-06	1	type IV secretion system family protein
7.23444312585e-06	1	cobalamin biosynthesis protein CobU
7.23444312585e-06	1	TIGR02099 family protein, partial
7.23444312585e-06	1	MULTISPECIES: SLBB domain-containing protein
7.23444312585e-06	1	MULTISPECIES: C-factor
7.23444312585e-06	1	MULTISPECIES: RNA polymerase sigma factor SigW
7.23444312585e-06	1	hydrolase 1, exosortase A system-associated, partial
7.23444312585e-06	1	MULTISPECIES: RNA polymerase sigma factor SigI
7.23444312585e-06	1	MULTISPECIES: RNA polymerase sigma factor SigM
7.23444312585e-06	1	LmbU
7.23444312585e-06	1	Pup--protein ligase, partial
7.23444312585e-06	1	PAS protein
7.23444312585e-06	1	hopanoid-associated sugar epimerase
7.23444312585e-06	1	MULTISPECIES: alpha-ketoglutarate-dependent taurine dioxygenase
7.23444312585e-06	1	MULTISPECIES: malonyl CoA-ACP transacylase
7.23444312585e-06	1	pyruvate dehydrogenase dihydrolipoyltransacetylase component E2
7.23444312585e-06	1	endonuclease/exonuclease/phosphatase family protein, partial
7.23444312585e-06	1	ATPase component of ABC transporter with duplicated ATPase
7.23444312585e-06	1	ACR family protein
7.23444312585e-06	1	hemagglutinin/hemolysin/adhesin-like protein
7.23444312585e-06	1	MULTISPECIES: virulence factor SrfB
7.23444312585e-06	1	putative metal ABC transporter, ATP-binding protein
7.23444312585e-06	1	D-Ala-D-Ala carboxypeptidase 3 family protein
7.23444312585e-06	1	MULTISPECIES: eicosanoid and glutathione metabolism membrane protein
7.23444312585e-06	1	CoA transferase CAIB/BAIF family
7.23444312585e-06	1	uroporphyrinogen synthase
7.23444312585e-06	1	MULTISPECIES: NagM
7.23444312585e-06	1	putative two-component hybrid sensor and regulator, partial
7.23444312585e-06	1	Glycosyltransferase family 6
7.23444312585e-06	1	RAMP superfamily protein
7.23444312585e-06	1	leucine-responsive transcriptional regulator
7.23444312585e-06	1	F5/8 type C domain-containing protein, partial
7.23444312585e-06	1	MULTISPECIES: DUF2214 domain-containing protein
7.23444312585e-06	1	transport-protein, putative permease for cytosine/purines
7.23444312585e-06	1	urease subunit alpha 1
7.23444312585e-06	1	MULTISPECIES: oligopeptide transporter ATP-binding component
7.23444312585e-06	1	Zot
7.23444312585e-06	1	Maf family protein
7.23444312585e-06	1	aldehyde oxidoreductase, partial
7.23444312585e-06	1	pyochelin synthetase
7.23444312585e-06	1	EAL:response regulator receiver
7.23444312585e-06	1	MULTISPECIES: DUF4225 domain-containing protein
7.23444312585e-06	1	Zn-finger containing protein
7.23444312585e-06	1	MULTISPECIES: polyphosphate glucokinase
7.23444312585e-06	1	helix-turn-helix transcriptional regulator, partial
7.23444312585e-06	1	transcriptional regulator containing an amidase domain and an AraC-type DNA-binding HTH domain
7.23444312585e-06	1	MULTISPECIES: acetolactate synthase 2 catalytic subunit
7.23444312585e-06	1	MULTISPECIES: glycosyl hydrolase family 92
7.23444312585e-06	1	fructose-bisphosphatase, partial
7.23444312585e-06	1	3-methyl-2-oxobutanoate dehydrogenase (2-methylpropanoyl-transferring)
7.23444312585e-06	1	cellulose biosynthesis protein BcsS
7.23444312585e-06	1	NADH:ubiquinone oxidoreductase subunit G, iron- sulfur binding protein
7.23444312585e-06	1	disulfide bond formation protein D
7.23444312585e-06	1	15,15' beta carotene dioxygenase
7.23444312585e-06	1	pyoverdine sidechain peptide synthetase III, L-Thr-L-Ser component
7.23444312585e-06	1	tetracycline resistance ribosomal protection protein Tet(W)
7.23444312585e-06	1	MULTISPECIES: fumarate hydratase class I, aerobic
7.23444312585e-06	1	NADH-quinone oxidoreductase subunit B (fragment)
7.23444312585e-06	1	retron adenine methylase
7.23444312585e-06	1	putative 4-hydroxy-2-oxovalerate aldolase
7.23444312585e-06	1	hopanoid-associated phosphorylase
7.23444312585e-06	1	tetracycline resistance ribosomal protection protein Otr(A)
7.23444312585e-06	1	penicillin-binding protein PonA
7.23444312585e-06	1	MULTISPECIES: nicotinamidase/pyrazinamidase
7.23444312585e-06	1	carbonyl reductase
7.23444312585e-06	1	putative nitrogen regulation protein
7.23444312585e-06	1	Phage Tail Collar Domain family, partial
7.23444312585e-06	1	MULTISPECIES: NADH:flavin oxidoreductase / NADH oxidase
7.23444312585e-06	1	glycoside-pentoside-hexuronide family transporter
7.23444312585e-06	1	xanthine hydroxylase reductase
7.23444312585e-06	1	MULTISPECIES: DUF4079 domain-containing protein
7.23444312585e-06	1	cytochrome c2
7.23444312585e-06	1	Sterol desaturase-like protein
7.23444312585e-06	1	nitrogen regulatory protein P-II GlnB
7.23444312585e-06	1	ribonucleotide-diphosphate reductase beta subunit, partial
7.23444312585e-06	1	bifunctional enzyme Fae/Hps
7.23444312585e-06	1	ROK family glucokinase
7.23444312585e-06	1	paraquat-inducible protein A, partial
7.23444312585e-06	1	prevent host death protein Phd antitoxin
7.23444312585e-06	1	adenylyl-sulfate reductase subunit alpha
7.23444312585e-06	1	putative glutamate-1-semialdehyde 2,1-aminomutase
7.23444312585e-06	1	R1.LlaJI
7.23444312585e-06	1	50S ribosomal protein L29, partial
7.23444312585e-06	1	Pyrimidine dimer DNA glycosylase
7.23444312585e-06	1	MULTISPECIES: carbon monoxide dehydrogenase small chain CoxS
7.23444312585e-06	1	MULTISPECIES: secretion ATPase
7.23444312585e-06	1	secretion ATPase type II secretion system protein E
7.23444312585e-06	1	RNA methyltransferase RlmN
7.23444312585e-06	1	Ubiquinone biosynthesis protein Coq7
7.23444312585e-06	1	DUF1419 domain-containing protein
7.23444312585e-06	1	non-ribosomal peptide synthase domain TIGR01720
7.23444312585e-06	1	acyl-protein synthetase LuxE, partial
7.23444312585e-06	1	Hef nuclease
7.23444312585e-06	1	asparagine--tRNA ligase, partial
7.23444312585e-06	1	plasmid replicase, partial
7.23444312585e-06	1	DUF3329 domain-containing protein
7.23444312585e-06	1	MULTISPECIES: thiol:disulfide interchange protein TlpA
7.23444312585e-06	1	bifunctional glycosyl transferase/transpeptidase
7.23444312585e-06	1	phosphoribosylformylglycinamidine synthase purS
7.23444312585e-06	1	ATP-binding cassette subfamily C
7.23444312585e-06	1	ISAs1 family transposase ISCysp7
7.23444312585e-06	1	Tol-Pal system subunit TolQ, partial
7.23444312585e-06	1	MULTISPECIES: mannitol dehydrogenase family protein
7.23444312585e-06	1	putative nitrate reductase, beta sub-unit
7.23444312585e-06	1	MAM protein, partial
7.23444312585e-06	1	signal recognition particle, partial
7.23444312585e-06	1	pantothenate metabolism flavoprotein
7.23444312585e-06	1	MULTISPECIES: glycosyltransferase subfamily GT2 protein
7.23444312585e-06	1	endo-1,4-beta-xylanase B
7.23444312585e-06	1	anaerobic ribonucleoside-triphosphate reductase domain protein
7.23444312585e-06	1	MULTISPECIES: DUF1702 domain-containing protein
7.23444312585e-06	1	Putative glutathione S-transferase-related transmembrane protein
7.23444312585e-06	1	beta-carotene 15 15'-monooxygenase Brp/Blh family
7.23444312585e-06	1	IS5 family transposase ISEcl5
7.23444312585e-06	1	MULTISPECIES: pheromone autoinducer 2 transporter
7.23444312585e-06	1	flagellar biosynthesis protein FlgC
7.23444312585e-06	1	TIGR02688 family protein, partial
7.23444312585e-06	1	thiamine biosynthesis lipoprotein
7.23444312585e-06	1	MULTISPECIES: D-lactate dehydrogenase
7.23444312585e-06	1	potassium/ion channel protein
7.23444312585e-06	1	MULTISPECIES: microcompartment protein PduB
7.23444312585e-06	1	MULTISPECIES: dGTPase
7.23444312585e-06	1	bacilysin biosynthesis oxidoreductase
7.23444312585e-06	1	Lipoprotein SPR
7.23444312585e-06	1	carbohydrate deacetylase
7.23444312585e-06	1	IS3 family transposase ISEfa8
7.23444312585e-06	1	KaiC 1, partial
7.23444312585e-06	1	NADH-quinone oxidoreductase subunit C/D, partial
7.23444312585e-06	1	MULTISPECIES: nickel/dipeptide/oligopeptide ABC transporter substrate-binding protein
7.23444312585e-06	1	MULTISPECIES: 16S rRNA (guanine(1516)-N(2))-methyltransferase
7.23444312585e-06	1	NAD-specific glutamate dehydrogenase GdhB
7.23444312585e-06	1	Flp pilus assembly protein, ATPase CpaE
7.23444312585e-06	1	MULTISPECIES: b558 family succinate dehydrogenase (or fumarate reductase) cytochrome B subunit
7.23444312585e-06	1	MULTISPECIES: G5 domain-containing protein
7.23444312585e-06	1	phosphomethylpyrimidine kinase type-1
7.23444312585e-06	1	coniferyl aldehyde dehydrogenase, partial
7.23444312585e-06	1	htrA-like serine protease
7.23444312585e-06	1	TrpR like protein, YerC/YecD
7.23444312585e-06	1	amine acid ABC transporter permease 3-TM region His/Glu/Gln/Arg/opine family
7.23444312585e-06	1	O-antigen assembly polymerase
7.23444312585e-06	1	phage minor structural protein GP20
7.23444312585e-06	1	HCO3- transporter
7.23444312585e-06	1	MULTISPECIES: iron transporter, partial
7.23444312585e-06	1	type 4 fimbrial pilin signal peptide protein
7.23444312585e-06	1	MMPL family protein
7.23444312585e-06	1	ThiJ/PfpI
7.23444312585e-06	1	beta-(1-6) glucans synthase
7.23444312585e-06	1	sulfite dehydrogenase (cytochrome) subunit apoprotein
7.23444312585e-06	1	MULTISPECIES: CDP-glycerol--UDP-pyrophosphoryl-N-acetylglucosaminyl-N-acetylmannosamine glycerophosphotransferase
7.23444312585e-06	1	molybdate ABC transporter periplasmic molybdate-binding protein
7.23444312585e-06	1	transcription elongation factor GreA/GreB
7.23444312585e-06	1	sodium-dependent galactose transporter
7.23444312585e-06	1	putative adenylate/guanylate cyclase
7.23444312585e-06	1	poly-gamma-glutamate synthesis protein (capsule biosynthesis protein)
7.23444312585e-06	1	ATP-dependent endonuclease of the OLD family
7.23444312585e-06	1	MULTISPECIES: O-acetyltransferase
7.23444312585e-06	1	two-component hybrid sensor and regulator, putative
7.23444312585e-06	1	carboxypeptidase PM20D1
7.23444312585e-06	1	p-cumate dioxygenase large subunit (CmtAb)
7.23444312585e-06	1	tRNA guanosine-2'-O-methyltransferase
7.23444312585e-06	1	adenine-specific N6 DNA methylase
7.23444312585e-06	1	Beta-lactamase class C and other penicillin binding protein
7.23444312585e-06	1	MULTISPECIES: isopropylmalate isomerase
7.23444312585e-06	1	fmu (sun) domain-containing protein
7.23444312585e-06	1	lipoprotein UxpA
7.23444312585e-06	1	DNA uptake Rossmann fold nucleotide-binding protein
7.23444312585e-06	1	sodium:proton exchanger, partial
7.23444312585e-06	1	ribosome recycling factor, partial
7.23444312585e-06	1	MULTISPECIES: GDP-6-deoxy-D-lyxo-4-hexulose reductase
7.23444312585e-06	1	Crp family transcriptional regulator
7.23444312585e-06	1	MULTISPECIES: cytochrome C'
7.23444312585e-06	1	protein ImuA
7.23444312585e-06	1	1,4-alpha-glucan-branching protein, partial
7.23444312585e-06	1	leucine-, isoleucine-, valine-, threonine-, and alanine-binding protein
7.23444312585e-06	1	MULTISPECIES: IS5 family transposase ISPa41
7.23444312585e-06	1	MULTISPECIES: branched-chain amino acid transport
7.23444312585e-06	1	sulfite reductase subunit C
7.23444312585e-06	1	MULTISPECIES: 6-hydroxynicotinate 3-monooxygenase
7.23444312585e-06	1	MULTISPECIES: dihydropteroate synthase, partial
7.23444312585e-06	1	capsule polysaccharide biosynthesis family protein
7.23444312585e-06	1	thiol reductant ABC exporter, CydD subunit
7.23444312585e-06	1	heme ABC exporter ATP-binding protein CcmA, partial
7.23444312585e-06	1	neuromedin U
7.23444312585e-06	1	CDA peptide synthetase I
7.23444312585e-06	1	MULTISPECIES: DUF370 domain-containing protein
7.23444312585e-06	1	secreted metal-dependent hydrolase
7.23444312585e-06	1	Exg1 protein
7.23444312585e-06	1	MULTISPECIES: peptidase M6
7.23444312585e-06	1	MULTISPECIES: chromophore maturation protein PvdO
7.23444312585e-06	1	putative Transporter of the DMT superfamily
7.23444312585e-06	1	MULTISPECIES: tetracycline regulation of excision, RteC
7.23444312585e-06	1	polyols ABC transporter substrate-binding protein
7.23444312585e-06	1	MULTISPECIES: bifunctional biotin operon transcriptional regulator/biotin-
7.23444312585e-06	1	MULTISPECIES: NADP transhydrogenase subunit alpha
7.23444312585e-06	1	membrane oxidoreductase
7.23444312585e-06	1	MULTISPECIES: hydrogenase expression/formation protein HupD
7.23444312585e-06	1	adenosylhomocysteine nucleosidase
7.23444312585e-06	1	DUF4804 domain-containing protein
7.23444312585e-06	1	cytochrome C precursor-related protein
7.23444312585e-06	1	glycosyl hydrolase 108 family protein
7.23444312585e-06	1	NAD(+) synthase (glutamine-hydrolyzing)
7.23444312585e-06	1	heme exporter protein c
7.23444312585e-06	1	MULTISPECIES: solute-binding transporter
7.23444312585e-06	1	glycosyl hydrolase family 2, sugar-binding domain protein
7.23444312585e-06	1	glutamate--cysteine ligase gcs2
7.23444312585e-06	1	thiamine biosynthesis protein ThiC
7.23444312585e-06	1	Sb46
7.23444312585e-06	1	addiction module antidote family protein
7.23444312585e-06	1	M36 family peptidase
7.23444312585e-06	1	growth inhibitor PemK, partial
7.23444312585e-06	1	type III secretion system ATPase
7.23444312585e-06	1	flagellar protein FlhB
7.23444312585e-06	1	hydrogenase 1, small subunit
7.23444312585e-06	1	MULTISPECIES: CDP-6-deoxy-L-threo-D-glycero-4-hexulose-3-dehydrase reductase
7.23444312585e-06	1	phosphoribosylformylglycinamidine synthase PurS
7.23444312585e-06	1	D-alanyl-D-alanine-carboxypeptidase/endopeptidase AmpH
7.23444312585e-06	1	Atrophin-1 multi-domain protein
7.23444312585e-06	1	disulfide oxidoreductase, partial
7.23444312585e-06	1	HipA N-terminal domain protein
7.23444312585e-06	1	flagellar basal body rod protein FlgG, partial
7.23444312585e-06	1	hydrogenase expression protein HypE, partial
7.23444312585e-06	1	lipoamide acyltransferase
7.23444312585e-06	1	molybdopterin biosynthesis protein, partial
7.23444312585e-06	1	transporter betaine/carnitine/choline transporter family protein
7.23444312585e-06	1	Fe-S protein assembly chaperone
7.23444312585e-06	1	pyridine nucleotide oxidoreductase
7.23444312585e-06	1	phage protein, HK97, gp10
7.23444312585e-06	1	Ser or Arg-related nuclear matrix protein
7.23444312585e-06	1	protein of unknown function DUF886
7.23444312585e-06	1	MULTISPECIES: cyanase
7.23444312585e-06	1	Lysophospholipase L1
7.23444312585e-06	1	antitoxin DNA-damage-inducible protein J
7.23444312585e-06	1	nodulate formation efficiency C protein
7.23444312585e-06	1	zinc transporter ZupT, partial
7.23444312585e-06	1	MULTISPECIES: DUF2938 domain-containing protein
7.23444312585e-06	1	PepSY domain protein
7.23444312585e-06	1	alkylglycerol monooxygenase
7.23444312585e-06	1	OXA-58 family carbapenem-hydrolyzing class D beta-lactamase OXA-397
7.23444312585e-06	1	cellulosomal protein
7.23444312585e-06	1	nuclease (SNase)
7.23444312585e-06	1	transmembrane anchored protein
7.23444312585e-06	1	DUF3175 domain-containing protein
7.23444312585e-06	1	ERCC4-type nuclease
7.23444312585e-06	1	L-alanine exporter AlaE
7.23444312585e-06	1	fumarase
7.23444312585e-06	1	MULTISPECIES: putrescine/spermidine ABC transporter permease
7.23444312585e-06	1	amine oxidase, flavin-containing
7.23444312585e-06	1	putative efflux transporter, outer membrane factor (OMF) lipoprotein, NodT family
7.23444312585e-06	1	MULTISPECIES: biopolymer transport protein ExbB
7.23444312585e-06	1	type III restriction-modification system, res subunit
7.23444312585e-06	1	ISNCY family transposase ISKol11
7.23444312585e-06	1	MULTISPECIES: branched-chain amino acid transport system substrate-binding protein
7.23444312585e-06	1	MULTISPECIES: tryptophan--tRNA ligase, partial
7.23444312585e-06	1	phi13 family phage major tail protein
7.23444312585e-06	1	SNARE-like domain protein
7.23444312585e-06	1	MULTISPECIES: tolB protein
7.23444312585e-06	1	MULTISPECIES: cyclohexadienyl dehydratase
7.23444312585e-06	1	maleylacetate reductase, partial
7.23444312585e-06	1	alanine racemase domain protein
7.23444312585e-06	1	forkhead-associated domain protein
7.23444312585e-06	1	phage large subunit terminase
7.23444312585e-06	1	oxoisovalerate dehydrogenase alpha and beta fusion
7.23444312585e-06	1	metapyrocatechase 2
7.23444312585e-06	1	hydrolase P-loop-like family protein
7.23444312585e-06	1	L-proline dehydrogenase
7.23444312585e-06	1	MULTISPECIES: DUF4303 domain-containing protein
7.23444312585e-06	1	acyl-CoA dehydrogenase fadE25
7.23444312585e-06	1	Peptidase, family M23
7.23444312585e-06	1	sugar/pyridoxal phosphate phosphatase YigL
7.23444312585e-06	1	nitrous oxide reductase periplasmic copper-binding protein NosD
7.23444312585e-06	1	vancomycin B-type resistance protein VanW
7.23444312585e-06	1	2-nitropropane dioxygenase NPD family protein
7.23444312585e-06	1	MltA protein
7.23444312585e-06	1	MULTISPECIES: FAD/NAD(P) domain
7.23444312585e-06	1	Ribulose bisphosphate carboxylase large chain, plasmid
7.23444312585e-06	1	MULTISPECIES: coenzyme F420 hydrogenase
7.23444312585e-06	1	putative glycosyl transferase, WecB/TagA/CpsF family
7.23444312585e-06	1	cytochrome c variant
7.23444312585e-06	1	Rieske domain-containing protein
7.23444312585e-06	1	MULTISPECIES: 3-dehydroquinate synthase, partial
7.23444312585e-06	1	metal-dependent phosphohydrolase HD sub domain protein
7.23444312585e-06	1	DhkG
7.23444312585e-06	1	envelope stress response protein PspG
7.23444312585e-06	1	sodium ABC exporter ATP-binding protein
7.23444312585e-06	1	MULTISPECIES: DUF4392 domain-containing protein
7.23444312585e-06	1	SCO family cytochrome c oxidase assembly protein
7.23444312585e-06	1	type IIS restriction enzyme R and M protein
7.23444312585e-06	1	glycine radical enzyme activase
7.23444312585e-06	1	conserved protein of unknown function
7.23444312585e-06	1	MULTISPECIES: type III secretion system protein SpaS
7.23444312585e-06	1	biopolymer transporter protein ExbD
7.23444312585e-06	1	MULTISPECIES: alpha-acetolactate decarboxylase
7.23444312585e-06	1	replication protein / DNA helicase
7.23444312585e-06	1	MULTISPECIES: IS982 family transposase IS1592
7.23444312585e-06	1	MULTISPECIES: cyclic pyranopterin monophosphate synthase
7.23444312585e-06	1	MULTISPECIES: DUF1990 domain-containing protein
7.23444312585e-06	1	protein of unknown function DUF1121
7.23444312585e-06	1	C4-dicarboxylate transporter/malic acid transport protein
7.23444312585e-06	1	adenosylcobyric acid synthase
7.23444312585e-06	1	Heme peroxidase, partial
7.23444312585e-06	1	CHRD domain-containing protein,putative calcium-binding protein
7.23444312585e-06	1	putative L-asparaginase II
7.23444312585e-06	1	MULTISPECIES: protein sopA
7.23444312585e-06	1	ferric siderophore transport system, periplasmic-binding protein TonB
7.23444312585e-06	1	bioH protein
7.23444312585e-06	1	DUF2674 domain-containing protein
7.23444312585e-06	1	MULTISPECIES: transcriptional regulator GlcC
7.23444312585e-06	1	manganese transport protein MntH
7.23444312585e-06	1	oxalate/formate antiport family MFS transporter
7.23444312585e-06	1	type 4 pili major subunit, partial
7.23444312585e-06	1	usg-like family protein
7.23444312585e-06	1	MULTISPECIES: nrdD protein
7.23444312585e-06	1	nusg antitermination factor
7.23444312585e-06	1	flavin-containing monoamine oxidase AofH
7.23444312585e-06	1	MULTISPECIES: NADH-ubiquinone/plastoquinone oxidoreductase chain 3
7.23444312585e-06	1	ParB domain-containing protein nuclease
7.23444312585e-06	1	MULTISPECIES: poly-beta-1,6-N-acetyl-D-glucosamine biosynthesis protein PgaD
7.23444312585e-06	1	glycine betaine/L-proline transport ATP binding subunit
7.23444312585e-06	1	Subtilisin, Alkaline protease
7.23444312585e-06	1	MULTISPECIES: alpha-(1-2)-phosphatidylinositol mannosyltransferase
7.23444312585e-06	1	penicillin V acylase-like amidase
7.23444312585e-06	1	RimK family alpha-L-glutamate ligase, partial
7.23444312585e-06	1	M28-family peptidase
7.23444312585e-06	1	lactam utilization protein
7.23444312585e-06	1	sulfur-regulated protein
7.23444312585e-06	1	major anaerobically induced protein
7.23444312585e-06	1	bifunctional phosphoribosylanthranilate isomerase/tryptophan synthase subunit beta
7.23444312585e-06	1	MULTISPECIES: trwI protein
7.23444312585e-06	1	selenoprotein B, glycine/betaine/sarcosine/D-proline reductase family
7.23444312585e-06	1	Long-chain-fatty-acid--CoA ligase 6-deoxyerythronolide-B synthase
7.23444312585e-06	1	Thiol:disulfide interchange protein (Protein-disulfide reductase)
7.23444312585e-06	1	exported aminopeptidase
7.23444312585e-06	1	MULTISPECIES: SprT family protein
7.23444312585e-06	1	TcuA: flavoprotein used to oxidize tricarballylate to cis-aconitate
7.23444312585e-06	1	MULTISPECIES: carbohydrate binding domain
7.23444312585e-06	1	MULTISPECIES: AcsD protein
7.23444312585e-06	1	SPP1 family phage head morphogenesis protein
7.23444312585e-06	1	MULTISPECIES: bifunctional murein DD-endopeptidase/murein LD-carboxypeptidase
7.23444312585e-06	1	FlhB domain-containing protein
7.23444312585e-06	1	Thiamine pyrophosphate enzyme-like TPP-binding protein
7.23444312585e-06	1	MULTISPECIES: all-trans-retinol 13,14-reductase
7.23444312585e-06	1	MULTISPECIES: yfeABCD regulator yfeE
7.23444312585e-06	1	MULTISPECIES: exported peptidase
7.23444312585e-06	1	DnaD-like protein
7.23444312585e-06	1	FimV domain-containing protein
7.23444312585e-06	1	IS256 family transposase ISPpa1
7.23444312585e-06	1	late competence protein
7.23444312585e-06	1	spermidine/putrescine transport system substrate-binding protein
7.23444312585e-06	1	MULTISPECIES: assimilatory sulfite reductase (NADPH) flavoprotein subunit
7.23444312585e-06	1	MULTISPECIES: 5-oxo-L-prolinase
7.23444312585e-06	1	phage late control gene D protein (GPD)
7.23444312585e-06	1	DNA damage-inducible protein, partial
7.23444312585e-06	1	xanthomonalisin
7.23444312585e-06	1	prepilin peptidase, partial
7.23444312585e-06	1	phosphoribosylpyrophosphate synthetase, partial
7.23444312585e-06	1	60 kDa inner membrane insertion protein
7.23444312585e-06	1	methyltransferase CheR, SAM binding domain protein
7.23444312585e-06	1	DUF3858 domain-containing protein
7.23444312585e-06	1	MULTISPECIES: alginate biosynthesis protein Alg44
7.23444312585e-06	1	glucosamine-6-P synthase, glutaminase subunit PtmA
7.23444312585e-06	1	MULTISPECIES: amidohydrolase / Omega amidase
7.23444312585e-06	1	DoxX family domain-containing protein
7.23444312585e-06	1	nb031; nematoblast specific protein
7.23444312585e-06	1	MULTISPECIES: tRNA uridine 5-carboxymethylaminomethyl modification enzyme GidA
7.23444312585e-06	1	MULTISPECIES: 2-keto-3-deoxygluconate kinase
7.23444312585e-06	1	putative glycosyl transferase/polysaccharide deacetylase
7.23444312585e-06	1	DUF3022 domain-containing protein
7.23444312585e-06	1	adhesin/hemagglutinin/hemolysin
7.23444312585e-06	1	IS1595 family transposase ISUnb3
7.23444312585e-06	1	MULTISPECIES: magnesium-transporting ATPase
7.23444312585e-06	1	MULTISPECIES: DUF126 domain-containing protein
7.23444312585e-06	1	MULTISPECIES: D,D-heptose 1,7-bisphosphate phosphatase
7.23444312585e-06	1	pilus biosynthesis protein TapB
7.23444312585e-06	1	sanA-like protein
7.23444312585e-06	1	phosphoribosylglycinamide formyltransferase 2, partial
7.23444312585e-06	1	MULTISPECIES: glycosyl hydrolase family 18
7.23444312585e-06	1	putative peptidase S8 family protein
7.23444312585e-06	1	malonyl-CoA decarboxylase (MCD)
7.23444312585e-06	1	MULTISPECIES: dGTP triphosphohydrolase
7.23444312585e-06	1	ompA family protein
7.23444312585e-06	1	MULTISPECIES: DUF3011 domain-containing protein
7.23444312585e-06	1	thiamine monophosphate kinase, partial
7.23444312585e-06	1	acetyltransferase fucose-4-O-acetylase
7.23444312585e-06	1	MULTISPECIES: pilus assembly protein PilE
7.23444312585e-06	1	MULTISPECIES: ribosome maturation protein RimP
7.23444312585e-06	1	phosphoenolpyruvate synthetase (PEP synthase)
7.23444312585e-06	1	seryl-tRNA synthetase, class IIa
7.23444312585e-06	1	pre-pilin like leader sequence
7.23444312585e-06	1	VrlE
7.23444312585e-06	1	kilA-N domain protein
7.23444312585e-06	1	spore photoproduct lyase family protein, partial
7.23444312585e-06	1	MULTISPECIES: type I-E CRISPR-associated protein Cse1/CasA
7.23444312585e-06	1	cytochrome C oxidase CoxO
7.23444312585e-06	1	flavoprotein oxygenase DIM6/NTAB family
7.23444312585e-06	1	cytochrome C biogenesis protein CcmC
7.23444312585e-06	1	cytochrome C oxidase CoxP
7.23444312585e-06	1	peptidase S16 lon domain protein
7.23444312585e-06	1	IS3 family transposase ISRso20
7.23444312585e-06	1	Two component regulator three Y domain-containing protein
7.23444312585e-06	1	ISAzo13 family transposase, partial
7.23444312585e-06	1	Mg2+ and Co2+ transporter
7.23444312585e-06	1	beta-etherase
7.23444312585e-06	1	antibiotic induced protein, Drp35
7.23444312585e-06	1	putative SorC family transcriptional regulator
7.23444312585e-06	1	ornithine aminomutase
7.23444312585e-06	1	MULTISPECIES: ATPase involved in chromosome partitioning
7.23444312585e-06	1	bifunctional uroporphyrinogen III synthetase/uroporphyrin III C-methyltransferase
7.23444312585e-06	1	MULTISPECIES: SLC5 family protein
7.23444312585e-06	1	TldD family protein
7.23444312585e-06	1	IS256 family transposase ISCARN47
7.23444312585e-06	1	MULTISPECIES: fructuronate reductase
7.23444312585e-06	1	MULTISPECIES: CRISPR-associated endonuclease Cas3''
7.23444312585e-06	1	Ser protein kinase
7.23444312585e-06	1	peptidoglycan O-acetyltransferase
7.23444312585e-06	1	gamma-glutamyl cyclotransferase
7.23444312585e-06	1	MULTISPECIES: RNA polymerase sigma factor HrpL
7.23444312585e-06	1	5-hydroxyisourate hydrolase, partial
7.23444312585e-06	1	putative molybdopterin-guanine dinucleotide biosynthesis protein A
7.23444312585e-06	1	MULTISPECIES: HAF repeat-containing protein
7.23444312585e-06	1	type III secretion apparatus protein RspB
7.23444312585e-06	1	glucosyl hydrolase
7.23444312585e-06	1	type 4 fimbrial biogenesis PilY1 signal peptide
7.23444312585e-06	1	osmolarity response regulator
7.23444312585e-06	1	DUF156 domain-containing protein
7.23444312585e-06	1	macrolide transporter ATP-binding /permease
7.23444312585e-06	1	2-keto-3-deoxy-phosphogalactonate aldolase
7.23444312585e-06	1	MULTISPECIES: hydrolase glyoxylase
7.23444312585e-06	1	protein TctC
7.23444312585e-06	1	MULTISPECIES: proton glutamate symport protein
7.23444312585e-06	1	MULTISPECIES: polysaccharide/polyol phosphate ABC transporter ATP-binding protein
7.23444312585e-06	1	MULTISPECIES: NAD(P)H-quinone oxidoreductase subunit F
7.23444312585e-06	1	GDP-perosamine synthase
7.23444312585e-06	1	6-a-glucosyltransferase
7.23444312585e-06	1	tyrosine recombinase XerC 2
7.23444312585e-06	1	MULTISPECIES: cell division protein CpoB
7.23444312585e-06	1	YvrJ family protein
7.23444312585e-06	1	MULTISPECIES: DUF4843 domain-containing protein
7.23444312585e-06	1	Sigma-70 region 2, partial
7.23444312585e-06	1	Pas/Pac sensor domaining-containing methyl-accepting chemotaxis sensory transducer
7.23444312585e-06	1	MULTISPECIES: Tellurite resistance TerB
7.23444312585e-06	1	DUF3836 domain-containing protein
7.23444312585e-06	1	acetylglucosamine transferase, partial
7.23444312585e-06	1	circularly permuted type 2 ATP-grasp protein, partial
7.23444312585e-06	1	phosphonate ABC transporter, permease protein PhnE, partial
7.23444312585e-06	1	alkylphosphonate utilization protein PhnG
7.23444312585e-06	1	MULTISPECIES: phage major tail protein, TP901-1 family
7.23444312585e-06	1	MULTISPECIES: virulence plasmid 28 protein
7.23444312585e-06	1	activator of osmoprotectant transporter prop
7.23444312585e-06	1	phage Gp15 protein
7.23444312585e-06	1	cytidine/uridine-specific hydrolase
7.23444312585e-06	1	putative nucleoside triphosphate hydrolase
7.23444312585e-06	1	DUF3667 domain-containing protein, partial
7.23444312585e-06	1	microsomal epoxide hydrolase
7.23444312585e-06	1	NIF3 domain protein
7.23444312585e-06	1	isochorismate synthase EntC
7.23444312585e-06	1	iron-sulfur cluster-binding protein, Rieske family
7.23444312585e-06	1	MULTISPECIES: two-component system sensor protein
7.23444312585e-06	1	ISLre2 family transposase ISNth2
7.23444312585e-06	1	cache, type 2 domain protein
7.23444312585e-06	1	glutamate--methylamine ligase
7.23444312585e-06	1	pilus assembly protein PilY1
7.23444312585e-06	1	ribonucleoside-diphosphate reductase small subunit
7.23444312585e-06	1	MULTISPECIES: CTP synthase (glutamine hydrolyzing)
7.23444312585e-06	1	MULTISPECIES: DNA primase (bacterial type) DnaG
7.23444312585e-06	1	DUF805 domain-containing protein, partial
7.23444312585e-06	1	putative alpha-mannosidase
7.23444312585e-06	1	aspartyl/asparaginyl beta-hydroxylase-like dioxygenase
7.23444312585e-06	1	hydrocarbon oxygenase
7.23444312585e-06	1	MULTISPECIES: 95 family protein
7.23444312585e-06	1	acetoin(diacetyl) reductase
7.23444312585e-06	1	cellulase domain containing protein
7.23444312585e-06	1	TIGR04100 family radical SAM protein
7.23444312585e-06	1	cell division septal protein, partial
7.23444312585e-06	1	MULTISPECIES: glycerol-3-phosphate ABC transporter ATPase
7.23444312585e-06	1	aminotransferase, class III superfamily
7.23444312585e-06	1	MchE protein-like
7.23444312585e-06	1	DUF2341 domain-containing protein, partial
7.23444312585e-06	1	outer membrane protein, partial
7.23444312585e-06	1	dihydrolipoamide acetyltransferase (E2) component of pyruvate dehydrogenase complex
7.23444312585e-06	1	immunoglobulin-binding regulator IbrB
7.23444312585e-06	1	periplasmic lipoprotein involved in iron transport
7.23444312585e-06	1	MULTISPECIES: licheninase
7.23444312585e-06	1	glutamine/glutamate--tRNA ligase
7.23444312585e-06	1	30S ribosomal protein S16, partial
7.23444312585e-06	1	phnA-like protein
7.23444312585e-06	1	LPS O-antigen chain length determinant protein WzzB
7.23444312585e-06	1	MULTISPECIES: retinoblastoma-binding protein 9
7.23444312585e-06	1	MULTISPECIES: sialidase
7.23444312585e-06	1	DUF4126 domain-containing protein, partial
7.23444312585e-06	1	MULTISPECIES: PmbA protein
7.23444312585e-06	1	EpsI domain-containing exosortase, partial
7.23444312585e-06	1	cell wall endopeptidase family M23/M37
7.23444312585e-06	1	membrane-associated zinc metalloprotease
7.23444312585e-06	1	MULTISPECIES: alpha,alpha-phosphotrehalase
7.23444312585e-06	1	MULTISPECIES: cobalt ABC transporter
7.23444312585e-06	1	MULTISPECIES: labile enterotoxin output A
7.23444312585e-06	1	MULTISPECIES: RepA replication protein
7.23444312585e-06	1	membrane-associated phospholipid phosphatase
7.23444312585e-06	1	DUF4885 domain-containing protein
7.23444312585e-06	1	LPS O-antigen length regulator
7.23444312585e-06	1	extracellular metalloproteinase, serralysin family, putative
7.23444312585e-06	1	putative ABC transporter ATP-binding protein ydiF
7.23444312585e-06	1	amino acid/peptide transporter family protein
7.23444312585e-06	1	MULTISPECIES: macro domain-containing protein
7.23444312585e-06	1	IS110 family transposase ISCaa7
7.23444312585e-06	1	protein killer gene system toxin
7.23444312585e-06	1	phage integrase, SAM-like domain protein
7.23444312585e-06	1	biotin operon repressor
7.23444312585e-06	1	5-aminolevulinic acid synthase, partial
7.23444312585e-06	1	Ferritin Dps family protein
7.23444312585e-06	1	2-aminoethylphosphonate ABC transport system, membrane component PhnV
7.23444312585e-06	1	MULTISPECIES: recombinase RarA
7.23444312585e-06	1	tetracycline efflux MFS transporter Tet(H)
7.23444312585e-06	1	negative amidase regulator, AmiC
7.23444312585e-06	1	aerotolerance protein BatE
7.23444312585e-06	1	DUF1131 domain-containing protein
7.23444312585e-06	1	BASS family bile acid:Na+ symporter
7.23444312585e-06	1	periplasmic glycine betaine/choline-binding (lipo)protein of an ABC-type transport system (osmoprotectant binding protein)
7.23444312585e-06	1	MULTISPECIES: Heme peroxidase, partial
7.23444312585e-06	1	dialkylrecorsinol condensing protein DarA
7.23444312585e-06	1	nitrogenase subunit NifH
7.23444312585e-06	1	esterase, PHB depolymerase family
7.23444312585e-06	1	MULTISPECIES: multidrug efflux MFS transporter subunit EmrB
7.23444312585e-06	1	NADH:ubiquinone oxidoreductase Na translocating B subunit
7.23444312585e-06	1	peptide ABC transporter ATPase, partial
7.23444312585e-06	1	MULTISPECIES: OLD family endonuclease
7.23444312585e-06	1	bifunctional protein hldE
7.23444312585e-06	1	Short chain fatty acids transporter
7.23444312585e-06	1	cysteine methyltransferase, partial
7.23444312585e-06	1	transglycosylase SLT domain-containing protein
7.23444312585e-06	1	NAD(P)H-quinone oxidoreductase subunit 1
7.23444312585e-06	1	glucose/sorbosone dehydrogenase family protein
7.23444312585e-06	1	pyruvate:ferredoxin oxidoreductase subunit beta
7.23444312585e-06	1	poly-beta-hydroxyalkanoate synthase (phbC)
7.23444312585e-06	1	DNA alkylation repair protein, partial
7.23444312585e-06	1	malonate decarboxylase
7.23444312585e-06	1	MULTISPECIES: trans-splicing intein-formed DNA polymerase III subunit alpha C-terminal partner DnaE-C
7.23444312585e-06	1	MULTISPECIES: Short chain fatty acid transporter
7.23444312585e-06	1	Saccharopine dehydrogenase-related protein
7.23444312585e-06	1	MULTISPECIES: cysteine biosynthesis protein
7.23444312585e-06	1	capsular polysaccharide biosynthesis protein CpsI
7.23444312585e-06	1	MULTISPECIES: 4Fe-4S binding protein
7.23444312585e-06	1	cyclic AMP receptor protein
7.23444312585e-06	1	DUF3868 domain-containing protein
7.23444312585e-06	1	Na+/Ca+ antiporter, CaCA family
7.23444312585e-06	1	putative beta (1-6) glucan synthase
7.23444312585e-06	1	diadenosine hexaphosphate hydrolase
7.23444312585e-06	1	agglutinin biogenesis protein MshP
7.23444312585e-06	1	MULTISPECIES: inosose isomerase
7.23444312585e-06	1	glycoside hydrolase family 4
7.23444312585e-06	1	MULTISPECIES: MaoC domain protein
7.23444312585e-06	1	NAD-dependent protein deacetylase SIR2 family
7.23444312585e-06	1	MULTISPECIES: SigE family RNA polymerase sigma factor
7.23444312585e-06	1	MULTISPECIES: DUF2786 domain-containing protein
7.23444312585e-06	1	lysin, partial
7.23444312585e-06	1	sigma factor RpoE negative regulatory protein
7.23444312585e-06	1	peptidase, M24 family
7.23444312585e-06	1	phosphate-selective porin o and p
7.23444312585e-06	1	RumB
7.23444312585e-06	1	phosphoglycerate transporter
7.23444312585e-06	1	DUF3089 domain-containing protein, partial
7.23444312585e-06	1	protein BmrU
7.23444312585e-06	1	MULTISPECIES: secretion protein HylD
7.23444312585e-06	1	superoxide dismutase (Fe)
7.23444312585e-06	1	DNA mismatch repair endonuclease MutH
7.23444312585e-06	1	insecticidal toxin
7.23444312585e-06	1	TniB family protein
7.23444312585e-06	1	MULTISPECIES: sex pilus assembly and mating pair formation protein
7.23444312585e-06	1	MULTISPECIES: DUF4138 domain-containing protein
7.23444312585e-06	1	RnfABCDGE type electron transport complex subunit G
7.23444312585e-06	1	queuosine synthesis
7.23444312585e-06	1	two-component system response regulator UvrY, partial
7.23444312585e-06	1	electron transport complex protein
7.23444312585e-06	1	DUF4003 domain-containing protein
7.23444312585e-06	1	DUF441 family protein
7.23444312585e-06	1	MULTISPECIES: DUF4374 domain-containing protein
7.23444312585e-06	1	MULTISPECIES: YedE-related selenium metabolism membrane protein
7.23444312585e-06	1	periplasmic glucans biosynthesis protein MdoG
7.23444312585e-06	1	MULTISPECIES: MFS sugar transporter
7.23444312585e-06	1	MULTISPECIES: Sulfur carrier protein adenylyltransferase ThiF
7.23444312585e-06	1	UDP-glucose--hexose-1-phosphate uridylyltransferase
7.23444312585e-06	1	UvrB/uvrC motif protein
7.23444312585e-06	1	plasmid segregation actin-type ATPase ParM
7.23444312585e-06	1	3'-5' oligoribonuclease A
7.23444312585e-06	1	iron-regulated protein FrpA, partial
7.23444312585e-06	1	MULTISPECIES: DUF965 domain-containing protein
7.23444312585e-06	1	asparaginase/glutaminase
7.23444312585e-06	1	bifunctional pyr operon transcriptional regulator/uracil phosphoribosyltransferase, partial
7.23444312585e-06	1	MULTISPECIES: glucose-6-P dehydrogenase subunit
7.23444312585e-06	1	MULTISPECIES: flagellar filament core protein FlaB2
7.23444312585e-06	1	MULTISPECIES: xenobiotic compound monooxygenase A subunit
7.23444312585e-06	1	High potential iron-sulfur protein, partial
7.23444312585e-06	1	putative nitrite reductase
7.23444312585e-06	1	capsule synthesis protein, CapA
7.23444312585e-06	1	formate dehydrogenase oxidoreductase
7.23444312585e-06	1	DUF3082 domain-containing protein, partial
7.23444312585e-06	1	phospholipase/lecithinase/hemolysin
7.23444312585e-06	1	MULTISPECIES: DUF899 domain-containing protein
7.23444312585e-06	1	MULTISPECIES: DUF5004 domain-containing protein
7.23444312585e-06	1	MULTISPECIES: 50S ribosomal protein L27, partial
7.23444312585e-06	1	flavin monoamine oxidase family protein
7.23444312585e-06	1	MULTISPECIES: DUF669 domain-containing protein
7.23444312585e-06	1	50S ribosomal protein L32e
7.23444312585e-06	1	DNA-3-methyladenine glycosylase II
7.23444312585e-06	1	NLP/P60-family secreted protein
7.23444312585e-06	1	N-succinylarginine dihydrolase 1
7.23444312585e-06	1	Protein of unknown function DUF2135
7.23444312585e-06	1	MULTISPECIES: transaldolase 1
7.23444312585e-06	1	IS1595 family transposase ISFbr1
7.23444312585e-06	1	von Willebrand factor type D domain protein
7.23444312585e-06	1	mannitol operon repressor
7.23444312585e-06	1	MULTISPECIES: bifunctional indole-3-glycerol phosphate synthase/phosphoribosylanthranilate isomerase
7.23444312585e-06	1	DNA mismatch repair protein muts domain-containing protein
7.23444312585e-06	1	MULTISPECIES: N-acetylgalactosamine-6-sulfatase
7.23444312585e-06	1	MULTISPECIES: methylcobamide--CoM methyltransferase
7.23444312585e-06	1	MULTISPECIES: DUF723 domain-containing protein
7.23444312585e-06	1	ammonia uptake protein, AmtB
7.23444312585e-06	1	Vitamin B12 ABC transporter B12-binding protein BtuF
7.23444312585e-06	1	CRISPR-associated protein Csd1
7.23444312585e-06	1	MULTISPECIES: heptosyltransferase
7.23444312585e-06	1	DNA repair protein RadC family protein
7.23444312585e-06	1	poly(A) polymerase, partial
7.23444312585e-06	1	IS5 family transposase ISLar5
7.23444312585e-06	1	MULTISPECIES: LysR family transcriptional regulator ArgP
7.23444312585e-06	1	MULTISPECIES: RNA chaperone ProQ
7.23444312585e-06	1	MULTISPECIES: serine/threonine-protein phosphatase, partial
7.23444312585e-06	1	L-galactonate oxidoreductase YjjN
7.23444312585e-06	1	MULTISPECIES: citrate:proton symporter
7.23444312585e-06	1	opacity protein
7.23444312585e-06	1	FGGY family of carbohydrate kinase, N-terminal domain protein
7.23444312585e-06	1	ATP synthase gamma chain
7.23444312585e-06	1	ferrichrome-binding protein
7.23444312585e-06	1	dna integrity scanning protein disa
7.23444312585e-06	1	Oxidoreductase, short-chain dehydrogenase/reductase family
7.23444312585e-06	1	beta-1,3-glucan biosynthesis protein
7.23444312585e-06	1	ATP-dependent helicase HrpA
7.23444312585e-06	1	disulfide isomerase-like protein
7.23444312585e-06	1	bifunctional enoyl-CoA hydratase/phosphate acetyltransferase, partial
7.23444312585e-06	1	reverse transcriptase family protein
7.23444312585e-06	1	conjugative transfer relaxase/helicase TraI, partial
7.23444312585e-06	1	PE family protein
7.23444312585e-06	1	MULTISPECIES: terminase GpA
7.23444312585e-06	1	GGDEF:EAL:GAF-domain containing protein PAS
7.23444312585e-06	1	S-type pyocin family protein
7.23444312585e-06	1	F420-dependent methylene-tetrahydromethanopterin reductase
7.23444312585e-06	1	MULTISPECIES: type-F conjugative transfer system secretin TraK
7.23444312585e-06	1	cyanoexosortase A
7.23444312585e-06	1	Helicase UvrD/Rep family
7.23444312585e-06	1	pyridoxal phosphate phosphatase
7.23444312585e-06	1	dihydrolipoyllysine-residue succinyltransferase component of 2-oxoglutarate dehydrogenase complex
7.23444312585e-06	1	Na+/H+ antiporter NhaC, partial
7.23444312585e-06	1	O-antigen ABC exporter, permease
7.23444312585e-06	1	NLI interacting domain protein
7.23444312585e-06	1	heat shock protein 15
7.23444312585e-06	1	MULTISPECIES: DUF4154 domain-containing protein
7.23444312585e-06	1	zinc-binding CMP/dCMP deaminase
7.23444312585e-06	1	pyoverdine sidechain peptide synthetase II, D-Asp-L-Thr component
7.23444312585e-06	1	Cna protein B-type domain containing protein
7.23444312585e-06	1	FKBP-type peptidyl-prolyl cis-trans isomerase fkpA
7.23444312585e-06	1	MULTISPECIES: type IV secretion system protein VirB3
7.23444312585e-06	1	MULTISPECIES: RiPP maturation radical SAM protein 1
7.23444312585e-06	1	glucose-methanol-choline (GMC) oxidoreductase
7.23444312585e-06	1	DUF2732 domain-containing protein
7.23444312585e-06	1	tetrapyrrole methyltransferase
7.23444312585e-06	1	MULTISPECIES: DUF1832 domain-containing protein
7.23444312585e-06	1	phage holin, lambda family
7.23444312585e-06	1	Glyoxalase/dioxygenase/bleomycin resistance superfamily protein
7.23444312585e-06	1	MULTISPECIES: TIGR02646 family protein
7.23444312585e-06	1	MULTISPECIES: sugar ABC transporter membrane protein
7.23444312585e-06	1	3-oxoacyl-(ACP) reductase
7.23444312585e-06	1	MULTISPECIES: N-acylhomoserine lactone synthase
7.23444312585e-06	1	WalM protein
7.23444312585e-06	1	sodium/proline symporter, partial
7.23444312585e-06	1	putative protein kinase
7.23444312585e-06	1	Holliday junction DNA helicase RuvA, N-terminal domain protein
7.23444312585e-06	1	B-1,4-endoglucanase
7.23444312585e-06	1	electron-transferring-flavoprotein dehydrogenase
7.23444312585e-06	1	bifunctional aspartate carbamoyltransferase catalytic subunit/aspartate carbamoyltransferase regulatory subunit
7.23444312585e-06	1	PotH
7.23444312585e-06	1	FAD-binding oxidase
7.23444312585e-06	1	ompetence-damaged protein
7.23444312585e-06	1	Hdr-like menaquinol oxidoreductase cytochrome c subunit
7.23444312585e-06	1	DUF4363 domain-containing protein
7.23444312585e-06	1	MULTISPECIES: outer membrane-stress sensor serine endopeptidase DegS
7.23444312585e-06	1	MULTISPECIES: Cu+ exporting ATPase
7.23444312585e-06	1	MULTISPECIES: peptidase M48 Ste24p
7.23444312585e-06	1	dolichyl-phosphate-mannose-mannosyltransferase
7.23444312585e-06	1	MULTISPECIES: putative esterase
7.23444312585e-06	1	4-amino-6-deoxy-N-acetyl-D-hexosaminyl-(lipid carrier) acetyltransferase
7.23444312585e-06	1	Alpha-amylase 3
7.23444312585e-06	1	putative capsule polysaccharide export protein
7.23444312585e-06	1	MULTISPECIES: BatA protein
7.23444312585e-06	1	putative two-component system response regulator
7.23444312585e-06	1	MULTISPECIES: ubiquitin carboxyl-hydrolase
7.23444312585e-06	1	sensor with HAMP domain protein
7.23444312585e-06	1	universal stress protein G
7.23444312585e-06	1	hydrogenase Fe-only
7.23444312585e-06	1	Amidohydrolase family enzyme
7.23444312585e-06	1	putative Diguanylate cyclase
7.23444312585e-06	1	nitrous oxide reductase family maturation protein NosD
7.23444312585e-06	1	MULTISPECIES: YccF domain-containing protein
7.23444312585e-06	1	ATPase involved in DNA replication initiation
7.23444312585e-06	1	GDSL-like lipase/acylhydrolase, putative
7.23444312585e-06	1	Ycf66 protein N-terminus
7.23444312585e-06	1	OB-fold nucleic acid binding domain protein
7.23444312585e-06	1	5-keto-D-gluconate-5-reductase
7.23444312585e-06	1	MULTISPECIES: fructosamine kinase family protein
7.23444312585e-06	1	gamma-glutamyl-gamma-aminobutyraldehyde dehydrogenase PuuC
7.23444312585e-06	1	SpoIID/LytB domain
7.23444312585e-06	1	lipopolysaccharide biosynthesis protein RfbU
7.23444312585e-06	1	2-hydroxyacid dehydrogenase, putative
7.23444312585e-06	1	response regulator with putative antiterminator output domain
7.23444312585e-06	1	ATP-binding transport protein NatA
7.23444312585e-06	1	geranylgeranyl reductase, partial
7.23444312585e-06	1	hfsB
7.23444312585e-06	1	LPS-assembly, LptC-related protein
7.23444312585e-06	1	4-hydroxyproline 2-epimerase
7.23444312585e-06	1	3-ketodihydrosphingosine reductase
7.23444312585e-06	1	type I restriction enzyme specificity protein HsdS
7.23444312585e-06	1	catechol 1,2-dioxygenase, partial
7.23444312585e-06	1	HK97 family phage protein
7.23444312585e-06	1	M16 family peptidase
7.23444312585e-06	1	MULTISPECIES: fumarate reductase/succinate dehydrogenase flavoprotein domain protein
7.23444312585e-06	1	MULTISPECIES: glycosyl hydrolase family 1
7.23444312585e-06	1	MULTISPECIES: glycosyl hydrolase family 9
7.23444312585e-06	1	muconate cycloisomerase 1
7.23444312585e-06	1	MULTISPECIES: potassium transporter Kef
7.23444312585e-06	1	bacteriocin biosynthesis cyclodehydratase
7.23444312585e-06	1	flagellin type B, partial
7.23444312585e-06	1	MULTISPECIES: Lsa family ABC-F type ribosomal protection protein
7.23444312585e-06	1	electron transport complex subunit G
7.23444312585e-06	1	MULTISPECIES: galactosyl-1-phosphate transferase
7.23444312585e-06	1	Ribulose bisphosphate carboxylase/oxygenase activase
7.23444312585e-06	1	Long-chain acyl-CoA synthetase AMP-forming
7.23444312585e-06	1	secreted protein containing Spore coat protein CotH domain protein
7.23444312585e-06	1	nitrogen fixation protein NifU
7.23444312585e-06	1	transglutaminase-like enzyme
7.23444312585e-06	1	head-tail adaptor protein, partial
7.23444312585e-06	1	MULTISPECIES: IS110 family transposase, partial
7.23444312585e-06	1	fructokinase, partial
7.23444312585e-06	1	alkyl sulfatase or beta-lactamase
7.23444312585e-06	1	parB-like partition proteins
7.23444312585e-06	1	MULTISPECIES: enterochelin esterase
7.23444312585e-06	1	MULTISPECIES: colanic acid biosynthesis glycosyltransferase WcaE
7.23444312585e-06	1	type-2 restriction enzyme ScrFI
7.23444312585e-06	1	assimilatory nitrite reductase subunit
7.23444312585e-06	1	NAD-dependent epimerase/dehydratase:Short-chain dehydrogenase/reductase SDR
7.23444312585e-06	1	caspase-like domain-containing protein, partial
7.23444312585e-06	1	type II/IV secretion system protein, TadA subfamily
7.23444312585e-06	1	capsular polysaccharide ABC transporter ATP-binding protein
7.23444312585e-06	1	carboxyltransferase subunit of acetyl-CoA carboxylase
7.23444312585e-06	1	secreted serine protease
7.23444312585e-06	1	PfaD family protein
7.23444312585e-06	1	two-component system sensor with a ligand-binding domain protein
7.23444312585e-06	1	molybdenum-pterin-binding protein
7.23444312585e-06	1	MULTISPECIES: 2-oxoglutarate dehydrogenase E1 component, partial
7.23444312585e-06	1	virulence plasmid B protein, partial
7.23444312585e-06	1	enoate reductase
7.23444312585e-06	1	nucleotide exchange factor GrpE, partial
7.23444312585e-06	1	transferase phosphatidylglycerophosphate synthase
7.23444312585e-06	1	cysteine-binding protein
7.23444312585e-06	1	SpoIVB peptidase S55
7.23444312585e-06	1	siphovirus Gp157 family protein
7.23444312585e-06	1	MULTISPECIES: DUF1700 domain-containing protein
7.23444312585e-06	1	MULTISPECIES: MORN repeat-containing protein
7.23444312585e-06	1	DUF4391 domain-containing protein, partial
7.23444312585e-06	1	L+-tartrate dehydratase subunit beta
7.23444312585e-06	1	putative tRNA (guanine-N(7)-)-methyltransferase
7.23444312585e-06	1	restriction endonuclease type I, S subunit
7.23444312585e-06	1	FecR anti-FecI sigma factor
7.23444312585e-06	1	CRISPR-associated protein Csh2
7.23444312585e-06	1	MULTISPECIES: protoheme IX synthesis protein
7.23444312585e-06	1	thioredoxin peroxidase, partial
7.23444312585e-06	1	xanthan biosynthesis pyruvyl transferase GumL
7.23444312585e-06	1	glucosylglycerol 3-phosphatase
7.23444312585e-06	1	cobalt-precorrin-6Y C(15)-methyltransferase
7.23444312585e-06	1	IS256 family transposase IS406
7.23444312585e-06	1	FAD-dependent pyridine nucleotide-disulphide oxidoreductase, partial
7.23444312585e-06	1	bifunctional precorrin-3 methyltransferase/precorrin-6x reductase
7.23444312585e-06	1	IS3 family transposase ISBugl1
7.23444312585e-06	1	hipa n-terminal domain-containing protein, partial
7.23444312585e-06	1	oxaloacetate decarboxylase alpha chain
7.23444312585e-06	1	DUF2029 domain-containing protein, partial
7.23444312585e-06	1	deoxycytidine deaminase
7.23444312585e-06	1	multi-sensor histidine kinase
7.23444312585e-06	1	MULTISPECIES: sucrose-phosphate phosphatase
7.23444312585e-06	1	N-formylglutamate amidohydrolase HutG
7.23444312585e-06	1	HPr(Ser) kinase/phosphatase, partial
7.23444312585e-06	1	thiol-disulfide oxidoreductase resA
7.23444312585e-06	1	MULTISPECIES: geranylgeranylglyceryl/heptaprenylglyceryl phosphate synthase
7.23444312585e-06	1	DUF108 domain-containing protein
7.23444312585e-06	1	MULTISPECIES: phosphatidylinositol-specific phospholipase C-like protein
7.23444312585e-06	1	CHASE2 domain protein
7.23444312585e-06	1	competence protein CoiA
7.23444312585e-06	1	6-O-methylguanine DNA methyltransferase, partial
7.23444312585e-06	1	MULTISPECIES: peptidoglycan peptidase
7.23444312585e-06	1	trimethoprim-resistant dihydrofolate reductase DfrC
7.23444312585e-06	1	MULTISPECIES: UDP-galactose-4-epimerase
7.23444312585e-06	1	kfra protein
7.23444312585e-06	1	MULTISPECIES: glycosyl transferase group 1 family protein
7.23444312585e-06	1	putative monoheme Cytochrome c
7.23444312585e-06	1	Heme NO-binding domain-containing protein
7.23444312585e-06	1	MULTISPECIES: scramblase
7.23444312585e-06	1	beta-glucuronidase Glycoside hydrolase family 2
7.23444312585e-06	1	MULTISPECIES: glutathione ABC transporter substrate-binding protein
7.23444312585e-06	1	MULTISPECIES: 3-dehydro-L-gulonate 2-dehydrogenase
7.23444312585e-06	1	MULTISPECIES: site-specific DNA methylase
7.23444312585e-06	1	NADPH dehydrogenase (Xenobiotic reductase)
7.23444312585e-06	1	KaiA domain-containing protein
7.23444312585e-06	1	PhnI protein
7.23444312585e-06	1	cytochrome c oxidase subunit CcoP
7.23444312585e-06	1	hydroxylamine oxidase
7.23444312585e-06	1	heat-shock protein Hsp33, partial
7.23444312585e-06	1	Large neutral amino acids transporter small subunit 2
7.23444312585e-06	1	MULTISPECIES: DUF4375 domain-containing protein
7.23444312585e-06	1	Tol-Pal system protein YbgF
7.23444312585e-06	1	aspartate--ammonia ligase, partial
7.23444312585e-06	1	transcriptional activator HlyU
7.23444312585e-06	1	SLC13 family permease, partial
7.23444312585e-06	1	MULTISPECIES: surface adhesion protein
7.23444312585e-06	1	water-soluble carotenoid protein
7.23444312585e-06	1	carbamoyl-phosphate synthase
7.23444312585e-06	1	MULTISPECIES: DUF2314 domain-containing protein
7.23444312585e-06	1	family protein
7.23444312585e-06	1	aculeacin a acylase transmembrane protein
7.23444312585e-06	1	ABC-type transport system permease component
7.23444312585e-06	1	DUF2064 domain-containing protein
7.23444312585e-06	1	MULTISPECIES: photosystem II reaction center protein T
7.23444312585e-06	1	MULTISPECIES: photosystem II reaction center protein M
7.23444312585e-06	1	MULTISPECIES: 7Fe ferredoxin
7.23444312585e-06	1	ADP-heptose:LPS heptosyltransferase-like protein
7.23444312585e-06	1	MULTISPECIES: DUF4129 domain-containing protein
7.23444312585e-06	1	MULTISPECIES: glutaconate CoA-transferase
7.23444312585e-06	1	fimbrial usher protein StbD
7.23444312585e-06	1	flagellar biosynthesis protein FlhG
7.23444312585e-06	1	MsrA3 - peptide methionine sulfoxide reductase
7.23444312585e-06	1	MULTISPECIES: vanillate O-demethylase oxidoreductase VanB
7.23444312585e-06	1	MULTISPECIES: NAD(P)H-flavin oxidoreductase
7.23444312585e-06	1	MULTISPECIES: acyl-CoA esterase
7.23444312585e-06	1	ZipA
7.23444312585e-06	1	MULTISPECIES: flagellar biosynthetic protein FliO
7.23444312585e-06	1	MULTISPECIES: aromatic ring hydroxylase
7.23444312585e-06	1	transcriptional repressor MprA
7.23444312585e-06	1	Cu2+-exporting ATPase
7.23444312585e-06	1	pts system, N-acetylglucosamine-specific iibc component
7.23444312585e-06	1	protein methyltransferase, partial
7.23444312585e-06	1	NADH:quinone oxidoreductase I, chain B
7.23444312585e-06	1	stomatin/prohibitin-like protein
7.23444312585e-06	1	mycofactocin system glycosyltransferase, partial
7.23444312585e-06	1	transketolase, pyrimidine-binding domain-containing protein
7.23444312585e-06	1	trap-t family transporter
7.23444312585e-06	1	PTS lactose/cellobiose family IIC component
7.23444312585e-06	1	putative 3-phosphoshikimate 1-carboxyvinyltransferase
7.23444312585e-06	1	TrpR-like protein YerC/YecD
7.23444312585e-06	1	efflux ABC transporter permease/ATP-binding protein
7.23444312585e-06	1	putative signal transduction histidine kinase two-component system with Protein-glutamate methylesterase domain
7.23444312585e-06	1	MULTISPECIES: plasmid stability protein StbA
7.23444312585e-06	1	nitrogen regulatory protein PtsN
7.23444312585e-06	1	MULTISPECIES: HupC
7.23444312585e-06	1	MULTISPECIES: IucA/IucC family siderophore biosynthesis protein
7.23444312585e-06	1	cytochrome C oxidase caa3-type, assembly factor CtaG-like protein
7.23444312585e-06	1	MULTISPECIES: amidohydrolase 3
7.23444312585e-06	1	regulator of chromosome condensation RCC
7.23444312585e-06	1	IS3 family transposase ISEcl1
7.23444312585e-06	1	proton glutamate symport protein
7.23444312585e-06	1	transport-related membrane protein
7.23444312585e-06	1	trimethoprim-resistant dihydrofolate reductase DfrD
7.23444312585e-06	1	Barstar, RNAse (barnase) inhibitor
7.23444312585e-06	1	glutamine amidotransferase class-I family protein
7.23444312585e-06	1	molybdate ABC transporter, ATPase subunit
7.23444312585e-06	1	phage single-stranded DNA-binding protein
7.23444312585e-06	1	iron-regulated protein A precursor
7.23444312585e-06	1	MULTISPECIES: ZIP family zinc transporter
7.23444312585e-06	1	IS5 family transposase ISPa35
7.23444312585e-06	1	pyridoxamine 5'-phosphate oxidase-related FMN-binding protein
7.23444312585e-06	1	oxidoreductase FAD-binding region
7.23444312585e-06	1	heavy metal RND transporter
7.23444312585e-06	1	DUF1481 domain-containing protein
7.23444312585e-06	1	elastin-like protein
7.23444312585e-06	1	squalene--hopene cyclase, partial
7.23444312585e-06	1	MULTISPECIES: desulfoferrodoxin
7.23444312585e-06	1	DUF2397 domain-containing protein
7.23444312585e-06	1	MULTISPECIES: formate/nitrite transporter
7.23444312585e-06	1	YkgG family protein
7.23444312585e-06	1	type III secretion protein HrpB2
7.23444312585e-06	1	methyltransferase-domain protein
7.23444312585e-06	1	DnaJ-class molecular chaperone with C-terminal Zn finger domain
7.23444312585e-06	1	endopolygalacturonase, partial
7.23444312585e-06	1	HSP90 family protein
7.23444312585e-06	1	capsule polysaccharide biosynthesis protein family
7.23444312585e-06	1	tRNA-U20-dihydrouridine synthase
7.23444312585e-06	1	Mg chelatase ATPase subunit ChlI
7.23444312585e-06	1	Obg family GTPase
7.23444312585e-06	1	MULTISPECIES: molecular chaperone DjiA
7.23444312585e-06	1	SNase-like nuclease
7.23444312585e-06	1	MULTISPECIES: insecticidal toxin protein
7.23444312585e-06	1	SpkB protein
7.23444312585e-06	1	pilin glycosylation protein
7.23444312585e-06	1	potassium uptake system, Trk family
7.23444312585e-06	1	dodecin flavoprotein
7.23444312585e-06	1	MULTISPECIES: protein hupE
7.23444312585e-06	1	MULTISPECIES: GXGXG motif family protein
7.23444312585e-06	1	glycine/betaine/carnitine/choline ABC transport system permease protein
7.23444312585e-06	1	LIM zinc-binding protein
7.23444312585e-06	1	homoaconitate hydratase
7.23444312585e-06	1	Respiratory nitrate reductase alpha chain
7.23444312585e-06	1	putida redoxin-type (2Fe-2S) ferredoxin
7.23444312585e-06	1	regulator of cell morphogenesis and NO signaling
7.23444312585e-06	1	MULTISPECIES: fumarate hydratase class I, anaerobic
7.23444312585e-06	1	peroxyureidoacrylate/ureidoacrylate amidohydrolase RutB
7.23444312585e-06	1	MULTISPECIES: trans-splicing intein-formed DNA polymerase III subunit alpha N-terminal partner DnaE-N
7.23444312585e-06	1	Na+/H+ antiporter nhaA 1
7.23444312585e-06	1	MULTISPECIES: plasmid partitioning protein
7.23444312585e-06	1	MULTISPECIES: 50S ribosomal protein L31 type B
7.23444312585e-06	1	MULTISPECIES: chitin-binding protein
7.23444312585e-06	1	MULTISPECIES: 3-polyprenyl-4-hydroxybenzoate decarboxylase
7.23444312585e-06	1	peptidase S9 prolyl oligopeptidase
7.23444312585e-06	1	4-hydroxybenzoyl-CoA reductase molybdopterin-binding subunit A
7.23444312585e-06	1	histidine kinase family
7.23444312585e-06	1	MULTISPECIES: DUF550 domain-containing protein
7.23444312585e-06	1	sporulation regulation protein
7.23444312585e-06	1	putative alcohol dehydrogenase (acceptor)
7.23444312585e-06	1	phage methyltransferase
7.23444312585e-06	1	MULTISPECIES: galactosyltransferase
7.23444312585e-06	1	ABC transporter, substrate-binding protein, QAT family
7.23444312585e-06	1	TRL-like family protein
7.23444312585e-06	1	manganese/zinc ABC transporter permease
7.23444312585e-06	1	nonribosomal peptide synthetase DhbF
7.23444312585e-06	1	MULTISPECIES: Rcs stress response system protein RcsF
7.23444312585e-06	1	Sphingosine-1-phosphate lyase (SP-lyase)
7.23444312585e-06	1	Tat (twin-arginine translocation) pathway signal sequence
7.23444312585e-06	1	MULTISPECIES: antibiotic processing protein
7.23444312585e-06	1	perosamine synthetase, partial
7.23444312585e-06	1	PBS lyase HEAT-like repeat family protein
7.23444312585e-06	1	DUF3718 domain-containing protein
7.23444312585e-06	1	GMC-type oxidoreductase
7.23444312585e-06	1	acetyl-CoA carboxyltransferase subunit beta
7.23444312585e-06	1	ribosome biogenesis GTPase YqeH
7.23444312585e-06	1	MULTISPECIES: 23S rRNA pseudouridylate synthase
7.23444312585e-06	1	MULTISPECIES: gliding-motility protein MglA
7.23444312585e-06	1	MULTISPECIES: PRTRC system protein C
7.23444312585e-06	1	urease accessory protein UreH
7.23444312585e-06	1	threonine/serine transporter TdcC
7.23444312585e-06	1	pyruvate flavodoxin/ferredoxin oxidoreductase domain protein
7.23444312585e-06	1	tight adherence protein C
7.23444312585e-06	1	dimethylmenaquinone methyltransferase MenG
7.23444312585e-06	1	RNA polymerase factor sigma C
7.23444312585e-06	1	methylamine dehydrogenase light chain
7.23444312585e-06	1	conjugal transfer protein TraA, partial
7.23444312585e-06	1	nitrogenase (molybdenum-iron)-specific transcriptional regulator NifA
7.23444312585e-06	1	maltose ABC transporter ATP-binding protein
7.23444312585e-06	1	MULTISPECIES: AvrE family type 3 secretion system effector
7.23444312585e-06	1	putative metallo-hydrolase/oxidoreductase
7.23444312585e-06	1	MULTISPECIES: phage tail family protein
7.23444312585e-06	1	HAE1 family efflux transporter
7.23444312585e-06	1	DNA polymerase beta domain-containing protein region
7.23444312585e-06	1	cryptochrome/photolyase family protein, partial
7.23444312585e-06	1	Ferredoxin subunit
7.23444312585e-06	1	histidine kinase transcriptional regulator protein
7.23444312585e-06	1	carboxypeptidase YodJ
7.23444312585e-06	1	DUF3850 domain-containing protein, partial
7.23444312585e-06	1	enzyme involved in methoxymalonyl-ACP biosynthesis-like protein
7.23444312585e-06	1	5'-methylthioadenosine phosphorylase, partial
7.23444312585e-06	1	IS1595 family transposase ISFba1
7.23444312585e-06	1	DUF4881 domain-containing protein
7.23444312585e-06	1	MULTISPECIES: sensor protein PhoQ
7.23444312585e-06	1	dockerin-like protein
7.23444312585e-06	1	translation initiation factor IF-5A, partial
7.23444312585e-06	1	MULTISPECIES: phosphoribosylglycinamide formyltransferase, partial
7.23444312585e-06	1	DUF3094 domain-containing protein
7.23444312585e-06	1	MULTISPECIES: hydroxamate siderophore iron reductase FhuF
7.23444312585e-06	1	Sir2 silent information regulator family NAD-dependent deacetylase
7.23444312585e-06	1	cation transporter E1-E2 family ATPase
7.23444312585e-06	1	cystathionine gamma-synthase PLP-dependent
7.23444312585e-06	1	flagellar biosynthesis protein FlgI, partial
7.23444312585e-06	1	protein pyrBI
7.23444312585e-06	1	Pilin biogenesis protein
7.23444312585e-06	1	MULTISPECIES: metal-dependent amidase/aminoacylase/carboxypeptidase
7.23444312585e-06	1	site-specific DNA-binding protein
7.23444312585e-06	1	helix-turn-helix domain containing protein, partial
7.23444312585e-06	1	phage integrase, N-terminal SAM-like protein
7.23444312585e-06	1	Uroporphyrin-III C-methyltransferase-like
7.23444312585e-06	1	ABC-transport protein, solute-binding component
7.23444312585e-06	1	PTS acetylglucosamine transporter subunit IIB
7.23444312585e-06	1	putative glucose-6-phosphate isomerase
7.23444312585e-06	1	PPE-repeat protein
7.23444312585e-06	1	sodium/solute symporter family protein
7.23444312585e-06	1	ABC-type multidrug transport system, ATPase component
7.23444312585e-06	1	type I restriction-modification enzyme, specificity subunit
7.23444312585e-06	1	iron-sulphur-binding reductase
7.23444312585e-06	1	outer membrane transporter
7.23444312585e-06	1	putative DNA mismatch repair protein mutL
7.23444312585e-06	1	ETC complex I subunit region
7.23444312585e-06	1	bacillolysin (Neutral protease)
7.23444312585e-06	1	putative uracil permease
7.23444312585e-06	1	putative metal-dependent phosphoesterase, PHP family
7.23444312585e-06	1	sodium ABC transporter ATP-binding protein NatA
7.23444312585e-06	1	MULTISPECIES: DNA endonuclease SmrA
7.23444312585e-06	1	endorhamnosidase
7.23444312585e-06	1	Fusaric acid resistance protein
7.23444312585e-06	1	binding-protein-dependent transport system protein
7.23444312585e-06	1	type cbb3 cytochrome oxidase biogenesis protein CcoI
7.23444312585e-06	1	MULTISPECIES: autotransporter adhesin
7.23444312585e-06	1	choice-of-anchor A domain-containing protein
7.23444312585e-06	1	MULTISPECIES: DUF3151 domain-containing protein
7.23444312585e-06	1	MULTISPECIES: divalent cation transporter
7.23444312585e-06	1	glutamate decarboxylase-like PLP-dependent protein
7.23444312585e-06	1	2-oxoacid:ferredoxin oxidoreductase subunit alpha
7.23444312585e-06	1	lipid A/FlgG phosphoethanolamine transferase EptC
7.23444312585e-06	1	DNA transport competence protein
7.23444312585e-06	1	2-oxoisovalerate dehydrogenase, partial
7.23444312585e-06	1	MULTISPECIES: cysteine biosynthesis protein CysZ
7.23444312585e-06	1	MULTISPECIES: DUF751 domain-containing protein
7.23444312585e-06	1	MULTISPECIES: cytochrome bd-I ubiquinol oxidase subunit I
7.23444312585e-06	1	MULTISPECIES: acyl-CoA carboxylase alpha chain
7.23444312585e-06	1	high-affinity nickel-transporter
7.23444312585e-06	1	stationary-phase survival protein
7.23444312585e-06	1	DNA polymerase III epsilon subunit related exonuclease DnaQ/UvrC-like protein
7.23444312585e-06	1	vancomycin resistance histidine kinase VanS
7.23444312585e-06	1	ProP effector
7.23444312585e-06	1	NADH:flavin oxidoreductase Old Yellow Enzyme family
7.23444312585e-06	1	efflux transporter, outer membrane factor lipoprotein, NodT family
7.23444312585e-06	1	antimicrobial peptide ABC transporter permease
7.23444312585e-06	1	Maltose/maltodextrin transport ATP-binding protein MalK
7.23444312585e-06	1	MULTISPECIES: histidine acid phosphatase
7.23444312585e-06	1	OxaA precursor
7.23444312585e-06	1	MULTISPECIES: AmmeMemoRadiSam system protein A
7.23444312585e-06	1	extracellular solute-binding protein family 5
7.23444312585e-06	1	MULTISPECIES: ISAzo13 family transposase ISRop2
7.23444312585e-06	1	MULTISPECIES: oxidoreductase DsrE
7.23444312585e-06	1	RNA pseudouridine synthase family protein
7.23444312585e-06	1	coenzyme F420-0:L-glutamate ligase, partial
7.23444312585e-06	1	predicted carboxypeptidase
7.23444312585e-06	1	twitching motility protein PilU
7.23444312585e-06	1	cytochrome c-type biogenesis protein CycK
7.23444312585e-06	1	nickel resistance protein NreA
7.23444312585e-06	1	MULTISPECIES: methylmalonyl-CoA mutase large subunit
7.23444312585e-06	1	3-ketoacyl-ACP reductase, partial
7.23444312585e-06	1	NAD-dependent deacetylase 2
7.23444312585e-06	1	peptidase M75 superfamily protein
7.23444312585e-06	1	extracellular-binding protein
7.23444312585e-06	1	MOSC domain protein
7.23444312585e-06	1	ISL3 family transposase ISMno5
7.23444312585e-06	1	iron(III)-binding periplasmic protein precursor
7.23444312585e-06	1	amylosucrase, partial
7.23444312585e-06	1	MULTISPECIES: diacylglycerol O-acyltransferase
7.23444312585e-06	1	MULTISPECIES: DUF3515 domain-containing protein
7.23444312585e-06	1	transglutaminase-like superfamily domain protein
7.23444312585e-06	1	Ppx/GppA family phosphatase
7.23444312585e-06	1	MULTISPECIES: carbon dioxide concentrating mechanism protein
7.23444312585e-06	1	MULTISPECIES: BadM/Rrf2 family transcriptional regulator
7.23444312585e-06	1	adenylyltransferase, partial
7.23444312585e-06	1	MULTISPECIES: ribosomal RNA small subunit methyltransferase G
7.23444312585e-06	1	beta-1,6-galactofuranosyltransferase
7.23444312585e-06	1	DUF5034 domain-containing protein
7.23444312585e-06	1	UDP-N-acetylglucosamine 4,6-dehydratase (inverting), partial
7.23444312585e-06	1	methanol oxidation system protein MoxJ
7.23444312585e-06	1	McbB family protein
7.23444312585e-06	1	peroxiredoxin family protein
7.23444312585e-06	1	TTT family tricarboxylate transporter receptor protein
7.23444312585e-06	1	plasmid stabilization system protein, partial
7.23444312585e-06	1	phosphatase C-terminal domain of histone macro H2A1 like protein
7.23444312585e-06	1	molybdenum cofactor biosynthesis enzyme
7.23444312585e-06	1	DNA polymerase IV-like protein ImuB
7.23444312585e-06	1	peptidase C58, partial
7.23444312585e-06	1	MULTISPECIES: general secretory pathway protein GspE
7.23444312585e-06	1	multisubunit sodium/proton antiporter, MrpG subunit
7.23444312585e-06	1	prevent-host-death protein, partial
7.23444312585e-06	1	dksa/trar family transcriptional regulator
7.23444312585e-06	1	DUF4215 domain-containing protein, partial
7.23444312585e-06	1	MULTISPECIES: DUF3155 domain-containing protein
7.23444312585e-06	1	PKS biosynthesis protein
7.23444312585e-06	1	MULTISPECIES: shikimate/quinate 5-dehydrogenase
7.23444312585e-06	1	RhsD protein
7.23444312585e-06	1	MULTISPECIES: LPXTG-motif protein cell wall anchor domain protein
7.23444312585e-06	1	IS3 family transposase ISCARN60
7.23444312585e-06	1	MULTISPECIES: DUF3450 domain-containing protein
7.23444312585e-06	1	putative C4-dicarboxylate-binding periplasmic protein
7.23444312585e-06	1	3-methylmercaptopropionyl-CoA ligase (DmdB)
7.23444312585e-06	1	glycine/betaine reductase C
7.23444312585e-06	1	medium-chain-fatty-acid--coA ligase AlkK
7.23444312585e-06	1	MULTISPECIES: phage/plasmid-like protein TIGR03299
7.23444312585e-06	1	MULTISPECIES: IS5 family transposase ISMasp6
7.23444312585e-06	1	O-antigen export system, permease
7.23444312585e-06	1	NAD-dependent methanol dehydrogenase Mdh
7.23444312585e-06	1	MULTISPECIES: thioeseterase
7.23444312585e-06	1	DUF4492 domain-containing protein
7.23444312585e-06	1	MULTISPECIES: nucleoid-structuring protein H-NS
7.23444312585e-06	1	4-amino-4-deoxy-L-arabinose transferase and related glycosyltransferase of PMT family
7.23444312585e-06	1	MULTISPECIES: cation symporter
7.23444312585e-06	1	putative ATP-dependent RNA helicase, partial
7.23444312585e-06	1	MULTISPECIES: oxidoreductase molybdopterin-binding subunit
7.23444312585e-06	1	putative ion-transporting ATPase
7.23444312585e-06	1	Helicase-like
7.23444312585e-06	1	MULTISPECIES: ferredoxin thioredoxin reductase subunit alpha
7.23444312585e-06	1	polysaccharidase
7.23444312585e-06	1	YrdC/Sua5 family protein, required for threonylcarbamoyladenosine (t(6)A) formation in tRNA
7.23444312585e-06	1	DUF1198 domain-containing protein
7.23444312585e-06	1	basic endochitinase
7.23444312585e-06	1	Uxu operon regulator
7.23444312585e-06	1	MULTISPECIES: NADH ubiquinone oxidoreductase
7.23444312585e-06	1	protein of unknown function DUF88
7.23444312585e-06	1	acetylornithine deacetylase or succinyl-diaminopimelate desuccinylase
7.23444312585e-06	1	MULTISPECIES: photosystem II protein D1 2
7.23444312585e-06	1	MULTISPECIES: glycyl-radical enzyme activating protein
7.23444312585e-06	1	galactose oxidase precursor
7.23444312585e-06	1	MULTISPECIES: replication protein C
7.23444312585e-06	1	MULTISPECIES: replication protein A
7.23444312585e-06	1	MULTISPECIES: glycosyltransferase group 1 family protein
7.23444312585e-06	1	iron repressor protein
7.23444312585e-06	1	phosphonate C-P lyase
7.23444312585e-06	1	MULTISPECIES: cytochrome c-type protein NapC
7.23444312585e-06	1	polysialic acid transport ATP-binding protein; KpsT
7.23444312585e-06	1	4-amino-4-deoxy-L-arabinose transferase, partial
7.23444312585e-06	1	thiamine-monophosphate kinase, partial
7.23444312585e-06	1	BsuMI modification methylase subunit ydiP, partial
7.23444312585e-06	1	ISNCY family transposase ISCku10
7.23444312585e-06	1	lipoprotein-releasing system transmembrane subunit LolC, partial
7.23444312585e-06	1	SPFH domain protein
7.23444312585e-06	1	metal-dependent protease of the PAD1/JAB1 superfamily
7.23444312585e-06	1	IS481 family transposase ISCte4
7.23444312585e-06	1	tagaturonate reductase
7.23444312585e-06	1	MULTISPECIES: glutaryl-7-ACA acylase
7.23444312585e-06	1	palmitoyltransferase akr1
7.23444312585e-06	1	M54 archaelysin family metalloprotease precursor
7.23444312585e-06	1	dTDP-4-amino-4,6-dideoxy-D-galactose acyltransferase
7.23444312585e-06	1	toll/interleukin-1 receptor domain-containing protein, partial
7.23444312585e-06	1	L-glutamine:D-fructose-6-phosphate aminotransferase
7.23444312585e-06	1	dihem cytochrome c
7.23444312585e-06	1	endoribonuclease VapD
7.23444312585e-06	1	MULTISPECIES: type II restriction endonuclease PaeR7I
7.23444312585e-06	1	daunorubicin biosynthesis sensory transduction protein DnrJ
7.23444312585e-06	1	protein-signal peptide and transmembrane prediction
7.23444312585e-06	1	Heparinase II/III
7.23444312585e-06	1	LasA protease
7.23444312585e-06	1	MULTISPECIES: PTS mannitol transporter subunit IICBA
7.23444312585e-06	1	Oligopeptide ABC transporter, periplasmic oligopeptide-binding protein OppA
7.23444312585e-06	1	diol dehydratase reactivase
7.23444312585e-06	1	CRISPR-associated protein Cas7
7.23444312585e-06	1	gas vesicle protein GvpA
7.23444312585e-06	1	MULTISPECIES: Band 7 protein
7.23444312585e-06	1	gas vesicle protein GvpC
7.23444312585e-06	1	cytochrome C prime
7.23444312585e-06	1	Serine/threonine-protein kinase-like domain protein
7.23444312585e-06	1	Fe-S metabolism associated domain family protein
7.23444312585e-06	1	DNA-directed RNA polymerase major sigma-43 factor (Sigma-A)
7.23444312585e-06	1	Tricarboxylate transporter TctC
7.23444312585e-06	1	MULTISPECIES: oxidoreductase, zinc-binding dehydrogenase family
7.23444312585e-06	1	putative acetyl-CoA synthetase
7.23444312585e-06	1	Na+/H+ antiporter, partial
7.23444312585e-06	1	chloride channel protein, partial
7.23444312585e-06	1	actin-like ATPase involved in cell division
7.23444312585e-06	1	enoyl reductase
7.23444312585e-06	1	IS3 family transposase ISVei1
7.23444312585e-06	1	putative glycosyltransferase, TIGR04372 family
7.23444312585e-06	1	gcrA cell cycle regulator family protein
7.23444312585e-06	1	R body protein RebB
7.23444312585e-06	1	polyprenyl p-hydroxybenzoate/phenylacrylic acid decarboxylase
7.23444312585e-06	1	UbiE methyltransferase
7.23444312585e-06	1	tRNA uridine 5-carboxymethylaminomethyl modification enzyme GidA, partial
7.23444312585e-06	1	MULTISPECIES: protein TraL
7.23444312585e-06	1	Spore maturation protein A
7.23444312585e-06	1	putative General secretion pathway protein F
7.23444312585e-06	1	CRISPR-associated RAMP protein
7.23444312585e-06	1	MULTISPECIES: anibiotic ABC transporter
7.23444312585e-06	1	DNA polymerase I, 5' --> 3' polymerase, 5' --> 3' and 3' --> 5' exonuclease
7.23444312585e-06	1	mannosyltransferase OCH1-like enzyme
7.23444312585e-06	1	MULTISPECIES: signal protein
7.23444312585e-06	1	glycoside hydrolase family 19, partial
7.23444312585e-06	1	type I restriction-modification system specificity determinant protein
7.23444312585e-06	1	recombination-associated protein RdgC, partial
7.23444312585e-06	1	MULTISPECIES: ketosamine-3-kinase
7.23444312585e-06	1	putative CadC family transcriptional regulator
7.23444312585e-06	1	DUF2793 domain-containing protein, partial
7.23444312585e-06	1	FAD-dependent monooxygenase, partial
7.23444312585e-06	1	protein FlgI
7.23444312585e-06	1	cis/trans isomerase
7.23444312585e-06	1	NAD-dependent formate dehydrogenase
7.23444312585e-06	1	ABC superfamily ATP binding cassette transporter substrate binding protein
7.23444312585e-06	1	FAD/NAD(P) binding domain-containing protein
7.23444312585e-06	1	MULTISPECIES: beta-ketothiolase
7.23444312585e-06	1	glycoside transferase family 32, partial
7.23444312585e-06	1	cell wall biogenesis enzyme-like protein
7.23444312585e-06	1	MULTISPECIES: HupU protein
7.23444312585e-06	1	MULTISPECIES: starch synthase catalytic domain protein
7.23444312585e-06	1	IS5 family transposase ISNpu11
7.23444312585e-06	1	sodium/solute symporter-like protein
7.23444312585e-06	1	hemolysin III, partial
7.23444312585e-06	1	glycosyltransferase, family 2 (GT2)
7.23444312585e-06	1	dimethyl sulfoxide reductase subunit B
7.23444312585e-06	1	2,3,4,5-tetrahydropyridine-2-carboxylate N-succinyltransferase
7.23444312585e-06	1	MULTISPECIES: SpoIVB peptidase
7.23444312585e-06	1	FliA/WhiG subfamily RNA polymerase sigma-28 subunit
7.23444312585e-06	1	MULTISPECIES: glycine cleavage system transcriptional repressor
7.23444312585e-06	1	multidrug efflux system, subunit C
7.23444312585e-06	1	iminophenyl-pyruvate dimer synthase VioB
7.23444312585e-06	1	spore coat protein CotJB
7.23444312585e-06	1	tolR protein
7.23444312585e-06	1	MULTISPECIES: IS5 family transposase ISAba40
7.23444312585e-06	1	nitrate reductase catalytic subunit, partial
7.23444312585e-06	1	ATP-dependent Clp protease, proteolytic subunit ClpP
7.23444312585e-06	1	DNA ligase D 3'-phosphoesterase domain
7.23444312585e-06	1	d-isomer specific 2-hydroxyacid dehydrogenase NAD-binding protein
7.23444312585e-06	1	Negative regulator of beta-lactamase expression
7.23444312585e-06	1	surface layer protein B
7.23444312585e-06	1	phycobiliprotein
7.23444312585e-06	1	lipid-transfer protein, partial
7.23444312585e-06	1	serine/threonine protein kinase PkaF
7.23444312585e-06	1	IS5 family transposase ISGme3
7.23444312585e-06	1	DUF723 domain-containing protein, partial
7.23444312585e-06	1	MULTISPECIES: GSPG signal peptide protein
7.23444312585e-06	1	MULTISPECIES: xanthine/uracil permease
7.23444312585e-06	1	2-phosphoglycerate kinase
7.23444312585e-06	1	phosphonate ABC transporter permease, partial
7.23444312585e-06	1	beta-carotene 15,15'-dioxygenase
7.23444312585e-06	1	O-methyltransferase family protein
7.23444312585e-06	1	serine phosphatase; controls the activity of the piezosome (stressosome)
7.23444312585e-06	1	histidine kinase with GAF domain
7.23444312585e-06	1	chromosome partitioning protein MukE
7.23444312585e-06	1	O99 family O-antigen ABC transporter ATP-binding protein Wzt
7.23444312585e-06	1	phosphoesterase, PA-phosphatase related
7.23444312585e-06	1	KamA family protein, partial
7.23444312585e-06	1	MULTISPECIES: IS1182 family transposase ISCaa15
7.23444312585e-06	1	IS66 family transposase ISMxa3
7.23444312585e-06	1	MULTISPECIES: RCC1 repeat- and reductase domain-containing protein
7.23444312585e-06	1	MULTISPECIES: NupC family nucleoside transporter
7.23444312585e-06	1	MULTISPECIES: cytochrome C552
7.23444312585e-06	1	acetyltransferase N-acetylglutamate synthase
7.23444312585e-06	1	MULTISPECIES: NAD(P)/FAD-dependent oxidoreductase, partial
7.23444312585e-06	1	putative nitrous oxide expression regulator protein containing FMN-binding domain
7.23444312585e-06	1	MULTISPECIES: sulfatase-modifying factor 1
7.23444312585e-06	1	pyrophosphate--fructose-6-phosphate 1-phosphotransferase, partial
7.23444312585e-06	1	putative hydrolase of alpha/beta superfamily protein
7.23444312585e-06	1	MULTISPECIES: putative portal vertex protein
7.23444312585e-06	1	DUF152 domain-containing protein, partial
7.23444312585e-06	1	YitL protein
7.23444312585e-06	1	MULTISPECIES: gamma-butyrobetaine hydroxylase
7.23444312585e-06	1	cell cycle protein, partial
7.23444312585e-06	1	MULTISPECIES: UDP-4-amino-4-deoxy-L-arabinose-oxoglutarate aminotransferase
7.23444312585e-06	1	phage integrase Bbp50
7.23444312585e-06	1	DUF933 domain-containing protein, partial
7.23444312585e-06	1	twin-arginine translocation protein TatB
7.23444312585e-06	1	IS1380 family transposase ISClba1
7.23444312585e-06	1	DUF4238 domain-containing protein, partial
7.23444312585e-06	1	Secreted serine protease
7.23444312585e-06	1	type II restriction enzyme
7.23444312585e-06	1	export-like chaperone protein CsaA
7.23444312585e-06	1	MULTISPECIES: NusB antitermination factor
7.23444312585e-06	1	rhizopine catabolism protein
7.23444312585e-06	1	MULTISPECIES: HutD-family protein
7.23444312585e-06	1	phoh family protein
7.23444312585e-06	1	Competence protein F like protein
7.23444312585e-06	1	TolQ-type transporter
7.23444312585e-06	1	ISKra4 family transposase ISCasp2
7.23444312585e-06	1	lipofamily protein
7.23444312585e-06	1	MULTISPECIES: 3-oxoadipate--succinyl-CoA transferase subunit B
7.23444312585e-06	1	desulfurase
7.23444312585e-06	1	MULTISPECIES: galactoside O-acetyltransferase
7.23444312585e-06	1	MULTISPECIES: IS3 family transposase ISTesp1
7.23444312585e-06	1	IS5 family transposase IS869
7.23444312585e-06	1	cation/multidrug efflux pump protein
7.23444312585e-06	1	pilus assembly protein TapA, partial
7.23444312585e-06	1	IS630 family transposase ISVsp12
7.23444312585e-06	1	PagC
7.23444312585e-06	1	MULTISPECIES: endonuclease VII
7.23444312585e-06	1	2-deoxycytidine 5-triphosphate deaminase
7.23444312585e-06	1	MULTISPECIES: phage shock protein D
7.23444312585e-06	1	clindamycin resistance transfer factor BtgB
7.23444312585e-06	1	DUF1956 domain-containing protein, partial
7.23444312585e-06	1	virulence plasmid B protein
7.23444312585e-06	1	SufE
7.23444312585e-06	1	putative cytidine/uridine-specific hydrolase
7.23444312585e-06	1	class 3 integron integrase IntI3
7.23444312585e-06	1	iron acquisition-like protein
7.23444312585e-06	1	alpha-D-mannose-alpha,1-6-phosphatidyl myo-inositol monomannoside transferase
7.23444312585e-06	1	type III effector hrp-dependent outer domain-containing protein
7.23444312585e-06	1	undecaprenyl-diphosphatase 2
7.23444312585e-06	1	HlyD family type I secretion periplasmic adaptor subunit, partial
7.23444312585e-06	1	aminoglycoside phosphotransferase family protein
7.23444312585e-06	1	sulfate exporter TauZ
7.23444312585e-06	1	DUF567 domain-containing protein
7.23444312585e-06	1	condensin subunit E
7.23444312585e-06	1	succinate semialdehyde dehydrogenase
7.23444312585e-06	1	MULTISPECIES: DUF4366 domain-containing protein
7.23444312585e-06	1	MULTISPECIES: decaprenylphosphoryl-beta-D-ribose oxidase
7.23444312585e-06	1	MULTISPECIES: murein transglycosylase B
7.23444312585e-06	1	MULTISPECIES: murein transglycosylase A
7.23444312585e-06	1	PP-loop domain-containing protein
7.23444312585e-06	1	type IV secretory pathway VirB10 channel protein
7.23444312585e-06	1	2-hydroxy-acid oxidase, partial
7.23444312585e-06	1	sigma factor SigF
7.23444312585e-06	1	aldehyde oxidase and xanthine dehydrogenase molybdopterin binding protein
7.23444312585e-06	1	MULTISPECIES: hydrogenase expression/formation protein
7.23444312585e-06	1	MULTISPECIES: PDZ domain-containing protein
7.23444312585e-06	1	fused uroporphyrinogen-III synthase HemD/membrane protein HemX
7.23444312585e-06	1	sensory transduction system regulatory protein
7.23444312585e-06	1	MULTISPECIES: lytic transglycosylase, partial
7.23444312585e-06	1	MULTISPECIES: hydrogenase-4 component G
7.23444312585e-06	1	class II aldolase/adducin N-terminal domain protein
7.23444312585e-06	1	Met repressor
7.23444312585e-06	1	MULTISPECIES: tail protein X
7.23444312585e-06	1	Zn-dependent hydrolase and Rhodanese-related sulfurtransferase
7.23444312585e-06	1	peptidase C39, partial
7.23444312585e-06	1	protein, SNF2 family, partial
7.23444312585e-06	1	methyltransferase/methylase
7.23444312585e-06	1	fibro-slime domain protein
7.23444312585e-06	1	CnaB domain-containing protein
7.23444312585e-06	1	phenylacetic acid degradation NADH oxidoreductase
7.23444312585e-06	1	IS4 family transposase ISPto2
7.23444312585e-06	1	transglutaminase-like
7.23444312585e-06	1	gycerol-1-phosphate dehydrogenase
7.23444312585e-06	1	MULTISPECIES: fimbrial protein StfD
7.23444312585e-06	1	MULTISPECIES: DUF904 domain-containing protein
7.23444312585e-06	1	polar amino acid transport system, ATP-binding protein
7.23444312585e-06	1	hydrogenase urease accessory protein
7.23444312585e-06	1	MULTISPECIES: transcriptional repressor KorB
7.23444312585e-06	1	MULTISPECIES: helix-turn-helix, Fis-type, partial
7.23444312585e-06	1	UDP-N-acetylmuramoylalanyl-d-glutamyl-2,6-diamin opimelate/d-alanyl-d-alanylligase
7.23444312585e-06	1	Sporulation kinase A
7.23444312585e-06	1	penicillin-binding protein AmpH, putative
7.23444312585e-06	1	hypothetical membrane protein, partial
7.23444312585e-06	1	Tellurium resistance protein
7.23444312585e-06	1	MULTISPECIES: stress protection protein MarC
7.23444312585e-06	1	molybdate or tungstate transport
7.23444312585e-06	1	nucleotide-binding protein, PINc, partial
7.23444312585e-06	1	signal transduction histidine-protein kinase BarA
7.23444312585e-06	1	Molybdopterin oxidoreductase Fe4S4 domain family
7.23444312585e-06	1	dolichyl-phosphate mannosyltransferase
7.23444312585e-06	1	MULTISPECIES: SciE type virulence protein
7.23444312585e-06	1	IS5 family transposase ISCte5
7.23444312585e-06	1	lysozyme inhibitor
7.23444312585e-06	1	MULTISPECIES: pyruvate formate lyase 1-activating protein
7.23444312585e-06	1	MULTISPECIES: GDP-mannose-dependent alpha-mannosyltransferase
7.23444312585e-06	1	MULTISPECIES: DUF1844 domain-containing protein
7.23444312585e-06	1	pyrimidine (deoxy)nucleoside triphosphate pyrophosphohydrolase
7.23444312585e-06	1	IS5 family transposase ISPs1
7.23444312585e-06	1	sodium-dependent transporter, partial
7.23444312585e-06	1	MULTISPECIES: oxidoreductase FAD/NAD
7.23444312585e-06	1	hydrogenase 4 subunit B, partial
7.23444312585e-06	1	5'-nucleotidase/2' 3'-cyclic phosphodiesterase esterase-like protein
7.23444312585e-06	1	MULTISPECIES: nodulation protein Z
7.23444312585e-06	1	outer membrane transport energization protein exbd
7.23444312585e-06	1	Ser/Thr protein phosphatase family protein
7.23444312585e-06	1	TonB system transport protein TonB
7.23444312585e-06	1	DNA primase traC
7.23444312585e-06	1	IncW plasmid conjugative protein TrwB (TraD homolog)
7.23444312585e-06	1	Chemotaxis protein methyltransferase CheR
7.23444312585e-06	1	MltR family transcriptional regulator
7.23444312585e-06	1	MULTISPECIES: phosphoribosylaminoimidazole carboxylase
7.23444312585e-06	1	MULTISPECIES: phosphate--acyl-ACP acyltransferase
7.23444312585e-06	1	IS1595 family transposase ISMmg5
7.23444312585e-06	1	polyhydroxyalkanoate depolymerase precursor
7.23444312585e-06	1	endoglycosidase
7.23444312585e-06	1	MULTISPECIES: TrbD
7.23444312585e-06	1	Mitomycin resistance protein mcrB
7.23444312585e-06	1	MCP methyltransferase
7.23444312585e-06	1	periplasmic protein involved in polysaccharide export
7.23444312585e-06	1	sodium-dependent mannose transporter
7.23444312585e-06	1	GSPD-related protein
7.23444312585e-06	1	sodium/glucose cotransporter (Na(+)/glucose symporter)
7.23444312585e-06	1	Thiamine pyrophosphate enzyme
7.23444312585e-06	1	flavodoxin family protein, partial
7.23444312585e-06	1	transposition protein, TnsD-related protein
7.23444312585e-06	1	type I restriction enzymes R subunit domain-containing protein
7.23444312585e-06	1	SWF/SNF family helicase
7.23444312585e-06	1	phage derived protein, Gp49-like
7.23444312585e-06	1	IS66 family transposase ISGob2
7.23444312585e-06	1	Vitamin B12 transporter BtuB
7.23444312585e-06	1	DUF3873 domain-containing protein
7.23444312585e-06	1	ABC transport system ATP-bindig protein
7.23444312585e-06	1	DUF3488 domain-containing protein, partial
7.23444312585e-06	1	peptidase S1 family protein
7.23444312585e-06	1	protein LkcJ
7.23444312585e-06	1	lytic murein transglycosylase-like protein
7.23444312585e-06	1	IS3 family transposase ISCce4
7.23444312585e-06	1	nuclear scaffold-like protein p76
7.23444312585e-06	1	microcin B17-processing protein McbD
7.23444312585e-06	1	allergen V5/TPX-1 family protein
7.23444312585e-06	1	fimbrillin family protein
7.23444312585e-06	1	MULTISPECIES: type II secretion system protein G
7.23444312585e-06	1	UDP-N-acetyl-d-glucosamine 6-dehydrogenase WbpA
7.23444312585e-06	1	NADP+ dependent succinate-semialdehyde dehydrogenase
7.23444312585e-06	1	MULTISPECIES: ser/threonine protein phosphatase
7.23444312585e-06	1	replication protein DnaD, partial
7.23444312585e-06	1	MULTISPECIES: TolC family type I secretion outer membrane protein
7.23444312585e-06	1	UvrABC system subunit C
7.23444312585e-06	1	Urea amidolyase and Aspartyl-tRNA(Asn)/glutamyl-tRNA (Gln) amidotransferase subunit A
7.23444312585e-06	1	MULTISPECIES: fusaric acid resistance protein
7.23444312585e-06	1	MULTISPECIES: Na+/H+ antiporter NhaD and related arsenite permease
7.23444312585e-06	1	MULTISPECIES: lactaldehyde reductase
7.23444312585e-06	1	Putative 2-component regulator
7.23444312585e-06	1	hemoglobin-like protein HbO
7.23444312585e-06	1	O-methylpimelyl-ACP methylesterase
7.23444312585e-06	1	MULTISPECIES: VacJ family lipoprotein
7.23444312585e-06	1	non-specific protein-tyrosine kinase
7.23444312585e-06	1	branched-chain amino acid ABC transporter branched-chain amino acid-binding protein
7.23444312585e-06	1	D-inositol 3-phosphate glycosyltransferase 2
7.23444312585e-06	1	DUF3012 domain-containing protein
7.23444312585e-06	1	MULTISPECIES: transporter MotA/TolQ/ExbB proton channel family protein
7.23444312585e-06	1	histidinol-phosphate phosphatase HisN
7.23444312585e-06	1	IS66 family transposase ISArch14
7.23444312585e-06	1	MULTISPECIES: nitrogen fixation protein AnfA
7.23444312585e-06	1	substrate-binding protein of ABC transporter
7.23444312585e-06	1	type II CRISPR RNA-guided endonuclease Cas9, partial
7.23444312585e-06	1	YqaJ viral recombinase
7.23444312585e-06	1	cytochrome oxidase subunit IV
7.23444312585e-06	1	cytochrome oxidase subunit II
7.23444312585e-06	1	inhibitor of the KinA pathway to sporulation, exonuclease
7.23444312585e-06	1	MULTISPECIES: conserved repeat protein
7.23444312585e-06	1	arabinose import ATP-binding protein AraG
7.23444312585e-06	1	oxidase, partial
7.23444312585e-06	1	MULTISPECIES: fructose-1-phosphate/6-phosphogluconate phosphatase
7.23444312585e-06	1	MULTISPECIES: cobyric acid synthase
7.23444312585e-06	1	acetyl-CoA decarbonylase/synthase subunit delta
7.23444312585e-06	1	aldehyde dehydrogenase family 8 member A1
7.23444312585e-06	1	16S rRNA m(2)G 1207 methyltransferase
7.23444312585e-06	1	phage-related prohead protein
7.23444312585e-06	1	IS256 family transposase ISWch2
7.23444312585e-06	1	MULTISPECIES: cell division protein DivIVA
7.23444312585e-06	1	MULTISPECIES: Fe2+-dicitrate sensor, membrane component
7.23444312585e-06	1	MULTISPECIES: quinol dehydrogenase ferredoxin subunit NapH
7.23444312585e-06	1	MULTISPECIES: DUF3203 domain-containing protein
7.23444312585e-06	1	cAMP-binding protein, partial
7.23444312585e-06	1	two-component system NarL family,nitrate/nitrite sensor histidine kinase NarQ
7.23444312585e-06	1	thiamine pyrophosphate dependent decarboxylase pyruvate decarboxylase
7.23444312585e-06	1	IS200/IS605 family transposase ISEha1
7.23444312585e-06	1	Predicted transcriptional regulator
7.23444312585e-06	1	Fe-S-binding subunit-containing protein
7.23444312585e-06	1	phage/plasmid primase, P4 family containing protein
7.23444312585e-06	1	CRISPR-associated protein Csx3
7.23444312585e-06	1	PEP-CTERM-box response regulator transcription factor, partial
7.23444312585e-06	1	helicase superfamily protein I
7.23444312585e-06	1	PHP family protein
7.23444312585e-06	1	transcription regulator with HTH domain protein
7.23444312585e-06	1	type I restriction enzyme EcoKI S subunit
7.23444312585e-06	1	glycosyl hydrolase BNR repeat precursor, partial
7.23444312585e-06	1	MULTISPECIES: iron dicitrate transporter
7.23444312585e-06	1	MULTISPECIES: phage-related membrane protein
7.23444312585e-06	1	MULTISPECIES: DUF3097 domain-containing protein
7.23444312585e-06	1	Potassium uptake protein TrkH
7.23444312585e-06	1	two-component protein, sensory box histidine kinase/response regulatory protein
7.23444312585e-06	1	spermidine/putrescine ABC transporter ATPases-like protein
7.23444312585e-06	1	GAF domain/diguanylate cyclase
7.23444312585e-06	1	MULTISPECIES: protein FixA
7.23444312585e-06	1	alkanal monooxygenase
7.23444312585e-06	1	Calpain family cysteine protease
7.23444312585e-06	1	peptidase t2 asparaginase 2
7.23444312585e-06	1	Serine/threonine-protein kinase D
7.23444312585e-06	1	MULTISPECIES: DUF354 domain-containing protein
7.23444312585e-06	1	cellobiose phosphorylase-like protein
7.23444312585e-06	1	MULTISPECIES: PEBP family protein
7.23444312585e-06	1	polysaccharide translocase
7.23444312585e-06	1	polynucleotide kinase-phosphatase, partial
7.23444312585e-06	1	hydroxylamine oxidation protein HaoB
7.23444312585e-06	1	replication protein DnaD
7.23444312585e-06	1	secreted protein containing tetratricopeptide repeats
7.23444312585e-06	1	2-oxoacid:ferredoxin oxidoreductase subunit delta
7.23444312585e-06	1	MULTISPECIES: DUF4233 domain-containing protein
7.23444312585e-06	1	CDP-4-dehydro-6-deoxy-D-gulose 4-reductase
7.23444312585e-06	1	flagellar hook protein FlgE, partial
7.23444312585e-06	1	MULTISPECIES: preprotein translocase YidC
7.23444312585e-06	1	putative tartrate dehydrogenase
7.23444312585e-06	1	methanesulfonate monooxygenase hydroxylase subunit beta
7.23444312585e-06	1	MULTISPECIES: PTS maltose- and glucose EIICB component
7.23444312585e-06	1	globoside alpha-1,3-N-acetylgalactosaminyltransferase 1
7.23444312585e-06	1	AAC(3) family N-acetyltransferase, partial
7.23444312585e-06	1	MULTISPECIES: peptidase M55
7.23444312585e-06	1	MULTISPECIES: peptidase M56
7.23444312585e-06	1	MULTISPECIES: peptidase M52
7.23444312585e-06	1	helicase SNF2, partial
7.23444312585e-06	1	F0F1-type ATP synthase subunit c
7.23444312585e-06	1	recombinase TnpX
7.23444312585e-06	1	molybdenum ABC transporter permease subunit
7.23444312585e-06	1	MULTISPECIES: glucans biosynthesis protein C
7.23444312585e-06	1	phosphoglycerol geranylgeranyltransferase
7.23444312585e-06	1	MULTISPECIES: cation-binding hemerythrin HHE family protein
7.23444312585e-06	1	multicopper oxidase Mco
7.23444312585e-06	1	outer membrane drug efflux lipoprotein
7.23444312585e-06	1	ISAzo13 family transposase ISDpr9
7.23444312585e-06	1	MULTISPECIES: competence/damage-inducible protein CinA
7.23444312585e-06	1	MULTISPECIES: flagellar biogenesis protein
7.23444312585e-06	1	CtsR family transcriptional regulator
7.23444312585e-06	1	type I restriction enzyme R protein N-terminal domain protein
7.23444312585e-06	1	3-deoxy-D-manno-octulosonate 8-phosphate
7.23444312585e-06	1	aerotolerance operon protein BatA
7.23444312585e-06	1	RebB like protein
7.23444312585e-06	1	MULTISPECIES: poly(3-hydroxyalkanoate) synthetase
7.23444312585e-06	1	MULTISPECIES: sodium:glutamate symporter
7.23444312585e-06	1	MULTISPECIES: UDP-glucuronate decarboxylase
7.23444312585e-06	1	DUF4911 domain-containing protein
7.23444312585e-06	1	2-keto-3-deoxy-D-arabino-heptulosonate-7-phosphate synthase II
7.23444312585e-06	1	KilA domain-containing protein
7.23444312585e-06	1	RulA protein
7.23444312585e-06	1	Tol-Pal system-associated acyl-CoA thioesterase
7.23444312585e-06	1	glucosidase, partial
7.23444312585e-06	1	urea ABC transporter substrate-binding protein, partial
7.23444312585e-06	1	protease Do, partial
7.23444312585e-06	1	Serine phosphatase RsbU subunit sigma
7.23444312585e-06	1	PAS modulated Fis family sigma-54-specific transcriptional regulator
7.23444312585e-06	1	recA-like protein
7.23444312585e-06	1	2,4,6-trichlorophenol monooxygenase
7.23444312585e-06	1	MULTISPECIES: rRNA large subunit methyltransferase
7.23444312585e-06	1	MULTISPECIES: thermostable hemolysin
7.23444312585e-06	1	RTX toxin exported protein
7.23444312585e-06	1	DUF4815 domain-containing protein, partial
7.23444312585e-06	1	chromosome partitioning protein ParA, partial
7.23444312585e-06	1	trehalose hydrolase
7.23444312585e-06	1	hemolysin secretion transport system membrane protein
7.23444312585e-06	1	protein-disulfide reductase DsbD, partial
7.23444312585e-06	1	Phosphate transport system permease protein 2
7.23444312585e-06	1	MULTISPECIES: Com family DNA-binding transcriptional regulator
7.23444312585e-06	1	restriction endonuclease S, partial
7.23444312585e-06	1	bifunctional polymyxin resistance protein ARNA
7.23444312585e-06	1	O-antigen and teichoic acid export protein
7.23444312585e-06	1	phage major capsid protein, HK97
7.23444312585e-06	1	MULTISPECIES: IS4 family transposase ISWosp5
7.23444312585e-06	1	MULTISPECIES: export ABC transporter ATP-binding protein
7.23444312585e-06	1	DNA-binding protein AsgB
7.23444312585e-06	1	Long-chain acyl-CoA synthetase
7.23444312585e-06	1	MULTISPECIES: IS4 family transposase ISWosp9
7.23444312585e-06	1	fructoselysine kinase
7.23444312585e-06	1	MULTISPECIES: flavohemoprotein
7.23444312585e-06	1	carboxylase-like protein
7.23444312585e-06	1	methanesulfonate monooxygenase component
7.23444312585e-06	1	pseudomonapepsin
7.23444312585e-06	1	DUF4906 domain-containing protein
7.23444312585e-06	1	MULTISPECIES: methyl-accepting chemotaxis protein TlpA
7.23444312585e-06	1	putative carboxytransferase
7.23444312585e-06	1	ISAzo13 family transposase ISMme1
7.23444312585e-06	1	MS142 gluconate dehydrogenase
7.23444312585e-06	1	NifA subfamily Fis family transcriptional regulator
7.23444312585e-06	1	lichenysin synthetase
7.23444312585e-06	1	pyridoxal-phosphate dependent enzyme family protein
7.23444312585e-06	1	putative glycosyl transferase, group 1
7.23444312585e-06	1	putative S-layer protein
7.23444312585e-06	1	Acetyltransferase (isoleucine patch superfamily)-like protein
7.23444312585e-06	1	modification methylase HgiDII
7.23444312585e-06	1	protein IlvB
7.23444312585e-06	1	secreted protein containing PHP
7.23444312585e-06	1	ATP synthase protein I
7.23444312585e-06	1	Putative archease family protein contains SHS2 domain
7.23444312585e-06	1	virulence factor secretion apparatus protein
7.23444312585e-06	1	cytochrome aa3 quinol oxidase subunit III
7.23444312585e-06	1	MULTISPECIES: Na+-dependent transporter
7.23444312585e-06	1	restriction endonuclease cgliir protein
7.23444312585e-06	1	sodium-potassium/proton antiporter ChaA
7.23444312585e-06	1	MbtH domain-containing protein
7.23444312585e-06	1	Inactivated superfamily I helicase
7.23444312585e-06	1	transcriptional regulator GcvA
7.23444312585e-06	1	adaptor protein MecA
7.23444312585e-06	1	Ferredoxin I
7.23444312585e-06	1	DUF4826 domain-containing protein
7.23444312585e-06	1	MULTISPECIES: cytochrome d ubiquinol oxidase subunit I
7.23444312585e-06	1	flagellar motor switch protein
7.23444312585e-06	1	2-hydroxymuconic semialdehyde hydrolase
7.23444312585e-06	1	IS1595 family transposase ISPaen7
7.23444312585e-06	1	Predicted ATPase (AAA+ superfamily)
7.23444312585e-06	1	MULTISPECIES: mercury transporter MerT
7.23444312585e-06	1	Zn-dependent hydrolase glyoxylase
7.23444312585e-06	1	phosphoribosyl transferase, partial
7.23444312585e-06	1	phosphocarrier, HPr family protein
7.23444312585e-06	1	ATP-dependent exonuclease, partial
7.23444312585e-06	1	NTP pyrophosphohydrolase MutT
7.23444312585e-06	1	anion transporter, partial
7.23444312585e-06	1	nucleotide sugar epimerase/dehydratase
7.23444312585e-06	1	MULTISPECIES: putative dCMP deaminase
7.23444312585e-06	1	MULTISPECIES: alpha/beta hydrolase domain-containing protein
7.23444312585e-06	1	entry exclusion lipoprotein TrbK
7.23444312585e-06	1	Uracil-DNA glycosylase-like protein
7.23444312585e-06	1	MULTISPECIES: DUF2491 domain-containing protein
7.23444312585e-06	1	nad metabolism ATPase/kinase
7.23444312585e-06	1	type III secretion regulator InvE
7.23444312585e-06	1	MULTISPECIES: 4-hydroxybenzoate--CoA ligase
7.23444312585e-06	1	MULTISPECIES: NADH-quinone oxidoreductase subunit N 1
7.23444312585e-06	1	MULTISPECIES: IS1 family transposase ISCpr4
7.23444312585e-06	1	BAX inhibitor (BI)-1/YccA family protein, partial
7.23444312585e-06	1	cointegrate resolution protein T
7.23444312585e-06	1	protein DedA
7.23444312585e-06	1	phage repressor like transcriptional regulator, XRE family protein
7.23444312585e-06	1	RimK-like protein
7.23444312585e-06	1	MULTISPECIES: protein GvpK
7.23444312585e-06	1	protein-disulfide reductase, partial
7.23444312585e-06	1	MULTISPECIES: transcriptional regulator MalT
7.23444312585e-06	1	MULTISPECIES: ATP synthase F0F1 subunit delta
7.23444312585e-06	1	fused histidine kinase with GAF domain/response regulator receiver
7.23444312585e-06	1	type IIG restriction enzyme and methyltransferase
7.23444312585e-06	1	branched-chain amino acid ABC transporter2C amino acid-binding protein
7.23444312585e-06	1	MULTISPECIES: PhnA family protein
7.23444312585e-06	1	DUF934 domain-containing protein, partial
7.23444312585e-06	1	S-adenosyl-L-methionine--L-methionine S-methyltransferase
7.23444312585e-06	1	MULTISPECIES: stearoyl-CoA 9-desaturase
7.23444312585e-06	1	GAF modulated sigma54 specific transcriptional regulator, Fis family protein
7.23444312585e-06	1	RNA polymerase ECF-type sigma factor, partial
7.23444312585e-06	1	Putative formate dehydrogenase oxidoreductase protein
7.23444312585e-06	1	Glu/Leu/Phe/Val dehydrogenase, partial
7.23444312585e-06	1	IS21 family transposase ISEc57
7.23444312585e-06	1	4-hydroxyphenylacetate 3-monooxygenase subunit
7.23444312585e-06	1	HutD family protein
7.23444312585e-06	1	MULTISPECIES: Long-chain fatty acid transport protein
7.23444312585e-06	1	MULTISPECIES: kinesin
7.23444312585e-06	1	MULTISPECIES: virulence factor
7.23444312585e-06	1	peptidyl-tRNA hydrolase, partial
7.23444312585e-06	1	MULTISPECIES: ribosome hibernation promoting factor
7.23444312585e-06	1	transglycosylase domain protein
7.23444312585e-06	1	N-glycosylase/DNA lyase
7.23444312585e-06	1	internalin G
7.23444312585e-06	1	NADH:ubiquinone oxidoreductase subunit L, partial
7.23444312585e-06	1	TolC-like protein
7.23444312585e-06	1	p-cumate dioxygenase small subunit (CmtAc)
7.23444312585e-06	1	ATP-grasp ribosomal peptide maturase
7.23444312585e-06	1	bifunctional methionine sulfoxide reductase A/B protein
7.23444312585e-06	1	cell division protein FtsK/SpoIIIE
7.23444312585e-06	1	Type II restriction enzyme BsuBI
7.23444312585e-06	1	glycosyltransferase family protein
7.23444312585e-06	1	IS1182 family transposase ISAzo2
7.23444312585e-06	1	IS1182 family transposase ISAzo1
7.23444312585e-06	1	cytosine deaminase, partial
7.23444312585e-06	1	MULTISPECIES: XdhC /CoxI family-like protein
7.23444312585e-06	1	DUF2922 domain-containing protein
7.23444312585e-06	1	MULTISPECIES: phosphotransferase, partial
7.23444312585e-06	1	xanthine/uracil permease, partial
7.23444312585e-06	1	MULTISPECIES: peptidase U37
7.23444312585e-06	1	protein CapL
7.23444312585e-06	1	MULTISPECIES: competence protein ComFB
7.23444312585e-06	1	C4-dicarboxylate transporter 1
7.23444312585e-06	1	IS5 family transposase ISNha6
7.23444312585e-06	1	dihydroxyacetone kinase protein
7.23444312585e-06	1	carboxypeptidase A
7.23444312585e-06	1	rRNA small subunit methyltransferase, glucose inhibited division protein GidB
7.23444312585e-06	1	carboxypeptidase S
7.23444312585e-06	1	putative efflux pump outer membrane protein
7.23444312585e-06	1	Fasciclin domain protein
7.23444312585e-06	1	lysine decarboxylase CadA
7.23444312585e-06	1	MULTISPECIES: ribonuclease M5
7.23444312585e-06	1	acetyl-CoA synthase subunit alpha
7.23444312585e-06	1	MULTISPECIES: phenylphosphate carboxylase subunit delta
7.23444312585e-06	1	DUF4349 domain-containing protein, partial
7.23444312585e-06	1	MULTISPECIES: SWIB (YM74) complex protein
7.23444312585e-06	1	ATP synthase delta chain
7.23444312585e-06	1	MULTISPECIES: recombinase-like protein
7.23444312585e-06	1	carboxyl- protease
7.23444312585e-06	1	N4 Gp49/Sf6 protein 66 phage family protein
7.23444312585e-06	1	MULTISPECIES: lipopolysaccharide A protein
7.23444312585e-06	1	MULTISPECIES: AMIN domain-containing protein
7.23444312585e-06	1	DUF3397 domain-containing protein
7.23444312585e-06	1	MULTISPECIES: Chlorohydroquinone/hydroquinone 1,2-dioxygenase
7.23444312585e-06	1	IS1595 family transposase ISPgo1
7.23444312585e-06	1	Putative glycoside hydrolase
7.23444312585e-06	1	aminodeoxychorismate synthase components I/II
7.23444312585e-06	1	MULTISPECIES: nitrilase/cyanide hydratase and apolipoprotein N-acyltransferase
7.23444312585e-06	1	MULTISPECIES: IS3 family transposase ISCysp23
7.23444312585e-06	1	MULTISPECIES: nonribosomal peptide synthetase DhbF
7.23444312585e-06	1	DUF1107 domain-containing protein
7.23444312585e-06	1	MULTISPECIES: CaiB/BaiF family protein
7.23444312585e-06	1	Lon protease 3
7.23444312585e-06	1	protein involved in formation of periplasmic nitrate reductase
7.23444312585e-06	1	gas vesicle synthesis protein GvpL/GvpF
7.23444312585e-06	1	MULTISPECIES: flavoprotein WrbA
7.23444312585e-06	1	flagellar biosynthetic protein FliP, partial
7.23444312585e-06	1	NADH dehydrogenase I chain K
7.23444312585e-06	1	NADH dehydrogenase I chain J
7.23444312585e-06	1	NADH dehydrogenase I chain I
7.23444312585e-06	1	NADH dehydrogenase I chain A
7.23444312585e-06	1	MULTISPECIES: DUF3298/DUF4163 domain-containing protein
7.23444312585e-06	1	ribonuclease H, partial
7.23444312585e-06	1	intermediate filament-like cell shape determinant creS
7.23444312585e-06	1	hydroxyethylthiazole kinase, partial
7.23444312585e-06	1	protein containing RNA-binding S4 domain
7.23444312585e-06	1	MULTISPECIES: protein disulfide isomerase II
7.23444312585e-06	1	MULTISPECIES: lipoyltransferase and lipoate-protein ligase
7.23444312585e-06	1	structural protein MipA, partial
7.23444312585e-06	1	MULTISPECIES: ATPase component of ABC transporter
7.23444312585e-06	1	MULTISPECIES: Nodulation protein D 1
7.23444312585e-06	1	SPFH domain-band 7 family protein
7.23444312585e-06	1	MULTISPECIES: non-ribosomal peptide synthetase, partial
7.23444312585e-06	1	CheW-like domain protein
7.23444312585e-06	1	NADH:ubiquinone oxidoreductase subunit G
7.23444312585e-06	1	type VI secretion system, Rhs element Vgr family
7.23444312585e-06	1	enoyl-CoA hydratase/3-hydroxyacyl-CoA dehydrogenase
7.23444312585e-06	1	MULTISPECIES: DUF2293 domain-containing protein
7.23444312585e-06	1	2-deoxyribose-5-phosphate aldolase, partial
7.23444312585e-06	1	MULTISPECIES: branched-chain amino acid transporter AzlD
7.23444312585e-06	1	Lsg locus protein 1
7.23444312585e-06	1	MULTISPECIES: colicin V production CvpA
7.23444312585e-06	1	nitrate transport ATP-binding protein nrtD
7.23444312585e-06	1	MULTISPECIES: multicopper oxidase CumA
7.23444312585e-06	1	type VI secretion lipoprotein
7.23444312585e-06	1	aryl-alcohol dehydrogenase-like oxidoreductase
7.23444312585e-06	1	ribosome biogenesis GTP-binding protein
7.23444312585e-06	1	putative N-acylneuraminate cytidylyltransferase
7.23444312585e-06	1	MULTISPECIES: RlmI/RlmK family 23S rRNA methyltransferase
7.23444312585e-06	1	putative copper-containing amine oxidase
7.23444312585e-06	1	MULTISPECIES: mannosyl-3-phosphoglycerate phosphatase-related protein
7.23444312585e-06	1	alpha-beta hydrolase superfamily protein
7.23444312585e-06	1	ECF sigma factor
7.23444312585e-06	1	MULTISPECIES: succinate dehydrogenase/fumarate reductase flavoprotein subunit
7.23444312585e-06	1	ADP-ribosylating transferase
7.23444312585e-06	1	flagellar basal body and hook protein
7.23444312585e-06	1	MULTISPECIES: thiamine ABC transporter permease
7.23444312585e-06	1	IS1 family transposase ISCaa1, partial
7.23444312585e-06	1	gamma-D-glutamyl-L-lysine endopeptidase
7.23444312585e-06	1	SurA domain-containing protein
7.23444312585e-06	1	MULTISPECIES: malic enzyme
7.23444312585e-06	1	MULTISPECIES: pyridoxine kinase
7.23444312585e-06	1	phosphatidylethanolamine -binding family protein
7.23444312585e-06	1	MULTISPECIES: folate biosynthesis protein
7.23444312585e-06	1	type IV secretory pathway VirD4 component
7.23444312585e-06	1	ZIP family metal transporter, partial
7.23444312585e-06	1	ABC transporter ATPase subunit
7.23444312585e-06	1	alpha-1,4-glucan:alpha-1,4-glucan 6-glycosyltransferase
7.23444312585e-06	1	tonoplast intrinsic protein (aquaporin)
7.23444312585e-06	1	heterodisulfide reductase, partial
7.23444312585e-06	1	acetolactate synthase large subunit IlvB
7.23444312585e-06	1	MULTISPECIES: polar amino acid ABC transporter substrate-binding protein
7.23444312585e-06	1	MULTISPECIES: prolipoprotein diacylglyceryl transferase, partial
7.23444312585e-06	1	beta-1,6-galactanase
7.23444312585e-06	1	C-terminal peptidase (prc)
7.23444312585e-06	1	DNA/RNA helicase SNF2 family
7.23444312585e-06	1	dimethylamine corrinoid protein 3
7.23444312585e-06	1	MULTISPECIES: pyruvate kinase II (PK-2)
7.23444312585e-06	1	cytosine-specific DNA methylase
7.23444312585e-06	1	PelB
7.23444312585e-06	1	MULTISPECIES: glutamate/gamma-aminobutyrate family transporter YjeM
7.23444312585e-06	1	MULTISPECIES: chemotaxis protein, partial
7.23444312585e-06	1	MULTISPECIES: SPFH domain / Band 7 family protein
7.23444312585e-06	1	F-box associated region domain-containing protein
7.23444312585e-06	1	Peptidase S1 and S6, chymotrypsin/Hap domain protein
7.23444312585e-06	1	sulfite reductase subunit gamma
7.23444312585e-06	1	MULTISPECIES: type IV secretion system protein VirB10
7.23444312585e-06	1	SirA domain protein
7.23444312585e-06	1	capsular polysaccharide synthesis enzyme O-acetyl transferase
7.23444312585e-06	1	social gliding motility protein Tgl
7.23444312585e-06	1	MULTISPECIES: plasmid stable inheritance protein K
7.23444312585e-06	1	MULTISPECIES: polysaccharide export ABC transporter permease
7.23444312585e-06	1	type I-MYXAN CRISPR-associated endonuclease Cas1
7.23444312585e-06	1	two-component histidine kinase sensor with PAS and GAF domains
7.23444312585e-06	1	IS110 family transposase ISCARN20
7.23444312585e-06	1	protein HtrL
7.23444312585e-06	1	type III helper protein HopAK1
7.23444312585e-06	1	Membrane bound metal dependent hydrolase
7.23444312585e-06	1	MULTISPECIES: ISKra4 family transposase ISCysp26
7.23444312585e-06	1	regulatory protein blaR1
7.23444312585e-06	1	DNA polymerase LigD, ligase
7.23444312585e-06	1	putative mobilization protein A
7.23444312585e-06	1	acetylserotonin O-methyltransferase
7.23444312585e-06	1	FUN14 family protein
7.23444312585e-06	1	MULTISPECIES: PTS fructose transporter subunit EIIBC
7.23444312585e-06	1	branched-chain-amino acid aminotransferase
7.23444312585e-06	1	D-serine transporter DsdX
7.23444312585e-06	1	MULTISPECIES: PGA biosynthesis protein CapA
7.23444312585e-06	1	TauE family protein
7.23444312585e-06	1	ribulose bisphosphate carboxylase large chain
7.23444312585e-06	1	FMN-dependent oxidoreductase nitrilotriacetate monooxygenase family
7.23444312585e-06	1	MULTISPECIES: multi-sensor signal transduction histidine kinase
7.23444312585e-06	1	PTS mannose transporter subunit IIC, partial
7.23444312585e-06	1	FenI protein
7.23444312585e-06	1	glcg protein
7.23444312585e-06	1	ATP:cob(I)alamin adenosyltransferase, partial
7.23444312585e-06	1	MULTISPECIES: exonuclease V subunit beta
7.23444312585e-06	1	Saccharopine dehydrogenase and related proteins
7.23444312585e-06	1	Anti-sigma-K factor RskA
7.23444312585e-06	1	hydrogenase iron-sulfur subunit, partial
7.23444312585e-06	1	Abi family protein
7.23444312585e-06	1	serin protease
7.23444312585e-06	1	PKD
7.23444312585e-06	1	5'-deoxynucleotidase, partial
7.23444312585e-06	1	head-to-tail joining protein, putative
7.23444312585e-06	1	tryptophan halogenase, partial
7.23444312585e-06	1	iron-chelate-transporting ATPase
7.23444312585e-06	1	MULTISPECIES: 3-oxoacyl-reductase
7.23444312585e-06	1	phiE125 gp8 family protein
7.23444312585e-06	1	IS3 family transposase ISRde1
7.23444312585e-06	1	IS3 family transposase ISRde2
7.23444312585e-06	1	MULTISPECIES: quinohemoprotein amine dehydrogenase subunit alpha
7.23444312585e-06	1	MULTISPECIES: endoglycoceramidase
7.23444312585e-06	1	MULTISPECIES: chemotaxis phosphatase CheZ
7.23444312585e-06	1	DNA helicase PriA
7.23444312585e-06	1	(4Fe-4S)-binding protein, partial
7.23444312585e-06	1	type B carboxylesterase
7.23444312585e-06	1	MULTISPECIES: L(+)-tartrate dehydratase subunit beta
7.23444312585e-06	1	N-(5'phosphoribosyl)anthranilate isomerase (PRAI)
7.23444312585e-06	1	putative Glycoside hydrolase, family 5
7.23444312585e-06	1	hydrogenase 4 membrane component
7.23444312585e-06	1	DUF2758 domain-containing protein
7.23444312585e-06	1	MULTISPECIES: RNase E specificity factor CsrD
7.23444312585e-06	1	Type IV fimbrial biogenesis protein PilY1
7.23444312585e-06	1	polyketide ketosynthase
7.23444312585e-06	1	MULTISPECIES: RelE toxin protein
7.23444312585e-06	1	alpha-1,3-fucosyl transferase
7.23444312585e-06	1	AsmA family protein, partial
7.23444312585e-06	1	Vi polysaccharide biosynthesis protein TviE
7.23444312585e-06	1	signal transduction protein, partial
7.23444312585e-06	1	MULTISPECIES: DNA repair nucleotidyltransferase
7.23444312585e-06	1	MULTISPECIES: regulatory protein, FmdB family
7.23444312585e-06	1	glutamate-aspartate carrier protein
7.23444312585e-06	1	beta-glucanase, partial
7.23444312585e-06	1	GlnA-XplB fusion protein,glutamine synthetase, GlnA, flavodoxin reductase, XplB
7.23444312585e-06	1	divalent ion tolerance protein
7.23444312585e-06	1	MULTISPECIES: SWFGD domain-containing protein
7.23444312585e-06	1	murF protein
7.23444312585e-06	1	DUF3393 domain-containing protein
7.23444312585e-06	1	conjugal transfer protein TrbJ, partial
7.23444312585e-06	1	IS701 family transposase ISDha16
7.23444312585e-06	1	RIO1 family protein
7.23444312585e-06	1	tRNA pseudouridine(54/55) synthase Pus10
7.23444312585e-06	1	MULTISPECIES: calcium transporter ChaC
7.23444312585e-06	1	alpha-1,2-mannosidase, partial
7.23444312585e-06	1	16S rRNA (uracil(1498)-N(3))-methyltransferase, partial
7.23444312585e-06	1	DUF1454 domain-containing protein
7.23444312585e-06	1	collagenase, partial
7.23444312585e-06	1	MULTISPECIES: large adhesive protein
7.23444312585e-06	1	PaaI thioesterase
7.23444312585e-06	1	thioredoxin oxidoreductase
7.23444312585e-06	1	MULTISPECIES: taurine catabolism dioxygenase
7.23444312585e-06	1	MULTISPECIES: RyR domain protein
7.23444312585e-06	1	Mu-like prophage I protein
7.23444312585e-06	1	MULTISPECIES: two-component system sensor histidine kinase BaeA
7.23444312585e-06	1	PNDR family (class II) oxidoreductase
7.23444312585e-06	1	MULTISPECIES: DUF1419 domain-containing protein
7.23444312585e-06	1	L-sorbosone dehydrogenase, partial
7.23444312585e-06	1	MULTISPECIES: arsenical resistance operon transcriptional repressor ArsD
7.23444312585e-06	1	Aerobic-type carbon monoxide dehydrogenase molybdopterin-binding large subunit
7.23444312585e-06	1	VCBS
7.23444312585e-06	1	MULTISPECIES: pimeloyl-CoA synthetase
7.23444312585e-06	1	putative major facilitator superfamily transporter
7.23444312585e-06	1	DNA-3-methyladenine glycosylase, partial
7.23444312585e-06	1	L-serine dehydratase
7.23444312585e-06	1	nitrate reductase subunit beta, partial
7.23444312585e-06	1	catalase domain protein
7.23444312585e-06	1	Rhizopine catabolism protein MocA
7.23444312585e-06	1	trehalase-like protein
7.23444312585e-06	1	monoacyl phosphatidylinositol tetramannoside-binding protein
7.23444312585e-06	1	putative 3-hydroxyacyl-CoA dehydrogenase
7.23444312585e-06	1	MULTISPECIES: molybdopterin converting factor subunit 2 protein
7.23444312585e-06	1	ribonuclease VapC24
7.23444312585e-06	1	MULTISPECIES: DUF2513 domain-containing protein
7.23444312585e-06	1	carboxylesterase, partial
7.23444312585e-06	1	MULTISPECIES: phosphate transport system regulatory protein PhoU, partial
7.23444312585e-06	1	sodium bile acid symporter family protein
7.23444312585e-06	1	methanol-cobalamin methyltransferase subunit beta
7.23444312585e-06	1	alkaline proteinase inhibitor
7.23444312585e-06	1	5-methylaminomethyl-2-thiouridine methyltransferase
7.23444312585e-06	1	thiamine pyrophosphate-dependent enzyme carboligase or decarboxylase
7.23444312585e-06	1	Mu-like prophage protein GP28
7.23444312585e-06	1	putative short-chain dehydrogenase/reductase SDR
7.23444312585e-06	1	recombinase RdgC
7.23444312585e-06	1	sterol desaturase-like protein
7.23444312585e-06	1	MULTISPECIES: Ubiquinone biosynthesis hydroxylase UbiH/UbiF/VisC/COQ6 family
7.23444312585e-06	1	MULTISPECIES: outer membrane usher protein
7.23444312585e-06	1	IS3 family transposase ISPpu22
7.23444312585e-06	1	O-linked N-acetylglucosaminetransferase
7.23444312585e-06	1	phage late control D
7.23444312585e-06	1	adenosylcobalamin biosynthesis bifunctional protein cobDQ
7.23444312585e-06	1	IS3 family transposase ISBcen16
7.23444312585e-06	1	MULTISPECIES: methyl-accepting chemotaxis protein II Tar
7.23444312585e-06	1	protein containing ATP-binding region, ATPase-like protein
7.23444312585e-06	1	subtilisin family serine protease
7.23444312585e-06	1	NTF2 domain-containing protein
7.23444312585e-06	1	putative Nitrite reductase (NO-forming)
7.23444312585e-06	1	cyclic 2,3-phosphoglycerate synthetase
7.23444312585e-06	1	MULTISPECIES: arginine ABC transporter ATP-binding protein
7.23444312585e-06	1	export and assembly usher protein of type 1 fimbriae
7.23444312585e-06	1	DUF1402 domain-containing protein
7.23444312585e-06	1	transforming growth factor-beta-induced protein ig-h3
7.23444312585e-06	1	Survival protein SurA precursor (Peptidyl-prolyl cis-trans isomerase SurA)
7.23444312585e-06	1	single-strand-binding protein
7.23444312585e-06	1	PAS:GGDEF:EAL:GAF
7.23444312585e-06	1	phosphate/phosphite/phosphonate ABC transporter substrate-binding protein, partial
7.23444312585e-06	1	class I glutamine amidotransferase domain-containing protein
7.23444312585e-06	1	transcription initiation factor sigma 70
7.23444312585e-06	1	protein nirL
7.23444312585e-06	1	heterodisulfide reductase/ glutamate ligase fusion protein HdrL
7.23444312585e-06	1	permease component
7.23444312585e-06	1	Fatty acid:CoA ligase
7.23444312585e-06	1	MULTISPECIES: Thiol:disulfide interchange protein dsbD precursor (protein-disulfide reductase) (Disulfide reductase)
7.23444312585e-06	1	MULTISPECIES: ATP-dependent Clp protease proteolytic subunit (endopeptidase Clp)
7.23444312585e-06	1	Soluble aldose sugar dehydrogenase PQQ-dependent
7.23444312585e-06	1	MULTISPECIES: globin family protein
7.23444312585e-06	1	endonuclease NucS
7.23444312585e-06	1	queuosine biosynthesis protein
7.23444312585e-06	1	DnaB domain-containing protein helicase domain-containing protein
7.23444312585e-06	1	Coupling protein VirD4, ATPase required for T-DNA transfer
7.23444312585e-06	1	superfamily I DNA and RNA helicase and helicase subunits
7.23444312585e-06	1	Putative Fe-S oxidoreductase, SAM radical superfamily
7.23444312585e-06	1	MULTISPECIES: hydroxyectoine utilization dehydratase EutB
7.23444312585e-06	1	dimethylsulfoxide reductase, chain B
7.23444312585e-06	1	MULTISPECIES: bacteriophage head to tail connecting protein
7.23444312585e-06	1	msha pilin protein mshc
7.23444312585e-06	1	cyclodextrin ABC transporter membrane protein
7.23444312585e-06	1	MULTISPECIES: anti-sigma B factor RsbW
7.23444312585e-06	1	Carbohydrate binding module (Family 6)
7.23444312585e-06	1	acetyl-CoA decarbonylase/synthase subunit gamma
7.23444312585e-06	1	fasciclin-like domain-containing protein
7.23444312585e-06	1	MULTISPECIES: IS1182 family transposase ISAzo25
7.23444312585e-06	1	MULTISPECIES: methylmalonyl-CoA mutase small subunit
7.23444312585e-06	1	MULTISPECIES: sulfurtransferase complex subunit TusB
7.23444312585e-06	1	MgtE integral membrane region
7.23444312585e-06	1	Autoinducer 2 sensor kinase/phosphatase luxQ
7.23444312585e-06	1	glucose uptake permease
7.23444312585e-06	1	MULTISPECIES: succinyl-CoA--3-ketoacid-CoA transferase subunit B
7.23444312585e-06	1	MULTISPECIES: asparagine amidohydrolase
7.23444312585e-06	1	type VI secretion system, core protein
7.23444312585e-06	1	DnaA protein
7.23444312585e-06	1	RNA polymerase sigma-A factor
7.23444312585e-06	1	MULTISPECIES: MexA family multidrug efflux RND transporter periplasmic adaptor subunit
7.23444312585e-06	1	OmpA domain-containing protein
7.23444312585e-06	1	MULTISPECIES: Sec-independent protein secretion pathway component
7.23444312585e-06	1	transposon Tn21 resolvase
7.23444312585e-06	1	cocaine esterase
7.23444312585e-06	1	MULTISPECIES: peptidase C24
7.23444312585e-06	1	IS1595 family transposase ISRsp21
7.23444312585e-06	1	cytochrome C556
7.23444312585e-06	1	cellulose synthase catalytic subunit
7.23444312585e-06	1	sulfotransferase, partial
7.23444312585e-06	1	MULTISPECIES: DUF4908 domain-containing protein
7.23444312585e-06	1	DUF4842 domain-containing protein
7.23444312585e-06	1	MULTISPECIES: Sel1 repeat protein
7.23444312585e-06	1	Site-specific recombinase and resolvase superfamily protein, partial
7.23444312585e-06	1	endoprotease
7.23444312585e-06	1	Zn-finger-containing protein
7.23444312585e-06	1	MULTISPECIES: siderophore biosynthesis protein IucA
7.23444312585e-06	1	ImcF-like family protein, partial
7.23444312585e-06	1	MobC homing endonuclease
7.23444312585e-06	1	heat-shock protein 70, dnaK
7.23444312585e-06	1	MULTISPECIES: endo-beta-1,3-glucanase
7.23444312585e-06	1	DUF2800 domain-containing protein, partial
7.23444312585e-06	1	FecI family RNA polymerase sigma factor
7.23444312585e-06	1	protein required for cytochrome oxidase assembly-like protein
7.23444312585e-06	1	ATP synthase delta (OSCP) subunit ATP synthase delta (OSCP) subunit
7.23444312585e-06	1	vacJ lipoprotein
7.23444312585e-06	1	IS1595 family transposase ISDli1
7.23444312585e-06	1	MULTISPECIES: MlrC domain protein
7.23444312585e-06	1	cadherin repeat-containing protein
7.23444312585e-06	1	membrane protein with HlyD domain
7.23444312585e-06	1	hydrogenase-4 component F-like protein
7.23444312585e-06	1	phage-related membrane protein
7.23444312585e-06	1	stage III sporulation protein D
7.23444312585e-06	1	Phage tail fiber protein h
7.23444312585e-06	1	Secretion chaperone CsaA
7.23444312585e-06	1	Two-component sensor CbrA: intrcellular carbon:nitrogen balance
7.23444312585e-06	1	protein FlgH
7.23444312585e-06	1	divergent 4Fe-4S mono-cluster
7.23444312585e-06	1	MULTISPECIES: plasmid-partitioning protein
7.23444312585e-06	1	LCCL domain protein
7.23444312585e-06	1	methionyl aminopeptidase
7.23444312585e-06	1	putative phosphoglycolate phosphatase, bacterial
7.23444312585e-06	1	glucan endo-1,3-beta-D-glucosidase, partial
7.23444312585e-06	1	MULTISPECIES: anti-ECFsigma factor (ChrR)
7.23444312585e-06	1	MULTISPECIES: DUF4263 domain-containing protein
7.23444312585e-06	1	MULTISPECIES: DUF2232 domain-containing protein
7.23444312585e-06	1	menE; O-succinylbenzoate-CoA ligase
7.23444312585e-06	1	DUF4169 domain-containing protein, partial
7.23444312585e-06	1	MULTISPECIES: cytochrome C assembly protein
7.23444312585e-06	1	DUF1211 domain-containing membrane protein
7.23444312585e-06	1	bifunctional proline dehydrogenase/delta-1-pyrroline-5-carboxylate dehydrogenase
7.23444312585e-06	1	ligand-gated channel, partial
7.23444312585e-06	1	MULTISPECIES: dimethylamine corrinoid protein MtbC
7.23444312585e-06	1	MULTISPECIES: endonuclease IV
7.23444312585e-06	1	MULTISPECIES: xanthine dehydrogenase YagS FAD-binding subunit
7.23444312585e-06	1	DUF4982 domain-containing protein
7.23444312585e-06	1	protein containing Class II aldolase/adducin
7.23444312585e-06	1	MULTISPECIES: 4-hydroxybenzoyl-CoA reductase subunit gamma
7.23444312585e-06	1	MULTISPECIES: Na+/H+ antiporter subunit A
7.23444312585e-06	1	tolB protein precursor protein
7.23444312585e-06	1	MULTISPECIES: type II secretory pathway, pseudopilin PulG
7.23444312585e-06	1	mannose-sensitive hemagglutinin a (partial)
7.23444312585e-06	1	capsule export inner-membrane protein CtrB
7.23444312585e-06	1	MULTISPECIES: DNA-binding protein HU-alpha
7.23444312585e-06	1	long chain fatty acid transport protein
7.23444312585e-06	1	ferripyoverdine receptor
7.23444312585e-06	1	DUF4222 domain-containing protein
7.23444312585e-06	1	putative integrin alpha chain family protein
7.23444312585e-06	1	MULTISPECIES: penicillin-binding protein 2D
7.23444312585e-06	1	6-aminopenicillanic acid acyl-transferase
7.23444312585e-06	1	ATPase RecA family
7.23444312585e-06	1	DUF3221 domain-containing protein
7.23444312585e-06	1	mannose-sensitive agglutinin (MSHA) biogenesis protein MshD
7.23444312585e-06	1	mannose-sensitive agglutinin (MSHA) biogenesis protein MshK
7.23444312585e-06	1	aureolysin
7.23444312585e-06	1	MULTISPECIES: cytochrome-c3 hydrogenase
7.23444312585e-06	1	potassium uptake protein, TrkH family
7.23444312585e-06	1	translation initiation inhibitor, yjgF family protein
7.23444312585e-06	1	toxin-antitoxin system, toxin component, Bro domain protein
7.23444312585e-06	1	peptidase C10 Streptopain
7.23444312585e-06	1	DUF3320 domain-containing protein, partial
7.23444312585e-06	1	MULTISPECIES: Aromatic ring-cleaving dioxygenase
7.23444312585e-06	1	DfnJ
7.23444312585e-06	1	P pilus assembly/Cpx signaling pathway, periplasmic inhibitor/zinc-resistance associated protein
7.23444312585e-06	1	fe2+ zn2+ uptake regulation protein
7.23444312585e-06	1	putative peptidylprolyl isomerase
7.23444312585e-06	1	alpha-dextran endo-1,6-alpha-glucosidase
7.23444312585e-06	1	glucose-1-phosphate cytidylyltransferase, partial
7.23444312585e-06	1	DNA alkylation repair enzyme family protein
7.23444312585e-06	1	MULTISPECIES: sulfatase domain-containing protein
7.23444312585e-06	1	rhomboid protein
7.23444312585e-06	1	MULTISPECIES: ADP,ATP carrier protein 4
7.23444312585e-06	1	DUF2693 domain-containing protein
7.23444312585e-06	1	methionine biosynthesis
7.23444312585e-06	1	Hydrogenase maturation factor HoxQ
7.23444312585e-06	1	MULTISPECIES: envelope stress response membrane protein PspB
7.23444312585e-06	1	MULTISPECIES: phosphoglucosamine mutase, partial
7.23444312585e-06	1	bifunctional allantoicase/OHCU decarboxylase
7.23444312585e-06	1	ribonucleotide reductase-like protein
7.23444312585e-06	1	ATP-grasp fold domain-containing protein
7.23444312585e-06	1	Tail tube protein, bacteriophage
7.23444312585e-06	1	branched-chain amino acid aminotransferase group I
7.23444312585e-06	1	2-aminoethylphosphonate:pyruvate aminotransferase
7.23444312585e-06	1	endopeptidase O
7.23444312585e-06	1	MULTISPECIES: Mal regulon transcriptional regulator MalI
7.23444312585e-06	1	protein containing DNA/RNA helicase
7.23444312585e-06	1	chorismate binding domain-containing protein
7.23444312585e-06	1	ammonia channel
7.23444312585e-06	1	NapD family protein
7.23444312585e-06	1	MULTISPECIES: DUF2779 domain-containing protein
7.23444312585e-06	1	molybdopterin dinucleotide-binding region protein
7.23444312585e-06	1	Haloacid dehalogenase domain-containing protein hydrolase
7.23444312585e-06	1	glutamate N-acetyltransferase/amino-acid acetyltransferase
7.23444312585e-06	1	MULTISPECIES: Rha family transcriptional regulator
7.23444312585e-06	1	biotin-binding protein
7.23444312585e-06	1	Presequence protease
7.23444312585e-06	1	sugar ABC transporter periplasmic protein
7.23444312585e-06	1	peptidase M55 D-aminopeptidase
7.23444312585e-06	1	cold shock domain protein CspD, partial
7.23444312585e-06	1	MULTISPECIES: O95 family O-antigen ABC transporter ATP-binding protein Wzt
7.23444312585e-06	1	organic solvent ABC transporter ATPase
7.23444312585e-06	1	aldolase 1 epimerase LacX
7.23444312585e-06	1	phage repressor
7.23444312585e-06	1	MULTISPECIES: ANT(9) family aminoglycoside nucleotidyltransferase Spw
7.23444312585e-06	1	ISKra4 family transposase ISCot1
7.23444312585e-06	1	putative type IV-A pilus assembly ATPase PilB
7.23444312585e-06	1	MULTISPECIES: DUF5069 domain-containing protein
7.23444312585e-06	1	DUF3072 domain-containing protein
7.23444312585e-06	1	MULTISPECIES: virginiamycin B lyase
7.23444312585e-06	1	secretion type II protein
7.23444312585e-06	1	catalytic domain-containing protein of component of various dehydrogenase complexes
7.23444312585e-06	1	MULTISPECIES: PTS lactose/cellobiose family IIC component
7.23444312585e-06	1	CoA transferase subunit A, partial
7.23444312585e-06	1	arginine N-succinyltransferase subunit alpha
7.23444312585e-06	1	Zn-finger, CHC2 type
7.23444312585e-06	1	potassium uptake protein, partial
7.23444312585e-06	1	putative hemolysin-type calcium-binding region
7.23444312585e-06	1	NOL1/NOP2/sun family putative RNA methylase
7.23444312585e-06	1	Mg chelatase, subunit ChlI
7.23444312585e-06	1	DUF3346 domain-containing protein
7.23444312585e-06	1	HEAT repeat-containing PBS lyase
7.23444312585e-06	1	bacteriophage resistance protein
7.23444312585e-06	1	PhoR protein
7.23444312585e-06	1	M12B family metalloprotease
7.23444312585e-06	1	lysine exporter, LysE/YggA family
7.23444312585e-06	1	cadherin, partial
7.23444312585e-06	1	MULTISPECIES: Ribulose bisphosphate carboxylase large chain, chromosomal
7.23444312585e-06	1	MULTISPECIES: DUF2169 domain-containing protein
7.23444312585e-06	1	darB protein
7.23444312585e-06	1	dissimilatory adenylylsulfate reductase subunit alpha precursor
7.23444312585e-06	1	flagellar synthesis regulator FleN
7.23444312585e-06	1	Na+/glutamate symporter-like protein
7.23444312585e-06	1	MULTISPECIES: phenylacetic acid degradation protein, partial
7.23444312585e-06	1	sugar ABC transporter periplasmic sugar-binding protein
7.23444312585e-06	1	universal stress protein, UspA family
7.23444312585e-06	1	FimV type IV pilus assembly protein
7.23444312585e-06	1	fluorothreonine transaldolase
7.23444312585e-06	1	MULTISPECIES: DNA repair helicase
7.23444312585e-06	1	methionine sulfoxide reductase B, partial
7.23444312585e-06	1	Replication initiator protein A
7.23444312585e-06	1	fecR family protein
7.23444312585e-06	1	capsular biosynthesis protein CpsB
7.23444312585e-06	1	conjugal transfer protein TrbF, partial
7.23444312585e-06	1	capsular biosynthesis protein CpsJ
7.23444312585e-06	1	3,4-dihydroxy-2-butanone 4-phosphate synthase, partial
7.23444312585e-06	1	MULTISPECIES: LPS biosynthesis glycosyltransferase
7.23444312585e-06	1	CTP pyrophosphohydrolase
7.23444312585e-06	1	MULTISPECIES: diaminopimelate dehydrogenase
7.23444312585e-06	1	phage DNA-binding ATPase
7.23444312585e-06	1	disulfide dehydrogenase D
7.23444312585e-06	1	sugar-binding periplasmic receptor ChvE
7.23444312585e-06	1	Urea carboxylase-related aminomethyltransferase
7.23444312585e-06	1	bicarbonate ABC transporter
7.23444312585e-06	1	MULTISPECIES: putrescine/spermidine ABC transporter
7.23444312585e-06	1	MULTISPECIES: RNA polymerase sporulation sigma factor SigE
7.23444312585e-06	1	adaptive-response sensory-kinase sasA
7.23444312585e-06	1	DUF1554 domain-containing protein
7.23444312585e-06	1	pit accessory protein
7.23444312585e-06	1	4-carboxymuconolactone decarboxylase, partial
7.23444312585e-06	1	MULTISPECIES: ribosomal large subunit pseudouridine synthase E
7.23444312585e-06	1	F0F1 ATP synthase subunit epsilon, partial
7.23444312585e-06	1	type 4 pilus assembly protein PilC
7.23444312585e-06	1	MULTISPECIES: trans-acting regulatory protein HvrA
7.23444312585e-06	1	MULTISPECIES: propanediol dehydratase large subunit
7.23444312585e-06	1	cyanate hydratase CynS
7.23444312585e-06	1	flagellar operon protein
7.23444312585e-06	1	3-ketosteroid-9-alpha-hydroxylase oxygenase subunit
7.23444312585e-06	1	MULTISPECIES: multifunctional tRNA (adenosine(37)-N6)-threonylcarbamoyltransferase complex dimerization subunit type 1 TsaB/ribosomal protein alanine acetyltransferase/tRNA (adenosine(37)-N6)-threonylcarbamoyltransferase complex transferase subunit TsaD
7.23444312585e-06	1	MULTISPECIES: periplasmic-binding protein
7.23444312585e-06	1	acetyl-CoA carboxylase carboxyltransferase subunit, partial
7.23444312585e-06	1	GIY-YIG nuclease, partial
7.23444312585e-06	1	bifunctional Fe-S cluster assembly protein NifU/tRNA 2-thiouridine(34) synthase MnmA
7.23444312585e-06	1	pyrroloquinoline quinone (coenzyme pqq) biosynthesis protein c
7.23444312585e-06	1	6,7-dimethyl-8-ribityllumazine synthase, partial
7.23444312585e-06	1	capsule polysaccharide biosynthesis domain protein
7.23444312585e-06	1	haloalkane dehalogenase, partial
7.23444312585e-06	1	MULTISPECIES: oxoprolinase family protein
7.23444312585e-06	1	SpoIIIJ-associated protein
7.23444312585e-06	1	membrane protein TmpB
7.23444312585e-06	1	cytochrome c oxidase subunit III subfamily
7.23444312585e-06	1	MULTISPECIES: 2,3-dihydro-2,3-dihydroxybenzoate dehydrogenase
7.23444312585e-06	1	outer membrane channel protein, partial
7.23444312585e-06	1	aminopeptidase N, peptidase M1 family protein
7.23444312585e-06	1	NAD-reducing hydrogenase subunit alpha
7.23444312585e-06	1	phytanoyl-CoA dioxygenase PhyH domain protein
7.23444312585e-06	1	MULTISPECIES: histidine/lysine/arginine/ornithine ABC transporter permease HisM
7.23444312585e-06	1	hemolysin secretion protein
7.23444312585e-06	1	peptidase M41, partial
7.23444312585e-06	1	secY/secA suppressor protein
7.23444312585e-06	1	transporter EamA-like family
7.23444312585e-06	1	multidrug MFS transporter, partial
7.23444312585e-06	1	anaerobic glycerol-3-phosphate dehydrogenase subunit B
7.23444312585e-06	1	type IV secretion system protein VirD4, partial
7.23444312585e-06	1	choline/ethanolamine kinase
7.23444312585e-06	1	MULTISPECIES: twin transmembrane helix small protein
7.23444312585e-06	1	d-alpha-D-mannose-1-phosphate guanylyltransferase ManB
7.23444312585e-06	1	DNA replication/repair protein RecF, partial
7.23444312585e-06	1	DUF1775 domain-containing protein, partial
7.23444312585e-06	1	IS4 family transposase ISCARN115
7.23444312585e-06	1	HopL1 protein
7.23444312585e-06	1	chromosome partitioning protein Spo0J
7.23444312585e-06	1	MULTISPECIES: surface antigen BspA
7.23444312585e-06	1	radical SAM peptide maturase, CXXX-repeat target family
7.23444312585e-06	1	Zn-dependent oxidoreductase NADPH:quinone reductase
7.23444312585e-06	1	MULTISPECIES: DUF1493 domain-containing protein
7.23444312585e-06	1	quaternary ammonium compound efflux SMR transporter QacK
7.23444312585e-06	1	putative acylhydrolase
7.23444312585e-06	1	putative subtilisin family peptidase
7.23444312585e-06	1	pyruvate dehydrogenase (NADP+), 2-oxoglutarate synthase
7.23444312585e-06	1	MULTISPECIES: flagellar assembly protein FliW
7.23444312585e-06	1	MULTISPECIES: ubiquinone biosynthesis hydroxylase UbiH
7.23444312585e-06	1	phosphotransferase system HPr (HPr) family protein
7.23444312585e-06	1	GTP--adenosylcobinamide-phosphate guanylyltransferase
7.23444312585e-06	1	MULTISPECIES: TyrR family transcriptional regulator
7.23444312585e-06	1	IS3 family transposase ISBj3
7.23444312585e-06	1	hydrolase, putative
7.23444312585e-06	1	MULTISPECIES: L-fucose dehydrogenase
7.23444312585e-06	1	symbiosis island integrase
7.23444312585e-06	1	MULTISPECIES: IS4 family transposase ISCku2
7.23444312585e-06	1	MULTISPECIES: IS4 family transposase ISCku3
7.23444312585e-06	1	indolepyruvate oxidoreductase subunit alpha
7.23444312585e-06	1	toxin of toxin-antitoxin system
7.23444312585e-06	1	IS5 family transposase ISCARN82
7.23444312585e-06	1	copper ABC transporter permease
7.23444312585e-06	1	IS5 family transposase ISAs34
7.23444312585e-06	1	type 4 prepilin peptidase 1
7.23444312585e-06	1	photosystem II D2 protein 2
7.23444312585e-06	1	MULTISPECIES: sugar tyrosine-protein kinase
7.23444312585e-06	1	nitrogen regulation protein NtrY
7.23444312585e-06	1	small mechanosensitive ion channel
7.23444312585e-06	1	MULTISPECIES: class E sortase
7.23444312585e-06	1	putative branched-chain amino acid aminotransferase 2
7.23444312585e-06	1	MULTISPECIES: L-sorbosone dehydrogenase
7.23444312585e-06	1	putative transcription factor, CoiA-like family
7.23444312585e-06	1	calcineurin
7.23444312585e-06	1	XkdX family protein
7.23444312585e-06	1	MULTISPECIES: D-alanine--D-alanine ligase B
7.23444312585e-06	1	PKR inhibitor
7.23444312585e-06	1	anabaenopeptilide synthetase ApdB
7.23444312585e-06	1	sodium:alanine symporter family protein, partial
7.23444312585e-06	1	peptidase, M20/M25/M40 family
7.23444312585e-06	1	Uma3
7.23444312585e-06	1	lignostilbene-alpha,beta-dioxygenase and related enzyme-like protein
7.23444312585e-06	1	transcription factor jumonji domain-containing protein
7.23444312585e-06	1	IS701 family transposase ISAcma22
7.23444312585e-06	1	patatin-like phospholipase 7
7.23444312585e-06	1	GTP-binding protein Der
7.23444312585e-06	1	MULTISPECIES: gamma-DL-glutamyl hydrolase
7.23444312585e-06	1	Fe-S oxidoreductase, coproporphyrinogen III oxidase
7.23444312585e-06	1	periplasmic trypsin-like serine protease HtrA/DegQ/DegS family
7.23444312585e-06	1	MULTISPECIES: tyrosine protein phosphatase
7.23444312585e-06	1	MULTISPECIES: cyclic-guanylate-specific phosphodiesterase
7.23444312585e-06	1	lipopolysaccharide tri-O-methyl-fucosylation protein (SAM-dependent methyltransferase)
7.23444312585e-06	1	toluene hydroxylase
7.23444312585e-06	1	tRNA-dihydrouridine(20/20a) synthase DusA
7.23444312585e-06	1	magnesium-protoporphyrin IX monomethyl ester oxidative cyclase
7.23444312585e-06	1	raffinose synthase or seed imbibition protein Sip1
7.23444312585e-06	1	MULTISPECIES: IS5 family transposase ISRtr3
7.23444312585e-06	1	S1C family peptidase
7.23444312585e-06	1	bacteriophage packaging protein GP3-like protein
7.23444312585e-06	1	MULTISPECIES: phage major tail tube protein
7.23444312585e-06	1	MULTISPECIES: cold-shock protein CspE
7.23444312585e-06	1	phosphoenolpyruvate synthase/pyruvate phosphate dikinase, partial
7.23444312585e-06	1	Exopolysaccharide synthesis protein
7.23444312585e-06	1	inosine-5-monophosphate dehydrogenase, partial
7.23444312585e-06	1	peptidase, family M23/M37 domain protein
7.23444312585e-06	1	pilin protein
7.23444312585e-06	1	paerucumarin biosynthesis protein PvcA
7.23444312585e-06	1	Leu/Ile/Val-binding lipoprotein transmembrane
7.23444312585e-06	1	homing endonuclease-like protein
7.23444312585e-06	1	MULTISPECIES: site-specific recombinase XerD
7.23444312585e-06	1	adenosylcobinamide kinase/adenosylcobinamide phosphate guanyltransferase, partial
7.23444312585e-06	1	MULTISPECIES: DUF3038 domain-containing protein
7.23444312585e-06	1	DUF1009 domain-containing protein, partial
7.23444312585e-06	1	D-xylulose kinase
7.23444312585e-06	1	MULTISPECIES: acety-l/propionyl-CoA carboxylase subunit alpha
7.23444312585e-06	1	photosystem II manganese-stabilizing protein PsbO
7.23444312585e-06	1	oligopeptide transport ATP-binding protein AmiE
7.23444312585e-06	1	heme lyase NrfEFG subunit NrfF
7.23444312585e-06	1	D-gluconate kinase
7.23444312585e-06	1	IS5 family transposase ISCysp17
7.23444312585e-06	1	ferrioxamine B receptor
7.23444312585e-06	1	autoinducer-2 kinase
7.23444312585e-06	1	MULTISPECIES: Fragile-X-F family protein
7.23444312585e-06	1	5-dehydro-2-deoxygluconokinase, partial
7.23444312585e-06	1	RAP domain-containing protein
7.23444312585e-06	1	Tat (twin-arginine translocation) pathway signal sequence domain-containing protein
7.23444312585e-06	1	D-glycero-beta-D-manno-heptose 1-phosphate adenylyltransferase, partial
7.23444312585e-06	1	MULTISPECIES: DUF2243 domain-containing protein
7.23444312585e-06	1	IS2 repressor TnpA
7.23444312585e-06	1	biopolymer transporter ExbB family
7.23444312585e-06	1	family 25 glycoside hydrolase
7.23444312585e-06	1	DUF4403 domain-containing protein, partial
7.23444312585e-06	1	cytochrome c biogenesis-related protein
7.23444312585e-06	1	Mobilization protein MobL
7.23444312585e-06	1	polypeptide N-acetylglucosaminyltransferase
7.23444312585e-06	1	colanic acid biosynthesis protein
7.23444312585e-06	1	PhnA family protein
7.23444312585e-06	1	kua-ubiquitin conjugating enzyme hybrid localization domain protein
7.23444312585e-06	1	heme lyase CcmF/NrfE family subunit, partial
7.23444312585e-06	1	four-helix bundle copper-binding protein, partial
7.23444312585e-06	1	Hcp1 family type VI secretion system effector, partial
7.23444312585e-06	1	ParB-like partition protein, partial
7.23444312585e-06	1	Cache sensor-containing methyl-accepting chemotaxis sensory transducer
7.23444312585e-06	1	MULTISPECIES: FMN adenylyltransferase
7.23444312585e-06	1	MULTISPECIES: superinfection immunity protein
7.23444312585e-06	1	acetone carboxylase subunit alpha, partial
7.23444312585e-06	1	aspartate:proton symporter
7.23444312585e-06	1	MULTISPECIES: SMC protein family protein
7.23444312585e-06	1	MULTISPECIES: aliphatic sulfonate ABC transporter substrate-binding protein
7.23444312585e-06	1	MULTISPECIES: cyclic pyranopterin monophosphate synthase accessory protein
7.23444312585e-06	1	MULTISPECIES: L-lysine dehydrogenase
7.23444312585e-06	1	lysylphosphatidylglycerol synthetase family protein, partial
7.23444312585e-06	1	lipopolysaccharide N-acetylmannosaminouronosyltransferase
7.23444312585e-06	1	DUF4850 domain-containing protein
7.23444312585e-06	1	MULTISPECIES: DUF3054 domain-containing protein
7.23444312585e-06	1	inner membrane protein YhjD
7.23444312585e-06	1	MATE efflux family protein
7.23444312585e-06	1	transcriptional regulator, LacI family protein
7.23444312585e-06	1	type III-B CRISPR-associated protein Cas10/Cmr2, partial
7.23444312585e-06	1	NACHT domain-containing protein, partial
7.23444312585e-06	1	hydrolase or acyltransferase of alpha/beta superfamily protein
7.23444312585e-06	1	SPP1 gp7 family phage putative head morphogenesis protein
7.23444312585e-06	1	succinylglutamate desuccinylase, partial
7.23444312585e-06	1	cytochrome D terminal oxidase polypeptide subunit
7.23444312585e-06	1	phosphate acetyltransferase Pta
7.23444312585e-06	1	DUF1022 domain-containing protein
7.23444312585e-06	1	AMP forming CoA ligase
7.23444312585e-06	1	MULTISPECIES: phosphoserine aminotransferase
7.23444312585e-06	1	fructose-2,6-bisphosphate 2-phosphatase
7.23444312585e-06	1	MULTISPECIES: endo-1,4-beta-xylanase
7.23444312585e-06	1	MULTISPECIES: type 2 isopentenyl-diphosphate Delta-isomerase
7.23444312585e-06	1	Verru_Chthon cassette protein D
7.23444312585e-06	1	EBNA-1 nuclear protein
7.23444312585e-06	1	MULTISPECIES: ioquinoline 1-oxidoreductase
7.23444312585e-06	1	protein of unknown function DUF167
7.23444312585e-06	1	flagellar assembly protein FliX
7.23444312585e-06	1	hemoglobin-like protein (Hmp)
7.23444312585e-06	1	DUF2206 domain-containing protein
7.23444312585e-06	1	MULTISPECIES: Ti-type conjugative transfer system protein TraG
7.23444312585e-06	1	PTS N-acetylglucosamine transporter subunit IICB
7.23444312585e-06	1	putative diguanylate cyclase/phosphodiesterase (GGDEF and EAL domains)
7.23444312585e-06	1	comec/rec2-like protein
7.23444312585e-06	1	MULTISPECIES: flagellar biosynthesis protein FlgE
7.23444312585e-06	1	MULTISPECIES: flagellar biosynthesis protein FlgG
7.23444312585e-06	1	glycolate dehydrogenase, subunit GlcD
7.23444312585e-06	1	MULTISPECIES: dichlorophenol hydroxylase
7.23444312585e-06	1	putative membrane-anchored cell surface protein
7.23444312585e-06	1	anthraniloyl-CoA monooxygenase
7.23444312585e-06	1	MULTISPECIES: DUF4281 domain-containing protein
7.23444312585e-06	1	DUF4084 domain-containing protein
7.23444312585e-06	1	IS3 family transposase ISSwo1
7.23444312585e-06	1	MULTISPECIES: WXG100 family type VII secretion target
7.23444312585e-06	1	polyketide synthase type I
7.23444312585e-06	1	MULTISPECIES: signal peptide-containing protein
7.23444312585e-06	1	baseplate hub protein
7.23444312585e-06	1	Amine oxidase, flavin-containing
7.23444312585e-06	1	putative diacylglycerol kinase catalytic domain-containing protein
7.23444312585e-06	1	Cytoplasmic axial filament protein CafA and Ribonuclease G
7.23444312585e-06	1	sugar (glycoside-Pentoside-hexuronide) transporter
7.23444312585e-06	1	xanthine dehydrogenase small subunit, partial
7.23444312585e-06	1	DNA relaxase
7.23444312585e-06	1	ABC transporter involved in gliding motility
7.23444312585e-06	1	molybdenum cofactor carrier
7.23444312585e-06	1	putative outer membrane channel for pilus assembly CpaC
7.23444312585e-06	1	MULTISPECIES: Mn2+/Fe2+ transporter
7.23444312585e-06	1	MULTISPECIES: avidin
7.23444312585e-06	1	AP protein
7.23444312585e-06	1	MULTISPECIES: protein-tyrosine kinase
7.23444312585e-06	1	30S ribosomal protein S7, partial
7.23444312585e-06	1	abc transport system, lipoprotein
7.23444312585e-06	1	stage III sporulation protein J
7.23444312585e-06	1	two-component system sensor
7.23444312585e-06	1	IstB protein
7.23444312585e-06	1	MULTISPECIES: virulence factor Mce
7.23444312585e-06	1	PBS lyase HEAT-like repeat domain protein
7.23444312585e-06	1	MULTISPECIES: bifunctional (p)ppGpp synthetase II/ guanosine-3',5'-bis pyrophosphate 3'-pyrophosphohydrolase
7.23444312585e-06	1	tetrahydrofolate dehydrogenase
7.23444312585e-06	1	Levanase precursor
7.23444312585e-06	1	multiple resistance and pH homeostasis system, subunit E
7.23444312585e-06	1	MULTISPECIES: EfeM/EfeO family lipoprotein
7.23444312585e-06	1	MULTISPECIES: electron transport complex protein RnfA
7.23444312585e-06	1	MULTISPECIES: muramidase
7.23444312585e-06	1	MULTISPECIES: Dna2/Cas4 domain-containing protein
7.23444312585e-06	1	cyclic nucleotide-regulated ABC bacteriocin/lantibiotic exporter
7.23444312585e-06	1	MULTISPECIES: tellurium resistance protein TerZ
7.23444312585e-06	1	Na+-dependent phosphate transporter
7.23444312585e-06	1	spermidine Putrescine ABC transporter permease component potC
7.23444312585e-06	1	putative peptidase, partial
7.23444312585e-06	1	MULTISPECIES: DUF2726 domain-containing protein
7.23444312585e-06	1	exoV-like protein
7.23444312585e-06	1	amino acid hydroxylase
7.23444312585e-06	1	curli polymer protein
7.23444312585e-06	1	MULTISPECIES: D-mannose-1-phosphate guanyltransferase
7.23444312585e-06	1	MULTISPECIES: flagellum biosynthesis repressor protein FlbT
7.23444312585e-06	1	MULTISPECIES: ClbS/DfsB family four-helix bundle protein
7.23444312585e-06	1	Na+/H+ antiporter subunit AB
7.23444312585e-06	1	delta-lactam-biosynthetic de-N-acetylase
7.23444312585e-06	1	alpha-D-GlcNAc-diphosphoryl polyprenol, alpha-3-L-rhamnosyl transferase
7.23444312585e-06	1	L-asparaginase II, partial
7.23444312585e-06	1	carbazole dioxygenase
7.23444312585e-06	1	glycerate 2-kinase Gck
7.23444312585e-06	1	bifunctional molybdopterin-guanine dinucleotide biosynthesis protein MoaC/MobA
7.23444312585e-06	1	peptidase M1 family
7.23444312585e-06	1	Packaged DNA stabilization protein gp26
7.23444312585e-06	1	formylglycine-generating sulfatase
7.23444312585e-06	1	Positive regulator of CheA protein activity (CheW)
7.23444312585e-06	1	MULTISPECIES: flagellar cap protein FliD
7.23444312585e-06	1	phospho-2-dehydro-3-deoxyheptonate aldolase/chorismate mutase
7.23444312585e-06	1	MULTISPECIES: phage-like terminase
7.23444312585e-06	1	T-protein
7.23444312585e-06	1	neurofilament protein
7.23444312585e-06	1	MULTISPECIES: NADH ubiquinone dehydrogenase
7.23444312585e-06	1	MULTISPECIES: IS630 family transposase ISAzs37
7.23444312585e-06	1	MULTISPECIES: molybdate ABC transporter permease
7.23444312585e-06	1	stress responsive A/B barrel (DABB) domain protein
7.23444312585e-06	1	type VI secretion system protein ImpG, partial
7.23444312585e-06	1	invertase, partial
7.23444312585e-06	1	MULTISPECIES: heptose kinase
7.23444312585e-06	1	biopolymer transport protein
7.23444312585e-06	1	IS1634 family transposase ISSeq4
7.23444312585e-06	1	ribosomal RNA small subunit methyltransferase
7.23444312585e-06	1	C-phycoerythrin beta chain
7.23444312585e-06	1	MULTISPECIES: HDOD domain-containing protein, partial
7.23444312585e-06	1	TRAP dicarboxylate transporter- DctP subunit
7.23444312585e-06	1	DUF3018 domain-containing protein, partial
7.23444312585e-06	1	homocysteine S-methyltransferase family protein, partial
7.23444312585e-06	1	Carbohydrate binding module (family 6)
7.23444312585e-06	1	DUF1814 domain-containing protein
7.23444312585e-06	1	MULTISPECIES: acetyl-CoA decarbonylase/synthase complex subunit delta
7.23444312585e-06	1	protein MnbF
7.23444312585e-06	1	NADH:flavin oxidoreductase Old Yellow enzyme family protein, partial
7.23444312585e-06	1	protein UbiB
7.23444312585e-06	1	comA domain protein
7.23444312585e-06	1	putative pullulanase, type I
7.23444312585e-06	1	lipopolysaccharide 1,2-glucosyltransferase
7.23444312585e-06	1	flagellar biosynthesis protein FlhF, partial
7.23444312585e-06	1	iron-dependent extradiol dioxygenase
7.23444312585e-06	1	MULTISPECIES: MT-A70 protein
7.23444312585e-06	1	Superfamily II DNA/RNA helicase, SNF2 family
7.23444312585e-06	1	Capsular polysaccharide export system periplasmic protein KpsD
7.23444312585e-06	1	arabinan endo-1,5-alpha-L-arabinosidase, partial
7.23444312585e-06	1	Putative (R)-specific enoyl-CoA hydratase, MaoC- like protein
7.23444312585e-06	1	MULTISPECIES: potassium ABC transporter ATPase
7.23444312585e-06	1	MULTISPECIES: molybdenum ABC transporter permease
7.23444312585e-06	1	MULTISPECIES: XshC-Cox1 family protein
7.23444312585e-06	1	pilus assembly protein MshO
7.23444312585e-06	1	Stage V sporulation protein involved in spore cortex synthesis (SpoVR)
7.23444312585e-06	1	pilus assembly protein MshL
7.23444312585e-06	1	tRNA (guanosine-2'-O)-methyltransferase
7.23444312585e-06	1	steroid monooxygenase, partial
7.23444312585e-06	1	MULTISPECIES: PTS maltose transporter subunit IIBC
7.23444312585e-06	1	MULTISPECIES: hemagglutinin, partial
7.23444312585e-06	1	secreted/surface protein with fasciclin-like repeats
7.23444312585e-06	1	N-glycosylase
7.23444312585e-06	1	fructosidase
7.23444312585e-06	1	RNA polymerase-binding ATPase, partial
7.23444312585e-06	1	prenyltransferase UbiA family
7.23444312585e-06	1	aerotaxis sensor receptor Aer
7.23444312585e-06	1	Lycopene cyclase
7.23444312585e-06	1	TPR/glycosyl transferase domain protein
7.23444312585e-06	1	amylovoran biosynthesis glycosyltransferase AmsE
7.23444312585e-06	1	IS5 family transposase ISLlo3
7.23444312585e-06	1	MULTISPECIES: alpha-L-Rha alpha-1,3-L-rhamnosyltransferase
7.23444312585e-06	1	DNA-invertase from lambdoid prophage e14
7.23444312585e-06	1	sodium/solute transporter family
7.23444312585e-06	1	ATPase of the ABC class
7.23444312585e-06	1	sulfonate ABC transporter ATP-binding protein SsuB
7.23444312585e-06	1	antimicrobial peptide ABC transporter ATPase
7.23444312585e-06	1	MULTISPECIES: xanthine dehydrogenase, molybdenum-binding subunit
7.23444312585e-06	1	IS3 family transposase ISSpe1
7.23444312585e-06	1	MULTISPECIES: urease subunit alpha (Urea amidohydrolase subunit alpha)
7.23444312585e-06	1	MULTISPECIES: IS5 family transposase ISUnCu15
7.23444312585e-06	1	NAD-dependent dehydrogenase subunit
7.23444312585e-06	1	MULTISPECIES: coupling protein
7.23444312585e-06	1	nitrate transporter, putative
7.23444312585e-06	1	S-(hydroxymethyl)glutathione dehydrogenase/class III alcohol dehydrogenase, partial
7.23444312585e-06	1	DUF3300 domain-containing protein, partial
7.23444312585e-06	1	MULTISPECIES: DUF2845 domain-containing protein
7.23444312585e-06	1	fdxN element excision controlling factor protein XisH
7.23444312585e-06	1	MULTISPECIES: heterocyst differentiation control protein
7.23444312585e-06	1	NADH dehydrogenase, FAD-containing subunit
7.23444312585e-06	1	MULTISPECIES: DUF1972 domain-containing protein
7.23444312585e-06	1	acyl-CoA thioester hydrolase YbgC/YbaW family
7.23444312585e-06	1	YegS//BmrU family lipid kinase
7.23444312585e-06	1	MULTISPECIES: acylphosphatase
7.23444312585e-06	1	malonate decarboxylase subunit delta
7.23444312585e-06	1	antitoxin, RHH family protein
7.23444312585e-06	1	glutaredoxin 2, C-terminal domain protein
7.23444312585e-06	1	peptidase A24A-like protein
7.23444312585e-06	1	oxidoreductase domain protein, partial
7.23444312585e-06	1	tripartite tricarboxylate transporter protein
7.23444312585e-06	1	phage small terminase subunit
7.23444312585e-06	1	potassium transporter KefC
7.23444312585e-06	1	SCP-like protein
7.23444312585e-06	1	Vitamin B12 ABC transporter substrate-binding protein
7.23444312585e-06	1	thermostable dipeptidase
7.23444312585e-06	1	thiF protein
7.23444312585e-06	1	MULTISPECIES: multidrug transporter subunit MdtD
7.23444312585e-06	1	MULTISPECIES: cyanoglobin
7.23444312585e-06	1	L-serine dehydratase alpha chain
7.23444312585e-06	1	APHP domain protein
7.23444312585e-06	1	L+-tartrate or fumarate dehydratase subunit beta
7.23444312585e-06	1	putative magnesium and cobalt transport protein CorA
7.23444312585e-06	1	common central domain of tyrosinase
7.23444312585e-06	1	MULTISPECIES: (2,3-dihydroxybenzoyl)adenylate synthase
7.23444312585e-06	1	transcriptional regulator BolA
7.23444312585e-06	1	type II restriction endonuclease MjaIII
7.23444312585e-06	1	TRAP C4-dicarboxylate transport system permease DctM subunit
7.23444312585e-06	1	MoeA domain-containing protein domain I and II
7.23444312585e-06	1	nitrous-oxide metabolic protein NosY
7.23444312585e-06	1	endothelin-converting protein, partial
7.23444312585e-06	1	Carboxypeptidase (fragment)
7.23444312585e-06	1	acetyl-lysine deacetylase
7.23444312585e-06	1	ABC transporter permease and ATP-binding protein RaxB
7.23444312585e-06	1	short-chain alcohol dehydrogenase, partial
7.23444312585e-06	1	O-antigen export system ATP-binding protein RfbE
7.23444312585e-06	1	O-antigen export system ATP-binding protein RfbB
7.23444312585e-06	1	MULTISPECIES: TRAP transporter permease DctM/Q
7.23444312585e-06	1	nitrate reductase accessory protein
7.23444312585e-06	1	oxidoreductase short-chain dehydrogenase/reductase
7.23444312585e-06	1	methylmuconolactone isomerase
7.23444312585e-06	1	NHL/RHS/YD repeat-containing protein
7.23444312585e-06	1	CotH protein
7.23444312585e-06	1	MULTISPECIES: cobalamin biosynthesis protein CobE
7.23444312585e-06	1	MULTISPECIES: cobalamin biosynthesis protein CobD
7.23444312585e-06	1	MULTISPECIES: cobalamin biosynthesis protein CobB
7.23444312585e-06	1	branched-chain amino acid transport system carrier protein
7.23444312585e-06	1	MULTISPECIES: modification methylase EcaI
7.23444312585e-06	1	TPR repeat-containing protein PA4667
7.23444312585e-06	1	PGAP1-like protein
7.23444312585e-06	1	MULTISPECIES: ABC tungstate transporter permease
7.23444312585e-06	1	MULTISPECIES: class A sortase
7.23444312585e-06	1	Restriction endonuclease type I R subunit/type III
7.23444312585e-06	1	MULTISPECIES: L,D-transpeptidase catalytic domain protein
7.23444312585e-06	1	IS3 family transposase ISVpa2
7.23444312585e-06	1	glycosyl hydrolase family 8
7.23444312585e-06	1	RNA polymerase subunit alpha domain-containing protein
7.23444312585e-06	1	DNA transfer protein
7.23444312585e-06	1	two-component system response regulator BaeR, partial
7.23444312585e-06	1	two component, sigma54 specific, transcriptional regulator, Fis family protein
7.23444312585e-06	1	cdsA protein
7.23444312585e-06	1	putative alternative thymidylate synthase
7.23444312585e-06	1	MULTISPECIES: 2-deoxyglucose-6-phosphatase
7.23444312585e-06	1	MULTISPECIES: fused SpmA/SpmB domain
7.23444312585e-06	1	voltage-gated chloride channel protein ClcB
7.23444312585e-06	1	outer membrane receptor, TonB dependent
7.23444312585e-06	1	MULTISPECIES: phage related protein
7.23444312585e-06	1	enzyme of heme biosynthesis (hemY-like)
7.23444312585e-06	1	IS1182 family transposase ISBusp4
7.23444312585e-06	1	MULTISPECIES: isoquinoline 1-oxidoreductase subunit beta IorB, molybdoprotein
7.23444312585e-06	1	MULTISPECIES: plasmid replication/partition related protein
7.23444312585e-06	1	MULTISPECIES: IS481 family transposase ISHne2
7.23444312585e-06	1	methylamine dehydrogenase (amicyanin) large subunit
7.23444312585e-06	1	phage-like tail fiber-like protein
7.23444312585e-06	1	rolling circle replication protein, Rep63 protein, partial
7.23444312585e-06	1	metal-sensitive transcriptional regulator
7.23444312585e-06	1	sugar-binding transporter-like protein
7.23444312585e-06	1	regulatory protein FlaEY
7.23444312585e-06	1	MULTISPECIES: anaerobic glycerol-3-phosphate dehydrogenase subunit B
7.23444312585e-06	1	type IV secretion system ATPase
7.23444312585e-06	1	autotransporter outer membrane beta-barrel domain-containing protein, partial
7.23444312585e-06	1	nucleoside diphosphate pyrophosphatase
7.23444312585e-06	1	aldolase II superfamily protein
7.23444312585e-06	1	MULTISPECIES: phosphonopyruvate hydrolase
7.23444312585e-06	1	beta-propeller repeat protein
7.23444312585e-06	1	restriction endonuclease SPbetaI
7.23444312585e-06	1	MULTISPECIES: translocation protein in type III secretion system, RhcU
7.23444312585e-06	1	L-fucose:H+ symporter permease, partial
7.23444312585e-06	1	iron-regulated protein frpC
7.23444312585e-06	1	DUF3247 domain-containing protein
7.23444312585e-06	1	flagellar basal body protein FliL, partial
7.23444312585e-06	1	putative iron/ascorbate oxidoreductase
7.23444312585e-06	1	MULTISPECIES: FeS assembly ATPase SufC
7.23444312585e-06	1	Carbapenem antibiotics biosynthesis protein carD
7.23444312585e-06	1	heavy metal transport (copper)/detoxification protein
7.23444312585e-06	1	TIGR03085 family protein, partial
7.23444312585e-06	1	3-hydroxyisobutyrate dehydrogenase, partial
7.23444312585e-06	1	MULTISPECIES: Putative ADP-ribose pyrophosphatase, NUDIX family
7.23444312585e-06	1	oxidoreductase alpha subunit, partial
7.23444312585e-06	1	Predicted transcriptional regulators
7.23444312585e-06	1	MULTISPECIES: divergent AAA domain protein
7.23444312585e-06	1	IS5 family transposase ISBuce2
7.23444312585e-06	1	FoF1 ATP synthase, subunit I
7.23444312585e-06	1	MULTISPECIES: ACR family transporter
7.23444312585e-06	1	regulator of melibiose operon
7.23444312585e-06	1	TIGR04551 family protein, partial
7.23444312585e-06	1	Protein flp AltName: Full=FmtA-like protein
7.23444312585e-06	1	phosphoribosylanthranilate isomerase, partial
7.23444312585e-06	1	MULTISPECIES: pilus assembly protein prepilin peptidase subunit
7.23444312585e-06	1	BetI family transcriptional regulator
7.23444312585e-06	1	LVIVD repeat-containing protein, partial
7.23444312585e-06	1	ribonucleoside-triphosphate reductase, adenosylcobalamin-dependent, partial
7.23444312585e-06	1	MULTISPECIES: plasmid segregation actin-type ATPase ParM
7.23444312585e-06	1	microcompartment protein PduB
7.23444312585e-06	1	secreted cellulase
7.23444312585e-06	1	sulfur acceptor protein CsdL
7.23444312585e-06	1	nitrate reductase/nitrite reductase
7.23444312585e-06	1	MULTISPECIES: type IV secretion system protein
7.23444312585e-06	1	IS3 family transposase ISYps8
7.23444312585e-06	1	cytochrome c biogenesis protein, partial
7.23444312585e-06	1	UbiA prenyltransferase family protein,methyltransferase family protein
7.23444312585e-06	1	minor tail protein
7.23444312585e-06	1	tetratricopeptide repeat domain protein, partial
7.23444312585e-06	1	WhiB
7.23444312585e-06	1	20-beta-hydroxysteroid dehydrogenase
7.23444312585e-06	1	heat shock protein DnaJ-like protein
7.23444312585e-06	1	D-alanine--(R)-lactate ligase VanA-Ao2
7.23444312585e-06	1	bicarbonate transport bicarbonate-binding protein
7.23444312585e-06	1	MULTISPECIES: radical SAM peptide maturase
7.23444312585e-06	1	sulfotransferase family protein, partial
7.23444312585e-06	1	protein RdxH
7.23444312585e-06	1	MULTISPECIES: ferredoxin CarAc
7.23444312585e-06	1	Ycf53-like protein
7.23444312585e-06	1	lysostaphin
7.23444312585e-06	1	DNA-binding response regulator HsfA
7.23444312585e-06	1	amino acid:proton antiporter
7.23444312585e-06	1	putative 4-coumarate--CoA ligase
7.23444312585e-06	1	dihydroneopterin triphosphate diphosphatase, partial
7.23444312585e-06	1	transcriptional regulator, PaaX family protein
7.23444312585e-06	1	MULTISPECIES: transfer protein Tra
7.23444312585e-06	1	PBS lyase HEAT domain-containing protein
7.23444312585e-06	1	FdrA family protein, partial
7.23444312585e-06	1	helicase SNF2/RAD54 family
7.23444312585e-06	1	phosphoethanolamine transferase, partial
7.23444312585e-06	1	putrescine oxidase
7.23444312585e-06	1	MULTISPECIES: aminoglycoside 6-adenylyltransferase AadS
7.23444312585e-06	1	MULTISPECIES: TIGR03757 family integrating conjugative element protein
7.23444312585e-06	1	DUF961 domain-containing protein
7.23444312585e-06	1	flagellar protein required for flagellar formation
7.23444312585e-06	1	MULTISPECIES: flagellum-specific ATP synthase FliL
7.23444312585e-06	1	MULTISPECIES: lipid A biosynthesis protein
7.23444312585e-06	1	iron dicitrate transport regulator FecR, partial
7.23444312585e-06	1	type I restriction enzyme M protein
7.23444312585e-06	1	capK; capsular polysaccharide biosynthesis protein
7.23444312585e-06	1	IS1595 family transposase ISBdb1
7.23444312585e-06	1	hemin ABC transporter substrate-binding protein, partial
7.23444312585e-06	1	MULTISPECIES: methionine ABC transporter
7.23444312585e-06	1	DUF2779 domain-containing protein, partial
7.23444312585e-06	1	putative membrane-fusion protein
7.23444312585e-06	1	copper type II ascorbate-dependent monooxygenase
7.23444312585e-06	1	carbon-monoxide dehydrogenase small subunit, coxS-like protein
7.23444312585e-06	1	R-amidase-like protein
7.23444312585e-06	1	glycosyl hydrolase family 98 carbohydrate binding module
7.23444312585e-06	1	23S rRNA (adenine(2058)-N(6))-methyltransferase Erm(B)
7.23444312585e-06	1	type VI secretion system protein ImpK
7.23444312585e-06	1	MULTISPECIES: exonuclease VII large subunit
7.23444312585e-06	1	MULTISPECIES: response regulator receiver modulated metal dependent phosphohydrolase
7.23444312585e-06	1	MULTISPECIES: beta-D-hydroxybutyrate dehydrogenase
7.23444312585e-06	1	protein NinB
7.23444312585e-06	1	WD repeat-containing peptidylprolyl isomerase
7.23444312585e-06	1	endo-1,4-beta-xylanase Z
7.23444312585e-06	1	phosphate starvation-inducible protein family
7.23444312585e-06	1	Oligopeptide transporter
7.23444312585e-06	1	ECF subfamily RNA polymerase sigma-24 subunit, partial
7.23444312585e-06	1	TonB-like protein
7.23444312585e-06	1	NnrS protein
7.23444312585e-06	1	CheR methyltransferase, SAM binding domain protein
7.23444312585e-06	1	Nodulation protein nolNO
7.23444312585e-06	1	MULTISPECIES: hydantoin racemase HyuE
7.23444312585e-06	1	thermonuclease (SNc family)
7.23444312585e-06	1	type I restriction enzyme EcoR124II R protein
7.23444312585e-06	1	MULTISPECIES: CotS family spore coat protein
7.23444312585e-06	1	MULTISPECIES: regulator of ribonuclease activity a
7.23444312585e-06	1	MULTISPECIES: RbsD or FucU transport
7.23444312585e-06	1	glucose dehydrogenase-B (pyrroloquinoline-quinone) (precursor)-like protein
7.23444312585e-06	1	MULTISPECIES: DUF2516 domain-containing protein
7.23444312585e-06	1	putative TonB-dependent outer membrane receptor
7.23444312585e-06	1	cytochrome c oxidase (Chain III)
7.23444312585e-06	1	MOP family membrane protein
7.23444312585e-06	1	precorrin-2 C20-methyltransferase
7.23444312585e-06	1	MULTISPECIES: UDP-N-acetylglucosamine 4-epimerase
7.23444312585e-06	1	putative ABC transporter substrate binding component
7.23444312585e-06	1	MULTISPECIES: BLLF1 multi-domain protein
7.23444312585e-06	1	MULTISPECIES: HemD protein
7.23444312585e-06	1	MULTISPECIES: trifunctional nicotinamide-nucleotide adenylyltransferase/ribosylnicotinamide kinase/transcriptional regulator NadR
7.23444312585e-06	1	succinyl-CoA--(R)-citramalate CoA-transferase
7.23444312585e-06	1	MULTISPECIES: CcdB antidote CcdA
7.23444312585e-06	1	enhanced entry protein
7.23444312585e-06	1	MULTISPECIES: curli production assembly protein CsgE
7.23444312585e-06	1	cytochrome C biogenesis protein DipZ
7.23444312585e-06	1	chemotaxis sensory transducer protein
7.23444312585e-06	1	MULTISPECIES: CMP-N-acetylneuraminic acid synthetase
7.23444312585e-06	1	MULTISPECIES: micrococcal nuclease
7.23444312585e-06	1	endoflagellar motor protein
7.23444312585e-06	1	fucose isomerase, partial
7.23444312585e-06	1	MmgE/PrpD family protein 4, partial
7.23444312585e-06	1	NtrC family two-component response regulator
7.23444312585e-06	1	VirB9 protein precursor of the type IV secretion system
7.23444312585e-06	1	transcriptional regulator, LuxR family, putative
7.23444312585e-06	1	terminase-like protein
7.23444312585e-06	1	putative type II/IV secretion system family protein
7.23444312585e-06	1	cof-like hydrolase
7.23444312585e-06	1	ABC transporter transmembrane region
7.23444312585e-06	1	MULTISPECIES: nitrogen fixation protein NifU
7.23444312585e-06	1	Putative serine recombinase
7.23444312585e-06	1	FimT type IV pilus assembly protein
7.23444312585e-06	1	general secretion pathway protein GspB
7.23444312585e-06	1	tellurite resistance protein TehB
7.23444312585e-06	1	DNA topology modulation protein
7.23444312585e-06	1	MULTISPECIES: DUF3524 domain-containing protein
7.23444312585e-06	1	mscs mechanosensitive ion channel
7.23444312585e-06	1	leucine efflux protein LeuE, partial
7.23444312585e-06	1	MULTISPECIES: heparan N-sulfatase
7.23444312585e-06	1	DUF4099 domain-containing protein
7.23444312585e-06	1	CpaF protein secretory protein kinase
7.23444312585e-06	1	MULTISPECIES: 2-keto-myo-inositol dehydratase
7.23444312585e-06	1	sarcosine oxidase subunit gamma, partial
7.23444312585e-06	1	HTH-type transcriptional activator CmpR
7.23444312585e-06	1	Isoniazid-inducible protein iniA
7.23444312585e-06	1	carbon-phosphorus lyase complex subunit
7.23444312585e-06	1	magnesium ABC transporter ATPase
7.23444312585e-06	1	Flp pilus assembly protein TadB, partial
7.23444312585e-06	1	Spermidine/putrescine-binding periplasmic protein-like protein
7.23444312585e-06	1	MULTISPECIES: NeuB family protein
7.23444312585e-06	1	protein transporter HofB
7.23444312585e-06	1	DnaD domain-containing protein
7.23444312585e-06	1	flagellar rod assembly protein FlgJ
7.23444312585e-06	1	MULTISPECIES: respiratory nitrate reductase subunit gamma
7.23444312585e-06	1	Tat protein
7.23444312585e-06	1	MULTISPECIES: LruC domain-containing protein
7.23444312585e-06	1	activator of photopigment and puc with BLUF domain protein
7.23444312585e-06	1	MULTISPECIES: M20/M25/M40 family peptidase
7.23444312585e-06	1	arginine-tRNA-protein transferase domain-containing protein
7.23444312585e-06	1	FmdC precursor
7.23444312585e-06	1	MULTISPECIES: PTS cellobiose transporter
7.23444312585e-06	1	outer membrane protein, OmpA/MotB family
7.23444312585e-06	1	FfdnI cytochromesubunit B of formate dehydrogenase
7.23444312585e-06	1	MULTISPECIES: gamma-aminobutyrate permease
7.23444312585e-06	1	chaperone CupB2
7.23444312585e-06	1	MULTISPECIES: electron transporter RnfC
7.23444312585e-06	1	Proline dehydrogenase 1
7.23444312585e-06	1	exoprotein, adhesin or hemolysin
7.23444312585e-06	1	MULTISPECIES: ArgR family transcriptional regulator
7.23444312585e-06	1	ABC transporter ATP-binding subunit
7.23444312585e-06	1	aerobic-type carbon monoxide dehydrogenase small subunit CoxS/CutS-like protein
7.23444312585e-06	1	MULTISPECIES: protein lysine acetyltransferase
7.23444312585e-06	1	Zn(2+)-responsive transcriptional regulator
7.23444312585e-06	1	capsular polysaccharide transporter permease
7.23444312585e-06	1	two-component system response regulator ArcA
7.23444312585e-06	1	WD domain G-beta repeat protein
7.23444312585e-06	1	ribosome-binding factor A, partial
7.23444312585e-06	1	signal peptide peptidase SppA, partial
7.23444312585e-06	1	DUF1624 domain-containing protein, partial
7.23444312585e-06	1	bacitracin non-ribosomal peptide synthetase BacC
7.23444312585e-06	1	gp26 baseplate hub subunit
7.23444312585e-06	1	membrane-flanked domain protein
7.23444312585e-06	1	sodium:panthothenate symporter
7.23444312585e-06	1	putative ATP-dependent exoDNAse, alpha subunit - helicase superfamily I member
7.23444312585e-06	1	MULTISPECIES: N-acetyl-D-glucosamine phosphotransferase system transporter
7.23444312585e-06	1	a-glucosidase
7.23444312585e-06	1	DUF1436 domain-containing protein
7.23444312585e-06	1	DUF3558 domain-containing protein
7.23444312585e-06	1	helicase UVRD/REP family protein
7.23444312585e-06	1	MULTISPECIES: heme exporter protein CcmC
7.23444312585e-06	1	AICARFT/IMPCHase bienzyme
7.23444312585e-06	1	DNA-binding domain protein, excisionase family
7.23444312585e-06	1	non-canonical purine NTP phosphatase
7.23444312585e-06	1	Lysozyme (Lysis protein) (Muramidase) (Endolysin) (protein gp19)
7.23444312585e-06	1	surface protein Sur1
7.23444312585e-06	1	MULTISPECIES: Rad52/22 double-strand break repair protein
7.23444312585e-06	1	vesicle formation protein
7.23444312585e-06	1	branched-chain amino acid ABC transporter systemsubstrate-binding protein LivK
7.23444312585e-06	1	type III secretion periplasmic lipoprotein
7.23444312585e-06	1	putative ABC transporter-like protein
7.23444312585e-06	1	membrane protein containing DUF214, permease predicted
7.23444312585e-06	1	HI1409 family phage-associated protein, partial
7.23444312585e-06	1	WD40-like repeat protein
7.23444312585e-06	1	MULTISPECIES: 16S rRNA pseudouridine synthase
7.23444312585e-06	1	MULTISPECIES: malate--CoA ligase subunit beta
7.23444312585e-06	1	methyltransferase -like protein
7.23444312585e-06	1	putative cyclic beta 1-2 glucan synthetase
7.23444312585e-06	1	inducer of phenazine B
7.23444312585e-06	1	S-adenosylmethionine-dependent methyltransferase YraL family
7.23444312585e-06	1	cyanate ABC transporter substrate-binding protein
7.23444312585e-06	1	IS630 family transposase ISStma10
7.23444312585e-06	1	Spx family transcriptional regulator
7.23444312585e-06	1	MULTISPECIES: methylamine
7.23444312585e-06	1	MULTISPECIES: phospholipase/carboxylesterase/thioesterase
7.23444312585e-06	1	MULTISPECIES: transcription antitermination protein NusB
7.23444312585e-06	1	glutamyl-tRNA(Gln) amidotransferase subunit A (Glu-ADT subunit A)
7.23444312585e-06	1	DNA-directed RNA polymerase alpha chain
7.23444312585e-06	1	capsular polysaccharide phosphotransferase
7.23444312585e-06	1	NADH-quinone oxidoreductase subunit B/C/D
7.23444312585e-06	1	MULTISPECIES: drug/metabolite exporter family transporter
7.23444312585e-06	1	MULTISPECIES: cellulose biosynthesis protein BcsN
7.23444312585e-06	1	MULTISPECIES: class III cytochrome C domain protein
7.23444312585e-06	1	periplasmic protein/ biopolymer transport
7.23444312585e-06	1	DevR family CRISPR-associated autoregulator
7.23444312585e-06	1	ABC-type amino acid transport/signal transduction systems periplasmic component/domain-like
7.23444312585e-06	1	MULTISPECIES: pyridoxalphosphate dependent aminotransferase
7.23444312585e-06	1	protein kinase-like protein, partial
7.23444312585e-06	1	nodulation efficiency protein D
7.23444312585e-06	1	MULTISPECIES: DUF4333 domain-containing protein
7.23444312585e-06	1	MULTISPECIES: nucleotide-diphospho-sugar transferase
7.23444312585e-06	1	MULTISPECIES: secreted (periplasmic)-like protein
7.23444312585e-06	1	MULTISPECIES: 6-methylsalicylic acid synthase
7.23444312585e-06	1	intracellular signaling protein
7.23444312585e-06	1	sensory box/response regulator
7.23444312585e-06	1	MULTISPECIES: MlrC domain-containing protein
7.23444312585e-06	1	IS3 family transposase ISSse2
7.23444312585e-06	1	iron dicitrate ABC transporter ATP-binding protein
7.23444312585e-06	1	phosphoenolpyruvate phosphomutase
7.23444312585e-06	1	terpene synthase metal-binding domain-containing protein
7.23444312585e-06	1	MULTISPECIES: SelT/selW/selH selenoprotein
7.23444312585e-06	1	zinc ribbon domain protein, partial
7.23444312585e-06	1	ATP synthase, F1 complex, alpha subunit
7.23444312585e-06	1	dinuclear metal center protein, YbgI family
7.23444312585e-06	1	glyoxylate/hydroxypyruvate reductase A, partial
7.23444312585e-06	1	putative partitioning protein ParA
7.23444312585e-06	1	LicD family protein, partial
7.23444312585e-06	1	mobilization protein MobC
7.23444312585e-06	1	nitric oxide synthase, oxygenase domain-containing protein
7.23444312585e-06	1	polyhydroxyalkanoate granule-associated protein GA1
7.23444312585e-06	1	MULTISPECIES: NADH dehydrogenase subunit J
7.23444312585e-06	1	CBS-domain-containing membrane protein
7.23444312585e-06	1	type II Secretion PilY1
7.23444312585e-06	1	MULTISPECIES: catecholate siderophore receptor Fiu
7.23444312585e-06	1	aminoglycoside N(3')-acetyltransferase
7.23444312585e-06	1	CDP-paratose 2-epimerase, partial
7.23444312585e-06	1	PTS sugar transporter subunit IIBC
7.23444312585e-06	1	UDP-N-acetyl-D-mannosamine transferase
7.23444312585e-06	1	Integrins alpha chain
7.23444312585e-06	1	Pass1-like protein
7.23444312585e-06	1	histidine protein kinase divJ
7.23444312585e-06	1	MULTISPECIES: RNase III inhibitor
7.23444312585e-06	1	phage hypothetical protein
7.23444312585e-06	1	cell division ATPase
7.23444312585e-06	1	MULTISPECIES: replisome organizer region-containing protein
7.23444312585e-06	1	MULTISPECIES: sodium:panthothenate symporter
7.23444312585e-06	1	PrmA1
7.23444312585e-06	1	GMP synthase, partial
7.23444312585e-06	1	DUF503 domain-containing protein
7.23444312585e-06	1	outer membrane protein A, partial
7.23444312585e-06	1	MULTISPECIES: DNA maturase B
7.23444312585e-06	1	S-adenosylhomocysteine deaminase/methylthioadenosine deaminase
7.23444312585e-06	1	MULTISPECIES: potassium transport protein Kup
7.23444312585e-06	1	aromatic amino acid beta-eliminating lyase/threonine aldolase
7.23444312585e-06	1	IS21 family transposase ISMdi7
7.23444312585e-06	1	protein family, partial
7.23444312585e-06	1	phasin, PhaP
7.23444312585e-06	1	NAD+ synthetase, partial
7.23444312585e-06	1	adenine/guanine phosphoribosyltransferase
7.23444312585e-06	1	MULTISPECIES: muropeptide permease AmpG
7.23444312585e-06	1	Amt family ammonium transporter
7.23444312585e-06	1	type I restriction-modification system restriction
7.23444312585e-06	1	ornithine cyclodeaminase/mu-crystallin
7.23444312585e-06	1	putative signal transduction histidine kinase, partial
7.23444312585e-06	1	DUF35 domain-containing protein
7.23444312585e-06	1	hydantoin utilization protein, partial
7.23444312585e-06	1	AAA ATPase, central region
7.23444312585e-06	1	chromate transporter ChrA
7.23444312585e-06	1	BAAT / Acyl-CoA thioester hydrolase C terminal domain family protein
7.23444312585e-06	1	MULTISPECIES: cell division inhibitor
7.23444312585e-06	1	ABC transporter periplasmic substrate binding protein
7.23444312585e-06	1	multidrug resistance efflux pump-like protein
7.23444312585e-06	1	OXA-10 family class D beta-lactamase OXA-246
7.23444312585e-06	1	CRISPR type I-f/ypest-associated protein csy2
7.23444312585e-06	1	Glycosidases
7.23444312585e-06	1	MULTISPECIES: adenosine monophosphate-protein transferase
7.23444312585e-06	1	MULTISPECIES: DUF2249 domain-containing protein
7.23444312585e-06	1	ATPase/histidine kinase/DNA gyrase B/HSP90 domain protein
7.23444312585e-06	1	galactosyltransferase Lgt5
7.23444312585e-06	1	IS3 family transposase ISAeme20
7.23444312585e-06	1	L-lysine exporter family protein LysE/ArgO
7.23444312585e-06	1	MULTISPECIES: protein NinG
7.23444312585e-06	1	ethanolamine transporter
7.23444312585e-06	1	octaprenyl diphosphate synthase, partial
7.23444312585e-06	1	transglutaminase-like protein, partial
7.23444312585e-06	1	MULTISPECIES: Na(+)/H(+) antiporter subunit A
7.23444312585e-06	1	transcription regulator with HTH domain
7.23444312585e-06	1	ABC-type transport system substrate-binding protein
7.23444312585e-06	1	polysaccharide polymerase
7.23444312585e-06	1	opacity-associated protein OapA
7.23444312585e-06	1	cytochrome c subfamily
7.23444312585e-06	1	hemolytic protein HlpA-like protein, partial
7.23444312585e-06	1	MULTISPECIES: DUF2474 domain-containing protein
7.23444312585e-06	1	kinase YjjJ
7.23444312585e-06	1	Type I restriction modification DNA specificity protein
7.23444312585e-06	1	PBS lyase HEAT domain protein repeat-containing protein
7.23444312585e-06	1	KAP family P-loop domain-containing protein, partial
7.23444312585e-06	1	ThiF domain-containing protein
7.23444312585e-06	1	glycosyl transferase WbsE
7.23444312585e-06	1	TIGR00266 family protein, partial
7.23444312585e-06	1	hydroxymethylpyrimidine transporter
7.23444312585e-06	1	membrane protease catalytic subunit
7.23444312585e-06	1	hemin transporter, partial
7.23444312585e-06	1	pseudouridine synthase, Rsu
7.23444312585e-06	1	Hpt domain protein
7.23444312585e-06	1	succinylglutamate desuccinylase/aspartoacylase family
7.23444312585e-06	1	multicomponent Na+:H+ antiporter subunit D
7.23444312585e-06	1	type I restriction enzyme subunit R
7.23444312585e-06	1	iron ABC transporter, partial
7.23444312585e-06	1	ABC-type Fe3+-siderophore transport system
7.23444312585e-06	1	Dual specificity protein phosphatase
7.23444312585e-06	1	type I restriction enzyme subunit M
7.23444312585e-06	1	anaerobic dehydrogenase, typically selenocysteine-containing
7.23444312585e-06	1	M36 fungalysin family metalloprotease
7.23444312585e-06	1	DUF2730 domain-containing protein
7.23444312585e-06	1	MULTISPECIES: DNA cytosine methyltransferase, partial
7.23444312585e-06	1	UDP-glucose--polyglycerol phosphate glucosyltransferase
7.23444312585e-06	1	amino acid adenylation, partial
7.23444312585e-06	1	k+-dependent Na+/Ca+ exchanger-like protein
7.23444312585e-06	1	peptidoglycan GlcNAc deacetylase
7.23444312585e-06	1	MULTISPECIES: tetracycline resistance ribosomal protection protein Tet(Q)
7.23444312585e-06	1	methylated-DNA methyltransferase
7.23444312585e-06	1	acireductone dioxygenase, ARD
7.23444312585e-06	1	N-6 DNA methylase, partial
7.23444312585e-06	1	ompA family protein, partial
7.23444312585e-06	1	iron-uptake factor
7.23444312585e-06	1	MULTISPECIES: DUF309 domain-containing protein
7.23444312585e-06	1	C4-dicarboxylate transporter DctA, partial
7.23444312585e-06	1	transglutaminase-like superfamily protein
7.23444312585e-06	1	glutamate-1-semialdehyde 2,1-aminomutase, partial
7.23444312585e-06	1	chitin synthase
7.23444312585e-06	1	large extracellular alpha-helical protein
7.23444312585e-06	1	MULTISPECIES: universal stress protein A
7.23444312585e-06	1	acetolactate synthase isozyme II large subunit
7.23444312585e-06	1	FkbH-like protein
7.23444312585e-06	1	DUF1566 domain-containing protein, partial
7.23444312585e-06	1	MULTISPECIES: IS30 family transposase ISHar4
7.23444312585e-06	1	MULTISPECIES: translation initiation factor 2
7.23444312585e-06	1	MULTISPECIES: peptidase, M23 family
7.23444312585e-06	1	MULTISPECIES: iron-dicitrate transporter subunit FecD
7.23444312585e-06	1	endonuclease/Exonuclease/phosphatase family protein
7.23444312585e-06	1	ATP-dependent helicase/nuclease subunit A
7.23444312585e-06	1	delta(12)-fatty-acid desaturase
7.23444312585e-06	1	malic enzyme, NAD-binding domain protein, partial
7.23444312585e-06	1	outer membrane protein performing polysaccharide export
7.23444312585e-06	1	adrenodoxin reductase
7.23444312585e-06	1	DUF4124 domain-containing protein, partial
7.23444312585e-06	1	2,4,5-trihydroxytoluene oxygenase
7.23444312585e-06	1	MULTISPECIES: peptidase M75 family protein
7.23444312585e-06	1	4Fe-4S ferredoxin, iron-sulfur-binding:Coenzyme F420 hydrogenase/dehydrogenase subunit beta-like
7.23444312585e-06	1	IS256 family transposase ISCARN61
7.23444312585e-06	1	cytochrome b/b6-like protein
7.23444312585e-06	1	Undecaprenyl-phosphate N-acetylglucosaminyl 1-phosphate transferase
7.23444312585e-06	1	MULTISPECIES: bifunctional UDP-glucuronic acid oxidase/UDP-4-amino-4-deoxy-L-arabinose formyltransferase
7.23444312585e-06	1	proprotein convertase P-domain
7.23444312585e-06	1	MULTISPECIES: amino acid metabolite efflux pump
7.23444312585e-06	1	choline dehydrogenase mitochondrial
7.23444312585e-06	1	heavy metal transporter, partial
7.23444312585e-06	1	selenium-dependent molybdenum hydroxylase system protein, YqeB family
7.23444312585e-06	1	serine protease MucD precursor
7.23444312585e-06	1	DUF980 domain-containing protein
7.23444312585e-06	1	cell wall-binding protein, partial
7.23444312585e-06	1	NADH dehydrogenase I subunit 5
7.23444312585e-06	1	TRAP dicarboxylate transporter subunit DctQ, partial
7.23444312585e-06	1	DUF2989 domain-containing protein
7.23444312585e-06	1	glycan acetyltransferase
7.23444312585e-06	1	exporters of the RND superfamily-like protein
7.23444312585e-06	1	Glyoxalase/bleomycin resistance protein
7.23444312585e-06	1	NADH dehydrogenase I subunit M
7.23444312585e-06	1	NADH dehydrogenase I subunit H
7.23444312585e-06	1	NADH dehydrogenase I subunit G
7.23444312585e-06	1	NADH dehydrogenase I subunit A
7.23444312585e-06	1	ribonucleoside-diphosphate reductase subunit beta NrdB
7.23444312585e-06	1	aldehyde dehydrogenase precursor
7.23444312585e-06	1	diguanylate cyclase domain-containing protein
7.23444312585e-06	1	sugar o-acyltransferase sialic acid o-acetyltransferase neud family protein
7.23444312585e-06	1	MULTISPECIES: NmrA/HSCARG family protein
7.23444312585e-06	1	MULTISPECIES: harpin HrpZ
7.23444312585e-06	1	gamma-aminobutyric-acid receptor subunit beta
7.23444312585e-06	1	MULTISPECIES: DUF5054 domain-containing protein
7.23444312585e-06	1	phycobilisome Linker polypeptide/CpcD/allophycocyanin linker domain-containing protein
7.23444312585e-06	1	MULTISPECIES: 4-diphosphocytidyl-2C-methyl-D-erythritol synthase
7.23444312585e-06	1	formylmethanofuran dehydrogenase subunit E
7.23444312585e-06	1	rod shape-determining protein MreD, partial
7.23444312585e-06	1	GatB/Yqey
7.23444312585e-06	1	non-ribosomal peptide synthase/polyketide synthase, partial
7.23444312585e-06	1	MULTISPECIES: cytochrome bd oxidase subunit I
7.23444312585e-06	1	type VI secretion system lysozyme-like family protein HsiF
7.23444312585e-06	1	toluene transporter
7.23444312585e-06	1	efflux ABC transporter, permease protein
7.23444312585e-06	1	MULTISPECIES: Zn-ribbon protein
7.23444312585e-06	1	signaling protein PA1727
7.23444312585e-06	1	MULTISPECIES: agarase
7.23444312585e-06	1	DNA repair protein, partial
7.23444312585e-06	1	bis(5'-nucleosyl)-tetraphosphatase (asymmetrical)
7.23444312585e-06	1	IS1595 family transposase ISMaba1
7.23444312585e-06	1	fimbriae-assembly chaperone
7.23444312585e-06	1	NADH-ubiquinone oxidoreductase chain G
7.23444312585e-06	1	MULTISPECIES: 3-amino-5-hydroxybenzoic acid synthase
7.23444312585e-06	1	cytochrome c oxidase assembly factor CtaG
7.23444312585e-06	1	helix-hairpin-helix repeat-containing competence protein ComEA
7.23444312585e-06	1	IS1 family transposase ISNisp5
7.23444312585e-06	1	MULTISPECIES: protein ninG
7.23444312585e-06	1	interferon-induced transmembrane protein, partial
7.23444312585e-06	1	alkylphosphonate ABC transporter substrate-binding protein
7.23444312585e-06	1	transcriptional regulator PurR
7.23444312585e-06	1	tagatose 3-epimerase
7.23444312585e-06	1	MULTISPECIES: hydroxymyristoyl-ACP dehydratase
7.23444312585e-06	1	MULTISPECIES: phosphonate metabolism PhnG
7.23444312585e-06	1	carbohydrate ABC transporter
7.23444312585e-06	1	MULTISPECIES: DUF3375 domain-containing protein
7.23444312585e-06	1	aerobic-type carbon monoxide dehydrogenase, large subunit CoxL/CutL-like protein
7.23444312585e-06	1	MULTISPECIES: DUF4831 domain-containing protein
7.23444312585e-06	1	competence protein, partial
7.23444312585e-06	1	heat-inducible transcription repressor HrcA, partial
7.23444312585e-06	1	MULTISPECIES: S-(hydroxymethyl)mycothiol dehydrogenase
7.23444312585e-06	1	ParB-like nuclease domain
7.23444312585e-06	1	D-3-phosphoglycerate dehydrogenase, partial
7.23444312585e-06	1	beta-ketoacyl synthase, N-terminal domain-containing protein, partial
7.23444312585e-06	1	MULTISPECIES: GSCFA family protein
7.23444312585e-06	1	thymidylate synthase, ThyA
7.23444312585e-06	1	MULTISPECIES: arabinose dehydrogenase
7.23444312585e-06	1	genomic island protein
7.23444312585e-06	1	molybdenum cofactor biosynthesis protein MoaC
7.23444312585e-06	1	glycoside hydrolase family 20, partial
7.23444312585e-06	1	MULTISPECIES: IS1182 family transposase ISCARN96
7.23444312585e-06	1	SlyX superfamily
7.23444312585e-06	1	MULTISPECIES: ATP synthase I
7.23444312585e-06	1	D-stereospecific aminopeptidase
7.23444312585e-06	1	tyrosine/serine phosphatase
7.23444312585e-06	1	DUF4367 domain-containing protein
7.23444312585e-06	1	DUF201 domain-containing protein
7.23444312585e-06	1	peptide ABC ATP-binding protein
7.23444312585e-06	1	photosystem I reaction centre PsaF protein
7.23444312585e-06	1	c-type cytochrome biogenesis protein CcmI, partial
7.23444312585e-06	1	biopolymer transport channel protein
7.23444312585e-06	1	dehydratase-like protein
7.23444312585e-06	1	bifunctional imidazole glycerol-phosphate dehydratase/histidinol phosphatase, partial
7.23444312585e-06	1	putative RNA polymerase ECF-type sigma factor
7.23444312585e-06	1	N-6 adenine-specific DNA methylase 3
7.23444312585e-06	1	putative bacteriophage tail fiber protein
7.23444312585e-06	1	MULTISPECIES: flagellar hook-associated protein
7.23444312585e-06	1	MULTISPECIES: DUF3301 domain-containing protein
7.23444312585e-06	1	iron-regulated protein A, partial
7.23444312585e-06	1	MULTISPECIES: flagellar brake protein YcgR
7.23444312585e-06	1	uracil-DNA glycosylase family domain-containing protein
7.23444312585e-06	1	L-fucokinase
7.23444312585e-06	1	IS1595 family transposase ISCARN11
7.23444312585e-06	1	putative type II secretion protein
7.23444312585e-06	1	MULTISPECIES: 1,4-beta-N-acetylmuramidase
7.23444312585e-06	1	ABC organic solvent resistance transporter permease
7.23444312585e-06	1	alveolysin
7.23444312585e-06	1	acetoin utilization protein, partial
7.23444312585e-06	1	MULTISPECIES: 3-oxosteroid 1-dehydrogenase
7.23444312585e-06	1	MULTISPECIES: bacterial phosphonate metabolism family protein
7.23444312585e-06	1	PhoP
7.23444312585e-06	1	PhoH
7.23444312585e-06	1	MULTISPECIES: 5-bromo-4-chloroindolyl phosphate hydrolase
7.23444312585e-06	1	MULTISPECIES: protein ndvB
7.23444312585e-06	1	phosphoesterase, RecJ-like protein
7.23444312585e-06	1	site-specific integrase-resolvase, partial
7.23444312585e-06	1	type I restriction-modification system subunit S
7.23444312585e-06	1	Cytochrome c, mono- and diheme variant
7.23444312585e-06	1	protein ninG, partial
7.23444312585e-06	1	MULTISPECIES: Site-specific recombinase phage integrase family
7.23444312585e-06	1	TIGR02710 family CRISPR-associated protein
7.23444312585e-06	1	MULTISPECIES: methylthioadenosine phosphorylase
7.23444312585e-06	1	B12-dependent methionine synthase
7.23444312585e-06	1	IncC protein
7.23444312585e-06	1	winged helix DNA-binding domain protein
7.23444312585e-06	1	glycosyl transferase, group 1 family
7.23444312585e-06	1	DNA damage-inducible protein D, partial
7.23444312585e-06	1	6-phosphogluconolactonase/glucosamine-6-phosphate isomerase/deaminase
7.23444312585e-06	1	APSES-type HTH DNA-binding domain-containing protein
7.23444312585e-06	1	MULTISPECIES: nucleoside-specific channel-forming protein Tsx
7.23444312585e-06	1	replication protein A, partial
7.23444312585e-06	1	cobalt transporter subunit CbtA
7.23444312585e-06	1	sodium-coupled transporter
7.23444312585e-06	1	cytochrome b/b6-like
7.23444312585e-06	1	DUF4082 domain-containing protein, partial
7.23444312585e-06	1	MULTISPECIES: SMB-1 family subclass B3 metallo-beta-lactamase
7.23444312585e-06	1	putative DNA-cytosine methyltransferase
7.23444312585e-06	1	MULTISPECIES: permease, partial
7.23444312585e-06	1	IS1 family transposase ISAba3
7.23444312585e-06	1	glycosidase PH1107-related protein
7.23444312585e-06	1	fumarate reductase flavoprotein subunit, partial
7.23444312585e-06	1	Tyr recombinase activity site-specific recombination Tyr recombinase activity
7.23444312585e-06	1	solute:sodium symporter, small subunit
7.23444312585e-06	1	corA-like Mg2+ transporter family protein
7.23444312585e-06	1	dihydroneopterin aldolase, partial
7.23444312585e-06	1	Tat-translocated enzyme
7.23444312585e-06	1	MULTISPECIES: Nex18 symbiotically induced protein
7.23444312585e-06	1	MULTISPECIES: DUF2927 domain-containing protein
7.23444312585e-06	1	cellobiohydrolase A
7.23444312585e-06	1	methyl-accepting protein
7.23444312585e-06	1	amino acid aldolase or racemase
7.23444312585e-06	1	Cellulase M
7.23444312585e-06	1	MULTISPECIES: molybdate transporter periplasmic protein
7.23444312585e-06	1	M penetrans family 1 protein
7.23444312585e-06	1	Mrr protein
7.23444312585e-06	1	MULTISPECIES: dihydroxynaphthoic acid synthetase
7.23444312585e-06	1	LTXXQ domain protein
7.23444312585e-06	1	4-hydroxyphenylacetate 3-monooxygenase, reductase component
7.23444312585e-06	1	pyruvate phosphate dikinase PEP/pyruvate-binding domain protein
7.23444312585e-06	1	Phosphate-import permease protein PhnE
7.23444312585e-06	1	MULTISPECIES: DUF1963 domain-containing protein
7.23444312585e-06	1	MULTISPECIES: C factor
7.23444312585e-06	1	CmlA/FloR family chloramphenicol efflux MFS transporter
7.23444312585e-06	1	aromatic ring-opening dioxygenase LigB
7.23444312585e-06	1	L1 family subclass B3 metallo-beta-lactamase
7.23444312585e-06	1	MULTISPECIES: acetyl-CoA carboxylase subunit beta
7.23444312585e-06	1	phosphoglycerate mutase 1 family protein
7.23444312585e-06	1	MULTISPECIES: ring hydroxylating dioxygenase subunit alpha
7.23444312585e-06	1	putative amylopullulanase
7.23444312585e-06	1	MULTISPECIES: halovibrin HvnA
7.23444312585e-06	1	crotonyl-CoA carboxylase/reductase, partial
7.23444312585e-06	1	MULTISPECIES: fimbriae biosynthesis protein
7.23444312585e-06	1	bacteriophage P2 tail protein
7.23444312585e-06	1	IS3 family transposase ISBcen6
7.23444312585e-06	1	toxin B
7.23444312585e-06	1	antitoxin YefM
7.23444312585e-06	1	transposition-related protein TniQ
7.23444312585e-06	1	1-Cys peroxiredoxin
7.23444312585e-06	1	phosphatidate cytidiltransferase
7.23444312585e-06	1	exported rhamnogalacturonase
7.23444312585e-06	1	KWG repeat domain protein
7.23444312585e-06	1	pristinamycin I synthase 3
7.23444312585e-06	1	MULTISPECIES: KpsF/GutQ family sugar-phosphate isomerase, partial
7.23444312585e-06	1	secretion system type I outer membrane efflux pump lipoprotein NodT
7.23444312585e-06	1	putative two-component system response regulatory protein
7.23444312585e-06	1	pterin-binding protein
7.23444312585e-06	1	acyl dehydratase MaoC
7.23444312585e-06	1	MORN repeat-containing protein
7.23444312585e-06	1	class II tRNA amino-acyl synthetase-like catalytic core domain protein
7.23444312585e-06	1	hydrogenase/sulfur reductase subunit alpha
7.23444312585e-06	1	MULTISPECIES: DUF1729 domain-containing protein
7.23444312585e-06	1	ABC-type proline/glycine betaine transport system, permease component
7.23444312585e-06	1	carbon-monoxide dehydrogenase large subunit, partial
7.23444312585e-06	1	NAD(P) transhydrogenase subunit alpha 2
7.23444312585e-06	1	ABC-type transport system involved in gliding motility
7.23444312585e-06	1	LpsA protein
7.23444312585e-06	1	Biofilm associated protein A
7.23444312585e-06	1	antibiotic resistance protein VanZ
7.23444312585e-06	1	MULTISPECIES: DUF4123 domain-containing protein
7.23444312585e-06	1	methylhydantoinase, partial
7.23444312585e-06	1	MULTISPECIES: 2-hydroxy-6-oxo-6-phenylhexa-2,4-dienoate hydrolase
7.23444312585e-06	1	DNA transporter HofQ
7.23444312585e-06	1	Type II and III secretion system domain protein
7.23444312585e-06	1	DUF1492 domain-containing protein, partial
7.23444312585e-06	1	ATP synthase B chain
7.23444312585e-06	1	MULTISPECIES: IS66 family transposase ISUnCu16
7.23444312585e-06	1	drug resistance transporter, partial
7.23444312585e-06	1	selenium-dependent hydroxylase accessory protein YqeC
7.23444312585e-06	1	YbbR domain pair protein
7.23444312585e-06	1	small GTP-binding protein domain-containing protein
7.23444312585e-06	1	phosphotyrosine-binding domain protein
7.23444312585e-06	1	DNA polymerase III, delta prime subunit
7.23444312585e-06	1	MULTISPECIES: 4-phytase
7.23444312585e-06	1	peptidase M17 family protein
7.23444312585e-06	1	YqaJ recombinase
7.23444312585e-06	1	DMSO reductase subunit A
7.23444312585e-06	1	aspartate carbamoyltransferase subunit regulatory
7.23444312585e-06	1	thioeseterase
7.23444312585e-06	1	MULTISPECIES: DUF4402 domain-containing protein
7.23444312585e-06	1	MerR family transcriptional regulator, partial
7.23444312585e-06	1	MULTISPECIES: endo-1,4-beta-xylanase Z
7.23444312585e-06	1	phosphotransferase system nitrogen regulatory IIA component
7.23444312585e-06	1	hydrogenase subunit HoxY
7.23444312585e-06	1	RpoH suppressor
7.23444312585e-06	1	hydrogenase subunit HoxE
7.23444312585e-06	1	ISKra4 family transposase ISLesp3
7.23444312585e-06	1	hemagglutination
7.23444312585e-06	1	flagellar P-ring protein FlgI, partial
7.23444312585e-06	1	MULTISPECIES: aryl-phospho-beta-D-glucosidase
7.23444312585e-06	1	cyclase family protein
7.23444312585e-06	1	multisubunit sodium/proton antiporter subunit MrpB
7.23444312585e-06	1	cell morphology protein
7.23444312585e-06	1	YggT family protein, partial
7.23444312585e-06	1	ATP synthase F1 subcomplex epsilon subunit, partial
7.23444312585e-06	1	MULTISPECIES: DUF1653 domain-containing protein, partial
7.23444312585e-06	1	DUF1400 domain-containing protein
7.23444312585e-06	1	cold-shock protein CspA
7.23444312585e-06	1	CobQ/CobB/MinD/ParA nucleotide binding domain protein
7.23444312585e-06	1	putative DEAD/H helicase
7.23444312585e-06	1	DUF1353 domain-containing protein, partial
7.23444312585e-06	1	MULTISPECIES: WbbD
7.23444312585e-06	1	RND efflux system, outer membrane lipoprotein, NodT family
7.23444312585e-06	1	polymyxin resistance glycosyltransferase
7.23444312585e-06	1	tolB precursor protein
7.23444312585e-06	1	MULTISPECIES: dihydrorhizobitoxine desaturase
7.23444312585e-06	1	MULTISPECIES: fumarate hydratase class I
7.23444312585e-06	1	phosphate regulon sensor protein phoR
7.23444312585e-06	1	stage II sporulation E
7.23444312585e-06	1	DUF2817 domain-containing protein, partial
7.23444312585e-06	1	MULTISPECIES: aminoglycoside N(3)-acetyltransferase
7.23444312585e-06	1	excinuclease ABC C subunit-like protein
7.23444312585e-06	1	putative phosphopantetheinyl transferase
7.23444312585e-06	1	universal stress protein E
7.23444312585e-06	1	6-deoxyerythronolide-B synthase 8-amino-7-oxononanoate synthase
7.23444312585e-06	1	IS3 family transposase ISAs20
7.23444312585e-06	1	peptidase C10
7.23444312585e-06	1	MULTISPECIES: MMPL family protein
7.23444312585e-06	1	MULTISPECIES: helicase-exonuclease AddAB subunit AddB
7.23444312585e-06	1	putative DNA polymerase III delta' subunit
7.23444312585e-06	1	homoserine O-succinyltransferase, partial
7.23444312585e-06	1	Late competence protein ComEA, DNA receptor
7.23444312585e-06	1	type 4 fimbriae expression regulatory protein PilR
7.23444312585e-06	1	tRNA-processing RNAse BN
7.23444312585e-06	1	C-phycocyanin beta chain
7.23444312585e-06	1	MULTISPECIES: DUF3275 domain-containing protein
7.23444312585e-06	1	MULTISPECIES: ABC-1 domain protein
7.23444312585e-06	1	IS110 family transposase ISCARN52
7.23444312585e-06	1	ATPase component of ABC transporter
7.23444312585e-06	1	OmpH
7.23444312585e-06	1	cellulose synthase operon C domain-containing protein
7.23444312585e-06	1	Tol biopolymer transport system, periplasmic component-related protein
7.23444312585e-06	1	metalloprotease yhfN
7.23444312585e-06	1	Lysine efflux permease
7.23444312585e-06	1	chromosome partition protein SmC
7.23444312585e-06	1	glycoside hydrolase family 127 protein, partial
7.23444312585e-06	1	phosphonate utilization transcriptional regulator PhnR
7.23444312585e-06	1	metal-dependent amidohydrolase with TIM-barrel fold protein
7.23444312585e-06	1	IS110 family transposase ISCARN80
7.23444312585e-06	1	MULTISPECIES: methylenetetrahydromethanopterin dehydrogenase
7.23444312585e-06	1	IS256 family transposase ISRba9
7.23444312585e-06	1	formyl transferase-like
7.23444312585e-06	1	acetoacetate decarboxylase, partial
7.23444312585e-06	1	MULTISPECIES: adenine methylase
7.23444312585e-06	1	MULTISPECIES: cellobiose phosphorylase
7.23444312585e-06	1	septum site-determining protein DivIVA
7.23444312585e-06	1	lipid biosynthesis B12-binding/radical SAM protein
7.23444312585e-06	1	oxygen-sensing cyclic-di-GMP phosphodiesterase
7.23444312585e-06	1	competence damage induced protein
7.23444312585e-06	1	Zn-dependent oxidoreductase, NADPH:quinone reductase
7.23444312585e-06	1	Poly(ADP-ribose) polymerase
7.23444312585e-06	1	tRNA glutamyl-Q synthetase, partial
7.23444312585e-06	1	phage head morphogenesis protein, SPP1 gp7 family domain protein
7.23444312585e-06	1	SPOUT methyltransferase
7.23444312585e-06	1	recombinase, phage RecT family
7.23444312585e-06	1	MULTISPECIES: peptidase S51
7.23444312585e-06	1	phosphopantetheine attachment site family protein
7.23444312585e-06	1	repeat-containing regulatory protein
7.23444312585e-06	1	periplasmic glucan biosynthesis protein MdoG
7.23444312585e-06	1	putative nuclease domain protein
7.23444312585e-06	1	flagellar scaffolding protein FlgD
7.23444312585e-06	1	type ii secretion system integral membrane subunit
7.23444312585e-06	1	type II/IV secretion system ATP hydrolase TadA/VirB11/CpaF
7.23444312585e-06	1	MULTISPECIES: beta-(1,2)-glucan biosynthesis protein
7.23444312585e-06	1	MULTISPECIES: uroporphyrin-III C-methyltransferase
7.23444312585e-06	1	solute:sodium symporter family transporter, partial
7.23444312585e-06	1	conjugative transfer ATPase, partial
7.23444312585e-06	1	DUF1516 domain-containing protein
7.23444312585e-06	1	competence/damage-inducible protein CinA domain
7.23444312585e-06	1	MULTISPECIES: DUF1843 domain-containing protein
7.23444312585e-06	1	virulence protein, partial
7.23444312585e-06	1	general stress protein 14 (GSP14)
7.23444312585e-06	1	EBSC protein
7.23444312585e-06	1	tetracycline resistance element mobilization regulatory protein rteC
7.23444312585e-06	1	phosphodiesterase/alkaline phosphatase D-like protein
7.23444312585e-06	1	transport protein RbsD/FucU
7.23444312585e-06	1	Peptidase C14, caspase catalytic subunit p20
7.23444312585e-06	1	IS5 family transposase ISXo3
7.23444312585e-06	1	MULTISPECIES: TIGR03747 family integrating conjugative element membrane protein
7.23444312585e-06	1	MULTISPECIES: DUF3493 domain-containing protein
7.23444312585e-06	1	UDP-N-acetylmuramate-L-alanine ligase MurC
7.23444312585e-06	1	Usg
7.23444312585e-06	1	MULTISPECIES: aspartyl-tRNA amidotransferase
7.23444312585e-06	1	membrane permeability protein SanA
7.23444312585e-06	1	IncW-like replication protein
7.23444312585e-06	1	formate hydrogenlyase subunit 5
7.23444312585e-06	1	long-chain fatty acid transporter, partial
7.23444312585e-06	1	MULTISPECIES: ATP-dependent helicase DinG
7.23444312585e-06	1	MULTISPECIES: homoaconitate hydratase
7.23444312585e-06	1	RelE/ParE family toxin, partial
7.23444312585e-06	1	MULTISPECIES: terpene synthase
7.23444312585e-06	1	Glutamyl-Q tRNA(Asp) synthetase Glu-Q-RSs
7.23444312585e-06	1	sodium/solute symporter, NIS like subfamily protein
7.23444312585e-06	1	MULTISPECIES: TrbG protein
7.23444312585e-06	1	MULTISPECIES: IS1380 family transposase ISUnCu12
7.23444312585e-06	1	NADH dependent phenylglyoxylate:acceptor oxidoreductase subunit
7.23444312585e-06	1	iron-sulfur oxidoreductase
7.23444312585e-06	1	DUF3021 domain-containing protein
7.23444312585e-06	1	putative DNA repair helicase
7.23444312585e-06	1	nucleoside transporter (nucleoside permease NupC)
7.23444312585e-06	1	AFG1 family ATPase
7.23444312585e-06	1	MULTISPECIES: RepB plasmid partition
7.23444312585e-06	1	PTS mannose/fructose/sorbose transporter subunit IIB
7.23444312585e-06	1	MULTISPECIES: DUF3876 domain-containing protein
7.23444312585e-06	1	sulfate adenylyltransferase large subunit, partial
7.23444312585e-06	1	PEP-CTERM system histidine kinase
7.23444312585e-06	1	dockerin type 1
7.23444312585e-06	1	pathogenesis-related transcriptional factor and ERF
7.23444312585e-06	1	MULTISPECIES: DUF2948 domain-containing protein
7.23444312585e-06	1	LppX_LprAFG lipoprotein
7.23444312585e-06	1	alpha-tubulin suppressor-like protein
7.23444312585e-06	1	pre-peptidase C-terminal domain-containing protein, partial
7.23444312585e-06	1	NHL repeat-containing protein, partial
7.23444312585e-06	1	putative HipA protein
7.23444312585e-06	1	TRAP transporter, 4TM/12TM fusion protein
7.23444312585e-06	1	MULTISPECIES: non-ribosomal synthetase (OzmL)
7.23444312585e-06	1	Heme A synthase cytochrome oxidase biogenesis protein Cox15-CtaA
7.23444312585e-06	1	transcription elongation factor GreA/GreB, partial
7.23444312585e-06	1	putative cytochrome c-type biogenesis protein CcmF
7.23444312585e-06	1	MULTISPECIES: flagellar modification protein B
7.23444312585e-06	1	ornithine--acyl-ACP N-acyltransferase OlsB
7.23444312585e-06	1	relaxase/mobilization nuclease
7.23444312585e-06	1	SOS-regulated protein
7.23444312585e-06	1	diaminobutyrate--2-oxoglutarate aminotransferase
7.23444312585e-06	1	2-dehydro-3-deoxyphosphogluconate aldolase, partial
7.23444312585e-06	1	MULTISPECIES: site-specific DNA-methyltransferase, partial
7.23444312585e-06	1	MULTISPECIES: sterol carrier protein
7.23444312585e-06	1	DNA repair exonuclease SbcC
7.23444312585e-06	1	Zonular occludens toxin
7.23444312585e-06	1	MULTISPECIES: enzyme; Integration, recombination (Phage or Prophage Related
7.23444312585e-06	1	benzoyl-CoA 2,3-epoxidase subunit BoxB, partial
7.23444312585e-06	1	general secretion pathway protein D (precursor)
7.23444312585e-06	1	PAS/PAC domain-containing protein
7.23444312585e-06	1	RstB
7.23444312585e-06	1	oxidoreductase iron/ascorbate family
7.23444312585e-06	1	MULTISPECIES: 2-hydroxymuconic semialdehyde hydrolase NahN
7.23444312585e-06	1	sensor box protein
7.23444312585e-06	1	NAD-dependent formate dehydrogenase gamma subunit
7.23444312585e-06	1	DUF1832 domain-containing protein, partial
7.23444312585e-06	1	phosphodiesterase, partial
7.23444312585e-06	1	NADH-plastoquinone oxidoreductase subunit F
7.23444312585e-06	1	hyalorunate lyase
7.23444312585e-06	1	polyketide synthase RhiD, partial
7.23444312585e-06	1	nikM protein
7.23444312585e-06	1	channel protein
7.23444312585e-06	1	nitrate/sulfonate/bicarbonate ABC transporter permease
7.23444312585e-06	1	MULTISPECIES: lignostilbene alpha-beta-dioxygenase
7.23444312585e-06	1	arabinogalactan ABC transporter permease
7.23444312585e-06	1	DUF2860 domain-containing protein
7.23444312585e-06	1	n-methylhydantoinase b acetone carboxylase subunit alpha
7.23444312585e-06	1	MULTISPECIES: RimJ/RimL family protein N-acetyltransferase
7.23444312585e-06	1	MULTISPECIES: DUF2709 domain-containing protein
7.23444312585e-06	1	Cbb3-type cytochrome oxidase component FixQ
7.23444312585e-06	1	efflux transporter RND superfamily
7.23444312585e-06	1	S4 domain-containing protein
7.23444312585e-06	1	MULTISPECIES: 1,3--beta-D-glucan 3-glucanohydrolase
7.23444312585e-06	1	MULTISPECIES: AzlC family transporter
7.23444312585e-06	1	DUF2172 domain-containing protein
7.23444312585e-06	1	ISNCY family transposase ISThma1
7.23444312585e-06	1	MULTISPECIES: beta-lactamase repressor protein
7.23444312585e-06	1	type-1 restriction enzyme StySPI
7.23444312585e-06	1	MULTISPECIES: polynucleotide adenylyltransferase/metal dependent phosphohydrolase
7.23444312585e-06	1	response regulator protein
7.23444312585e-06	1	RepB/MobA
7.23444312585e-06	1	MULTISPECIES: thioether cross-link-forming SCIFF peptide maturase
7.23444312585e-06	1	IS481 family transposase ISStag2
7.23444312585e-06	1	protein of unknown function DUF165
7.23444312585e-06	1	Manganese containing catalase
7.23444312585e-06	1	MSHA biogenesis protein MshM
7.23444312585e-06	1	5,10-methylene-tetrahydrofolate dehydrogenase
7.23444312585e-06	1	efflux transporter, outer membrane factor (OMF) lipoprotein, NodT family
7.23444312585e-06	1	exported nucleotide-binding protein
7.23444312585e-06	1	MULTISPECIES: DUF1924 domain-containing protein
7.23444312585e-06	1	phenylphosphate synthase subunit beta
7.23444312585e-06	1	MULTISPECIES: antibiotic acetyltransferase
7.23444312585e-06	1	phage terminase large subunit pbsx family
7.23444312585e-06	1	alternative cytochrome c oxidase polypeptide CoxO
7.23444312585e-06	1	non-ribosomal peptide synthetase module AMP-binding domain protein
7.23444312585e-06	1	MULTISPECIES: PEP-utilizing enzyme, mobile domain protein
7.23444312585e-06	1	Response regulator receiver:ATP-binding region,ATPase-like:Histidine kinase A, N-terminal:Hpt
7.23444312585e-06	1	acetylglucosaminyltransferase
7.23444312585e-06	1	prophage pi2 protein 37
7.23444312585e-06	1	DUF1471 domain-containing protein
7.23444312585e-06	1	cytochrome c oxidase subunit 3, partial
7.23444312585e-06	1	MULTISPECIES: DUF5064 domain-containing protein
7.23444312585e-06	1	putative glycosyl transferase family 2 protein
7.23444312585e-06	1	acyltransferase domain protein
7.23444312585e-06	1	heavy metal transport/detoxification protein, partial
7.23444312585e-06	1	(2S)-methylsuccinyl-CoA dehydrogenase
7.23444312585e-06	1	metallopeptidase family M12B Reprolysin-like domain protein
7.23444312585e-06	1	Exported hypothetical protein (peptidase domain)
7.23444312585e-06	1	FOG: EAL domain
7.23444312585e-06	1	Heme oxygenase-like protein
7.23444312585e-06	1	Peptidase C45, acyl-coenzyme A:6-aminopenicillanic acid acyl-transferase
7.23444312585e-06	1	MULTISPECIES: DUF3387 domain-containing protein
7.23444312585e-06	1	protein YhiQ
7.23444312585e-06	1	TIGR03809 family protein, partial
7.23444312585e-06	1	5-dehydro-4-deoxy-D-glucuronate isomerase, partial
7.23444312585e-06	1	dinucleotide-binding enzyme
7.23444312585e-06	1	SpoU-like rRNA methylase
7.23444312585e-06	1	Selenium-binding protein 1
7.23444312585e-06	1	host specificity protein, partial
7.23444312585e-06	1	ATP-dependent 26S proteasome regulatory subunit
7.23444312585e-06	1	DNA polymerase related protein
7.23444312585e-06	1	two component system sensor kinase, hybrid
7.23444312585e-06	1	mgte intracellular region
7.23444312585e-06	1	chitodextrinase precursor
7.23444312585e-06	1	IS5 family transposase ISMdi26
7.23444312585e-06	1	Rnase H
7.23444312585e-06	1	MULTISPECIES: PIN/TRAM domain-containing protein
7.23444312585e-06	1	protein HslO
7.23444312585e-06	1	molybdopterin oxidoreductase iron sulfur subunit
7.23444312585e-06	1	photosystem II reaction center X protein
7.23444312585e-06	1	maltose/maltodextrin import ATP-binding protein MalK
7.23444312585e-06	1	MULTISPECIES: methylglutaconyl-CoA hydratase
7.23444312585e-06	1	methylenetetrahydrofolate dehydrogenase, partial
7.23444312585e-06	1	class II cytochrome c
7.23444312585e-06	1	glycosyl transferase family protein, partial
7.23444312585e-06	1	DNA-directed RNA polymerase subunit sigma-24
7.23444312585e-06	1	2-desacetyl-2-hydroxyethyl bacteriochlorophyllide A dehydrogenase
7.23444312585e-06	1	MULTISPECIES: glutathionylspermidine synthase
7.23444312585e-06	1	solute/sodium symporter (SSS) family protein
7.23444312585e-06	1	MULTISPECIES: inovirus Gp2 family protein
7.23444312585e-06	1	MULTISPECIES: NHLP family bacteriocin export ABC transporter peptidase/permease/ATPase
7.23444312585e-06	1	MULTISPECIES: DUF4359 domain-containing protein
7.23444312585e-06	1	bacteriophage resistance-like protein
7.23444312585e-06	1	AMP-binding enzyme, putative
7.23444312585e-06	1	MULTISPECIES: Bax1 inhibitor-like family protein
7.23444312585e-06	1	MULTISPECIES: modification methylase SinI
7.23444312585e-06	1	porin OmpA, partial
7.23444312585e-06	1	IS3 family transposase ISMamg1
7.23444312585e-06	1	MULTISPECIES: extracellular solute-binding protein
7.23444312585e-06	1	MULTISPECIES: ethanolamine ammonia lyase-activating protein
7.23444312585e-06	1	transporter of the DMT superfamily
7.23444312585e-06	1	type I secretion target repeat protein
7.23444312585e-06	1	para-aminobenzoate synthase, component I
7.23444312585e-06	1	WhiB family transcriptional regulator, partial
7.23444312585e-06	1	NhaP-type Na+(K+)/H+ antiporter
7.23444312585e-06	1	methyl-accepting chemotaxis sensory transducer, partial
7.23444312585e-06	1	beta-agarase A
7.23444312585e-06	1	hemoglobin protein (Truncated hemoglobin)
7.23444312585e-06	1	MULTISPECIES: chalcone isomerase
7.23444312585e-06	1	aminotransferase class-II
7.23444312585e-06	1	CcdB protein
7.23444312585e-06	1	regulator of competence-specific genes
7.23444312585e-06	1	L-rhamnose operon transcriptional activator
7.23444312585e-06	1	IS5 family transposase ISMpo5
7.23444312585e-06	1	AopD protein
7.23444312585e-06	1	MULTISPECIES: DUF4468 domain-containing protein
7.23444312585e-06	1	invasion protein B, involved in pathogenesis
7.23444312585e-06	1	periplasmic serine proteinase DO
7.23444312585e-06	1	transcriptional regulator ExuR
7.23444312585e-06	1	NTP pyrophosphatase
7.23444312585e-06	1	beta-propeller domain of methanol dehydrogenase type protein
7.23444312585e-06	1	MULTISPECIES: cytochrome D1 heme domain-containing protein
7.23444312585e-06	1	RepA protein
7.23444312585e-06	1	MULTISPECIES: quinol:cytochrome c oxidoreductase quinone-binding subunit 1
7.23444312585e-06	1	tRNA(5-methylaminomethyl-2-thiouridylate)-methyltransferase
7.23444312585e-06	1	MULTISPECIES: chromate ion transporter
7.23444312585e-06	1	multi-copper enzyme maturation ABC transporter permease
7.23444312585e-06	1	IS3 family transposase ISRm6
7.23444312585e-06	1	MULTISPECIES: DUF1849 domain-containing protein
7.23444312585e-06	1	metal-dependent hydrolase of the TIM-barrel fold protein
7.23444312585e-06	1	MULTISPECIES: peptidase Do
7.23444312585e-06	1	fructose-bisphosphatase class II, partial
7.23444312585e-06	1	competence protein ComEA, partial
7.23444312585e-06	1	MULTISPECIES: nonribosomal peptide synthetase anabaenopeptin synthetase AptA1
7.23444312585e-06	1	MULTISPECIES: glutathione metabolism protein
7.23444312585e-06	1	RND efflux system, outer membrane lipoprotein,NodT family
7.23444312585e-06	1	type II secretion pathway protein E
7.23444312585e-06	1	phenylserine aldolase
7.23444312585e-06	1	MULTISPECIES: zinc-dependent alcohol dehydrogenase
7.23444312585e-06	1	type II secretion pathway protein C
7.23444312585e-06	1	MULTISPECIES: DUF3085 domain-containing protein
7.23444312585e-06	1	isopenicillin N epimerase CefD
7.23444312585e-06	1	ubiquitin-activating enzyme
7.23444312585e-06	1	MULTISPECIES: RNA polymerase-binding transcription factor DksA
7.23444312585e-06	1	peptidase S33 family protein, partial
7.23444312585e-06	1	MULTISPECIES: BNR domain-containing protein
7.23444312585e-06	1	MULTISPECIES: 3-oxoadipate enol-lactonase, partial
7.23444312585e-06	1	NADH:ubiquinone oxidoreductase subunit RnfD
7.23444312585e-06	1	NADH:ubiquinone oxidoreductase subunit RnfB
7.23444312585e-06	1	family 16 glycoside hydrolase
7.23444312585e-06	1	spermine synthase, partial
7.23444312585e-06	1	MULTISPECIES: DAK2 domain-containing protein
7.23444312585e-06	1	flagellar hook protein, partial
7.23444312585e-06	1	anti-sigma factor MucA
7.23444312585e-06	1	MULTISPECIES: outer membrane phospholipase A
7.23444312585e-06	1	MULTISPECIES: ribulose-5-phosphate 3-epimerase
7.23444312585e-06	1	glycosyl amidation-associated protein WbuZ
7.23444312585e-06	1	type II deoxyribonuclease, partial
7.23444312585e-06	1	2,5-dioxovalerate dehydrogenase, partial
7.23444312585e-06	1	glycine--tRNA ligase subunit alpha/beta
7.23444312585e-06	1	bifunctional permease/carbonic anhydrase
7.23444312585e-06	1	glycoside hydrolase, GH8 family
7.23444312585e-06	1	hydrogenase-4 component B / formate hydrogenlyase subunit 3
7.23444312585e-06	1	glycosyl hydrolase family 3-like protein
7.23444312585e-06	1	diguanylate cyclase/phosphodiesterase with PAS/PAC and Chase sensor(s)
7.23444312585e-06	1	spermidine/putrescine import ATP-binding protein PotA
7.23444312585e-06	1	MULTISPECIES: Metal-sensitive transcriptional regulator
7.23444312585e-06	1	Phosphate-binding protein PstS homolog
7.23444312585e-06	1	MULTISPECIES: cell division protein FtsI
7.23444312585e-06	1	Hybrid sensor histidine kinase
7.23444312585e-06	1	RND efflux system hypothetical protein NodT
7.23444312585e-06	1	ribonucleotide reductase of class Ia (aerobic), subunit alpha
7.23444312585e-06	1	protease DegQ
7.23444312585e-06	1	acetyl-coA carboxylase carboxyl transferase subunit alpha
7.23444312585e-06	1	lipopolysaccharide transport system ATP-binding protein
7.23444312585e-06	1	3-octaprenyl-4-hydroxybenzoate carboxy-lyase, partial
7.23444312585e-06	1	iron(III) ABC transporter
7.23444312585e-06	1	dimethyl sulfoxide reductase
7.23444312585e-06	1	DUF2568 domain-containing protein
7.23444312585e-06	1	putative Lipopolysaccharide core biosynthesis glycosyltransferase
7.23444312585e-06	1	ECF transporter S component, partial
7.23444312585e-06	1	polyketide synthase module-like protein
7.23444312585e-06	1	phage minor structural GP20 family protein
7.23444312585e-06	1	aminotransferase, DegT/DnrJ/EryC1/StrS family
7.23444312585e-06	1	NRPS NosA
7.23444312585e-06	1	MutS-like mismatch repair protein, ATPases
7.23444312585e-06	1	MULTISPECIES: 30S ribosomal protein S12 methylthiotransferase
7.23444312585e-06	1	MULTISPECIES: transcriptional regulator LrhA
7.23444312585e-06	1	AAC(3)-I family aminoglycoside 3-N-acetyltransferase
7.23444312585e-06	1	addiction module protein, partial
7.23444312585e-06	1	MULTISPECIES: UDP-phosphate N-acetylgalactosaminyl-1-phosphate transferase
7.23444312585e-06	1	MULTISPECIES: K+ transporter-like membrane protein
7.23444312585e-06	1	prevent-host-death family antitoxin
7.23444312585e-06	1	MULTISPECIES: multidrug resistance protein NorM
7.23444312585e-06	1	Type IV secretory pathway VirJ component-like protein
7.23444312585e-06	1	membrane-bound dolichyl-phosphate-mannose-protein mannosyltransferase
7.23444312585e-06	1	MULTISPECIES: DUF2185 domain-containing protein
7.23444312585e-06	1	flagellar filament core protein FlaB2
7.23444312585e-06	1	thermosensitive gluconokinase
7.23444312585e-06	1	transcriptional repressor RcnR to maintain nickel and cobalt homeostasis
7.23444312585e-06	1	Na+/Picotransporter
7.23444312585e-06	1	MULTISPECIES: cyclic beta-1,2-glucan ABC transporter
7.23444312585e-06	1	NADP-dependent alcohol dehydrogenase
7.23444312585e-06	1	channel protein TolC, partial
7.23444312585e-06	1	MULTISPECIES: LTXXQ domain protein
7.23444312585e-06	1	cobalamin B12-binding domain-containing protein
7.23444312585e-06	1	MULTISPECIES: DNA base-flipping protein YbaZ
7.23444312585e-06	1	MULTISPECIES: lipid A biosynthesis (KDO)2-(lauroyl)-lipid IVA acyltransferase
7.23444312585e-06	1	MULTISPECIES: depolymerase
7.23444312585e-06	1	putative aldehyde dehydrogenase (NAD+)
7.23444312585e-06	1	NAD(+)--dinitrogen-reductase ADP-D-ribosyltransferase
7.23444312585e-06	1	UV protection and mutation protein
7.23444312585e-06	1	rhamnogalacturonyl hydrolase
7.23444312585e-06	1	Prion protein
7.23444312585e-06	1	putative antirepressor protein (Ant)
7.23444312585e-06	1	NAD-dependent deacetylase, partial
7.23444312585e-06	1	conserved hypothetical protein-signal peptide and transmembrane prediction
7.23444312585e-06	1	MULTISPECIES: chlorophyll synthase ChlG
7.23444312585e-06	1	auracyanin A
7.23444312585e-06	1	transcription termination factor
7.23444312585e-06	1	transcription accessory protein, partial
7.23444312585e-06	1	sodium-dependent tyrosine transporter
7.23444312585e-06	1	ferredoxin-like protein
7.23444312585e-06	1	MULTISPECIES: tyrosine recombinase XerD, partial
7.23444312585e-06	1	cyanoexosortase B
7.23444312585e-06	1	transporter-like membrane protein
7.23444312585e-06	1	DNA helicase restriction/modification system component YeeB
7.23444312585e-06	1	basal-body rod modification protein FlgD
7.23444312585e-06	1	site-specific recombinase, resolvase family
7.23444312585e-06	1	MULTISPECIES: nitrogenase molybdenum-iron protein subunit alpha
7.23444312585e-06	1	putative Dethiobiotin synthase
7.23444312585e-06	1	3'(2'),5'-bisphosphate nucleotidase CysQ, partial
7.23444312585e-06	1	RNA ligase DRB0094 family
7.23444312585e-06	1	pilus biogenese protein
7.23444312585e-06	1	DUF1587 domain-containing protein
7.23444312585e-06	1	MULTISPECIES: PBS lyase
7.23444312585e-06	1	beta-ketoacyl synthase, partial
7.23444312585e-06	1	IS630 family transposase IS885
7.23444312585e-06	1	type III restriction enzyme, res subunit - like protein
7.23444312585e-06	1	glutamine synthetase 2
7.23444312585e-06	1	MULTISPECIES: glycerol-3-phosphate ABC transporter permease
7.23444312585e-06	1	DUF1403 domain-containing protein, partial
7.23444312585e-06	1	putative response regulator receiver protein
7.23444312585e-06	1	PTS system fructose porter, IIA component
7.23444312585e-06	1	MULTISPECIES: phosphoporin PhoE
7.23444312585e-06	1	FliA/WhiG family RNA polymerase sigma factor, partial
7.23444312585e-06	1	epoxyalkane--coenzyme M transferase, partial
7.23444312585e-06	1	arsenite efflux ATP-binding protein ArsA
7.23444312585e-06	1	vWA domain-containing protein
7.23444312585e-06	1	CutA1 divalent ion tolerance protein
7.23444312585e-06	1	MULTISPECIES: indole acetimide hydrolase
7.23444312585e-06	1	PTS beta-glucoside transporter subunit IIABC, partial
7.23444312585e-06	1	arylsulfotransferase domain protein
7.23444312585e-06	1	galactosylceramidase, partial
7.23444312585e-06	1	lacX protein
7.23444312585e-06	1	UDP-N-acetylglucosamine dehydratase/epimerase
7.23444312585e-06	1	DUF2897 domain-containing protein
7.23444312585e-06	1	D-Lactate dehydrogenase, cytochrome c-dependent
7.23444312585e-06	1	Aldehyde dehydrogenase domain containing protein
7.23444312585e-06	1	uroporphyrin-III C/tetrapyrrole methyltransferase
7.23444312585e-06	1	RecD-like DNA helicase YrrC
7.23444312585e-06	1	type II secretion system protein J
7.23444312585e-06	1	type II secretion system protein D
7.23444312585e-06	1	ScoB
7.23444312585e-06	1	MULTISPECIES: nickel-cobalt-cadmium resistance protein nccX
7.23444312585e-06	1	MULTISPECIES: DUF4347 domain-containing protein, partial
7.23444312585e-06	1	MULTISPECIES: exopolysaccharide production protein
7.23444312585e-06	1	tRNA hydroxylase, partial
7.23444312585e-06	1	MULTISPECIES: violacein biosynthesis enzyme VioE
7.23444312585e-06	1	necrosis-inducing protein
7.23444312585e-06	1	inovirus Gp2 family protein, partial
7.23444312585e-06	1	MraZ domain-containing protein
7.23444312585e-06	1	photosystem I biogenesis protein BtpA
7.23444312585e-06	1	cytochrome c, partial
7.23444312585e-06	1	MULTISPECIES: SUF system Fe-S cluster assembly regulator
7.23444312585e-06	1	radical SAM domain-containing iron-sulfur cluster-binding oxidoreductase
7.23444312585e-06	1	LysE family L-lysine exporter
7.23444312585e-06	1	phosphate ABC transporter phosphate-binding protein
7.23444312585e-06	1	MULTISPECIES: ABC-type Fe3+-hydroxamate transport system, periplasmic component
7.23444312585e-06	1	Ribonucleotide reductase of class Ia (aerobic), alpha subunit
7.23444312585e-06	1	cell wall-anchored protein
7.23444312585e-06	1	tyrosine decarboxylase
7.23444312585e-06	1	1,4-alpha-glucan branching protein, partial
7.23444312585e-06	1	peroxisomal multifunctional enzyme type 2 (MFE-2) (D-bifunctionalprotein) (DBP) (17-beta-hydroxysteroid dehydrogenase 4) (17-beta-HSD4)
7.23444312585e-06	1	TOPRIM domain-containing protein
7.23444312585e-06	1	flagellin FlaG
7.23444312585e-06	1	HAD hydrolase, family IIB
7.23444312585e-06	1	MULTISPECIES: mycofactocin system FadH/OYE family oxidoreductase 2
7.23444312585e-06	1	MULTISPECIES: Hg(II)-responsive transcriptional regulator
7.23444312585e-06	1	family 3 extracellular solute-binding protein
7.23444312585e-06	1	MULTISPECIES: dissimilatory-type sulfite reductase subunit beta
7.23444312585e-06	1	MULTISPECIES: CDP-abequose synthase
7.23444312585e-06	1	aklaviketone reductase
7.23444312585e-06	1	DUF4392 domain-containing protein, partial
7.23444312585e-06	1	assimilatory sulfite reductase (NADPH) hemoprotein subunit, partial
7.23444312585e-06	1	type II secretory pathway ATPase ExeA
7.23444312585e-06	1	Miro domain protein
7.23444312585e-06	1	DNA repair ATPase-like protein
7.23444312585e-06	1	MULTISPECIES: 3-deoxy-D-manno-oct-2-ulosonic acid (Kdo) hydroxylase family protein
7.23444312585e-06	1	Erythronolide synthase, modules 3 and 4
7.23444312585e-06	1	MULTISPECIES: coenzyme F390 synthetase-like protein
7.23444312585e-06	1	conjugal transfer protein TrbE, partial
7.23444312585e-06	1	site-specific recombinase-like protein
7.23444312585e-06	1	aldose isomerase
7.23444312585e-06	1	Glycogen debranching protein-like protein
7.23444312585e-06	1	YbaK/prolyl-tRNA synthetase associated domain-containing protein
7.23444312585e-06	1	phage GP46
7.23444312585e-06	1	pyridoxal-5'-phosphate-dependent protein, partial
7.23444312585e-06	1	VIP2 family actin-ADP-ribosylating toxin
7.23444312585e-06	1	NLP/P60
7.23444312585e-06	1	cell division protein FtsY
7.23444312585e-06	1	MULTISPECIES: TMAO reductase system sensor histidine kinase/response regulator TorS
7.23444312585e-06	1	F0F1-type ATP synthase gamma subunit
7.23444312585e-06	1	restriction endonuclease Hin4II
7.23444312585e-06	1	MULTISPECIES: sugar ABC transporter substrate-binding protein, partial
7.23444312585e-06	1	DUF785 domain-containing protein
7.23444312585e-06	1	chorismate--pyruvate lyase
7.23444312585e-06	1	Superfamily II DNA and RNA
7.23444312585e-06	1	protein C
7.23444312585e-06	1	MULTISPECIES: LacI family DNA-binding transcriptional regulator
7.23444312585e-06	1	RsmE family RNA methyltransferase
7.23444312585e-06	1	MULTISPECIES: IS1182 family transposase ISPsy36
7.23444312585e-06	1	fructan beta-fructosidase family protein
7.23444312585e-06	1	MULTISPECIES: toxin-antitoxin system YwqK family antitoxin
7.23444312585e-06	1	styrene monooxygenase
7.23444312585e-06	1	oligogalacturonide lyase
7.23444312585e-06	1	outer membrane protein, Omp28 superfamily
7.23444312585e-06	1	UV damage repair protein UvrX
7.23444312585e-06	1	Dual specificity phosphatase catalytic subunit
7.23444312585e-06	1	BLUF protein
7.23444312585e-06	1	periplasmic spermidine putrescine-binding protein PotD
7.23444312585e-06	1	restriction endonuclease PspPI
7.23444312585e-06	1	MULTISPECIES: paraquat-inducible protein B
7.23444312585e-06	1	MULTISPECIES: PAS sensor domain-containing protein
7.23444312585e-06	1	MULTISPECIES: DUF4291 domain-containing protein
7.23444312585e-06	1	Leucine-, isoleucine-, valine-, threonine-, and alanine-binding protein
7.23444312585e-06	1	MULTISPECIES: formate dehydrogenase cytochrome b556 subunit
7.23444312585e-06	1	flagellar protein flhE
7.23444312585e-06	1	IS701 family transposase ISAeme11
7.23444312585e-06	1	acetophenone carboxylase
7.23444312585e-06	1	acetylglutamate/acetylaminoadipate kinase
7.23444312585e-06	1	MULTISPECIES: acyl CoA--acetate/3-ketoacid CoA transferase subunit alpha
7.23444312585e-06	1	cation ABC transporter permease
7.23444312585e-06	1	MULTISPECIES: geranylgeranyl pyrophosphate synthetase
7.23444312585e-06	1	could be an antifreeze protein
7.23444312585e-06	1	Gp33
7.23444312585e-06	1	ring canal kelch
7.23444312585e-06	1	guanyl-specific ribonuclease Sa3
7.23444312585e-06	1	helix-turn-helix, AraC type
7.23444312585e-06	1	Rhamnan synthesis protein F
7.23444312585e-06	1	TrbF Mating pair formation protein
7.23444312585e-06	1	tRNA synthetase subunit beta
7.23444312585e-06	1	trypsin domain protein
7.23444312585e-06	1	GSCFA domain containing protein
7.23444312585e-06	1	siderophore synthetase component
7.23444312585e-06	1	anti-ECF sigma factor ChrR
7.23444312585e-06	1	di- and tricarboxylate transporter
7.23444312585e-06	1	metal dependent hydrolase EEP-2 family
7.23444312585e-06	1	epoxide hydrolase (part 1)
7.23444312585e-06	1	PQQ-dependent catabolism protein
7.23444312585e-06	1	MULTISPECIES: Sua5/YciO/YrdC/YwlC family protein
7.23444312585e-06	1	K+-transporting ATPase subunit B, partial
7.23444312585e-06	1	peptidyl-dipeptidase A precursor
7.23444312585e-06	1	MULTISPECIES: muramidase (flagellum-specific)
7.23444312585e-06	1	MULTISPECIES: type I-F CRISPR-associated helicase Cas3
7.23444312585e-06	1	MULTISPECIES: GCN5 family N-acetyltransferase
7.23444312585e-06	1	3-carboxy-cis,cis-muconate lactonizing enzyme
7.23444312585e-06	1	stab protein
7.23444312585e-06	1	ribose import ATP-binding protein RbsA 3
7.23444312585e-06	1	MULTISPECIES: Na+/H+ antiporter subunit D
7.23444312585e-06	1	MULTISPECIES: acyl-homoserine-lactone synthase
7.23444312585e-06	1	Snf2/Rad54 family helicase
7.23444312585e-06	1	lysyltransferase
7.23444312585e-06	1	sulfate adenyltransferase subunit 1-like GTPase
7.23444312585e-06	1	type II secretory pathway ATPase PulE/Tfp pilus assembly pathway ATPase PilB-like protein
7.23444312585e-06	1	MYND finger
7.23444312585e-06	1	MULTISPECIES: endo-alpha-(1->5)-L-arabinanase
7.23444312585e-06	1	thymidylate synthase A
7.23444312585e-06	1	MULTISPECIES: malonate decarboxylase acyl carrier protein
7.23444312585e-06	1	IS1595 family transposase ISTaba1
7.23444312585e-06	1	MULTISPECIES: gas vesicle synthesis protein GvpA
7.23444312585e-06	1	K+-dependent Na+/Ca+ exchanger-like protein
7.23444312585e-06	1	aerobic respiration two-component sensor histidine kinase ArcB, partial
7.23444312585e-06	1	beta-glucosidase BglB
7.23444312585e-06	1	MULTISPECIES: IS1595 family transposase ISBsp6
7.23444312585e-06	1	respiration control sensor protein ArcB
7.23444312585e-06	1	thymidylate synthase ThyX
7.23444312585e-06	1	FMN-dependent NADH-azoreductase 8
7.23444312585e-06	1	reaction center protein M chain
7.23444312585e-06	1	5-methylthioadenosine/S-adenosylhomocysteine deaminase 1
7.23444312585e-06	1	dihydromethanopterin reductase
7.23444312585e-06	1	putative heme utilization radical SAM enzyme HutW
7.23444312585e-06	1	Ni,Fe-hydrogenase I cytochrome b subunit
7.23444312585e-06	1	MULTISPECIES: ISKra4 family transposase
7.23444312585e-06	1	bacteriocin immunity protein
7.23444312585e-06	1	RfbC
7.23444312585e-06	1	MULTISPECIES: DUF4747 domain-containing protein
7.23444312585e-06	1	Sigma 54 interacting domain protein
7.23444312585e-06	1	GMP/IMP nucleotidase
7.23444312585e-06	1	MULTISPECIES: plasmid stablization protein ParB
7.23444312585e-06	1	NADP-reducing hydrogenase subunit HndC
7.23444312585e-06	1	ADIPOR-like receptor
7.23444312585e-06	1	type IV secretion/conjugal transfer ATPase VirB4 family
7.23444312585e-06	1	putative Peptidylprolyl isomerase
7.23444312585e-06	1	subclass B1 metallo-beta-lactamase KHM-1
7.23444312585e-06	1	Alcohol dehydrogenase zinc-binding domain protein
7.23444312585e-06	1	type I restriction endonuclease EcoRI subuint R
7.23444312585e-06	1	MULTISPECIES: DUF4450 domain-containing protein
7.23444312585e-06	1	daunorubicin resistance protein DrrC, partial
7.23444312585e-06	1	MULTISPECIES: glycosyl transferase 2 family protein
7.23444312585e-06	1	IS21 family transposase ISIde2
7.23444312585e-06	1	CRISPR-associated exonuclease Cas4/endonuclease Cas1 fusion
7.23444312585e-06	1	phosphonate degradation operons associated HDIG domain protein
7.23444312585e-06	1	aspartate beta-hydroxylase
7.23444312585e-06	1	transcriptional activator ChrR
7.23444312585e-06	1	urease accessory protein ureD, partial
7.23444312585e-06	1	head completion/stabilization protein
7.23444312585e-06	1	UDP-glucose--undecaprenyl-phosphate glucosyltransferase
7.23444312585e-06	1	cyclodextrin-binding protein
7.23444312585e-06	1	DNA ligase-like protein
7.23444312585e-06	1	ToxR-activated gene A lipoprotein
7.23444312585e-06	1	protein of unknown function DUF177
7.23444312585e-06	1	triphosphoribosyl-dephospho-CoA synthase CitG
7.23444312585e-06	1	FlhB-like type III secretion exporter family protein
7.23444312585e-06	1	MULTISPECIES: endo-1,3-1,4-beta-glycanase
7.23444312585e-06	1	PTS cellobiose transporter subunit IIA
7.23444312585e-06	1	fimbria A protein
7.23444312585e-06	1	NADPH dehydrogenase, partial
7.23444312585e-06	1	abortive infection protein, partial
7.23444312585e-06	1	sulfate permease family inorganic anion transporter
7.23444312585e-06	1	trypsin domain-containing protein
7.23444312585e-06	1	MULTISPECIES: hemolysin activation protein
7.23444312585e-06	1	type I restriction endonuclease EcoEI subunit S
7.23444312585e-06	1	lipopolysaccharide kinase RfaP
7.23444312585e-06	1	putative nitroreductase
7.23444312585e-06	1	CgeB
7.23444312585e-06	1	tail fiber protein H
7.23444312585e-06	1	resolvase/recombinase
7.23444312585e-06	1	copper metallochaperone
7.23444312585e-06	1	molecular chaperone SurA, partial
7.23444312585e-06	1	MULTISPECIES: DUF3795 domain-containing protein
7.23444312585e-06	1	ChaC-like protein
7.23444312585e-06	1	tail fiber protein 2
7.23444312585e-06	1	cobalamin biosynthesis protein CobB
7.23444312585e-06	1	type IV secretion protein VirB10
7.23444312585e-06	1	MULTISPECIES: primosomal protein DnaI
7.23444312585e-06	1	small heat shock protein
7.23444312585e-06	1	IncW plasmid conjugative relaxase TrwC (TraI homolog)
7.23444312585e-06	1	pyrophosphate--fructose 6-phosphate 1-phosphotransferase Pfp
7.23444312585e-06	1	tRNA 2-methylthio-N6-isopentenyl adenosine(37) hydroxylase MiaE-like protein
7.23444312585e-06	1	DUF3623 domain-containing protein, partial
7.23444312585e-06	1	neutral amino acid-binding protein
7.23444312585e-06	1	MULTISPECIES: Terminase-like family protein
7.23444312585e-06	1	glutathione-dependent formaldehyde dehydrogenase, partial
7.23444312585e-06	1	urea ABC transporter ATP-binding subunit UrtE, partial
7.23444312585e-06	1	MULTISPECIES: cysteine desulfurase, SufS family protein
7.23444312585e-06	1	protein C16G5,07c
7.23444312585e-06	1	NrdB protein
7.23444312585e-06	1	IucA/IucC
7.23444312585e-06	1	IS1182 family transposase ISAzch1
7.23444312585e-06	1	poly(ADP-ribose) polymerase
7.23444312585e-06	1	Macrocin-O-methyltransferase (TylF)
7.23444312585e-06	1	motility regulator
7.23444312585e-06	1	ABC-transporter ATP-binding subunit DevA homolog
7.23444312585e-06	1	MULTISPECIES: RNA ligase 1 and tail attachment protein
7.23444312585e-06	1	PAS sensor signal transduction histidine kinase
7.23444312585e-06	1	MULTISPECIES: MraZ protein
7.23444312585e-06	1	bacteriophage antirepressor
7.23444312585e-06	1	DUF2884 domain-containing protein
7.23444312585e-06	1	MULTISPECIES: pilus biosynthesis protein
7.23444312585e-06	1	PAC2 family protein, partial
7.23444312585e-06	1	malyl-CoA lyase
7.23444312585e-06	1	putative two component system, sensor protein
7.23444312585e-06	1	electron transport complex, rnfabcdge type, B subunit
7.23444312585e-06	1	Thiazole biosynthesis protein ThiG
7.23444312585e-06	1	MULTISPECIES: glycerol kinase GlpK
7.23444312585e-06	1	daunorubicin resistance protein DrrA family ABC transporter ATP-binding protein, partial
7.23444312585e-06	1	peptidyl prolyl 4-hydroxylase-like protein subunit alpha
7.23444312585e-06	1	response regulator receiver modulated metal-depenent phosphohydrolase, partial
7.23444312585e-06	1	antirepresssor protein RebB
7.23444312585e-06	1	MSEP-CTERM protein
7.23444312585e-06	1	ADP-ribosylglycohydrolase family protein, partial
7.23444312585e-06	1	GcrA-like regulator
7.23444312585e-06	1	protein P5
7.23444312585e-06	1	MULTISPECIES: tRNA-pseudouridine synthase i
7.23444312585e-06	1	type II Secretion PilQ
7.23444312585e-06	1	aryl sulfotransferase, partial
7.23444312585e-06	1	ccoP protein
7.23444312585e-06	1	ferrichrome ABC transporter, permease protein
7.23444312585e-06	1	UDP-phosphomannose:protein mannosyltransferase
7.23444312585e-06	1	peptidase C1B bleomycin hydrolase
7.23444312585e-06	1	MULTISPECIES: methanol-5-hydroxybenzimidazolylcobamide methyltransferase
7.23444312585e-06	1	MULTISPECIES: serralysin
7.23444312585e-06	1	MobA-like protein
7.23444312585e-06	1	Clp protease ClpV
7.23444312585e-06	1	MULTISPECIES: CysG
7.23444312585e-06	1	Clp protease ClpE
7.23444312585e-06	1	heme lyase subunit CcmF
7.23444312585e-06	1	cytoskeletal protein RodZ
7.23444312585e-06	1	PQQ enzyme repeat family protein, partial
7.23444312585e-06	1	tetrahydromethanopterin S-methyltransferase subunit H
7.23444312585e-06	1	2-vinyl bacteriochlorophyllide hydratase BchF
7.23444312585e-06	1	putative Micrococcal nuclease
7.23444312585e-06	1	cytochrome aa3 quinol oxidase subunit II
7.23444312585e-06	1	aerobic glycerol-3-phosphate dehydrogenase
7.23444312585e-06	1	protein CsiD
7.23444312585e-06	1	MULTISPECIES: delta(24)-sterol C-methyltransferase
7.23444312585e-06	1	MULTISPECIES: aminoacyl-tRNA deacylase
7.23444312585e-06	1	tRNA/rRNA methyltransferase, partial
7.23444312585e-06	1	2'-phosphotransferase
7.23444312585e-06	1	MULTISPECIES: RND efflux system, hypothetical protein, NodT family
7.23444312585e-06	1	antitermination protein Q
7.23444312585e-06	1	Fe-S type hydro-lyase tartrate/fumarate subunit beta
7.23444312585e-06	1	potassium transport system protein kup
7.23444312585e-06	1	MULTISPECIES: DUF1351 domain-containing protein
7.23444312585e-06	1	MULTISPECIES: site-specific DNA inversion stimulation factor
7.23444312585e-06	1	MULTISPECIES: ANT(3'')-Ia family aminoglycoside nucleotidyltransferase AadA5
7.23444312585e-06	1	Photosystem II reaction center protein I
7.23444312585e-06	1	MULTISPECIES: hydrogenase (NiFe) small subunit (hydA)
7.23444312585e-06	1	putative holo
7.23444312585e-06	1	Aldehyde oxidase and xanthine dehydrogenase, molybdopterin binding protein
7.23444312585e-06	1	intein-containing UDP-glucuronate decarboxylase family protein
7.23444312585e-06	1	DUF475 domain-containing protein, partial
7.23444312585e-06	1	racemase, partial
7.23444312585e-06	1	SYNERG-CTERM sorting domain-containing protein
7.23444312585e-06	1	vanillate demethylase
7.23444312585e-06	1	protein GlcF1
7.23444312585e-06	1	modulator protein, partial
7.23444312585e-06	1	sulfite dehydrogenase (cytochrome) subunit SorB
7.23444312585e-06	1	MULTISPECIES: 1,3-1,4-beta-glycanase
7.23444312585e-06	1	putative N,N-dimethylformamidase, partial
7.23444312585e-06	1	ATP-dependent metalloprotease FtsH, partial
7.23444312585e-06	1	MULTISPECIES: epf adjacent protein
7.23444312585e-06	1	purine nucleoside transporter
7.23444312585e-06	1	UDP-N-acetylmuramoylalanyl-D-glutamyl-2,6-diamin opimelate/D-alanyl-D-alanylligase
7.23444312585e-06	1	putative ribonuclease BN
7.23444312585e-06	1	LexA DNA-binding-like domain protein
7.23444312585e-06	1	MULTISPECIES: PTS mannitol transporter subunit IIBC
7.23444312585e-06	1	multidrug resistance protein MdtB
7.23444312585e-06	1	MULTISPECIES: proton-coupled thiamine transporter YuaJ
7.23444312585e-06	1	DUF4264 domain-containing protein
7.23444312585e-06	1	Cytochrome c-type biogenesis protein DsbD
7.23444312585e-06	1	Peyer's patch virulence factor GipA
7.23444312585e-06	1	transcription repressor NadR
7.23444312585e-06	1	histidine biosynthesis protein HisIE
7.23444312585e-06	1	MULTISPECIES: Flp pilus assembly protein, ATPase CpaF
7.23444312585e-06	1	histidine kinase,Response regulator receiver domain-containing protein,histidine kinase,GAF domain-containing protein
7.23444312585e-06	1	PAS/PAC sensor hybrid histidine kinase, partial
7.23444312585e-06	1	MULTISPECIES: myo-inositol catabolism protein
7.23444312585e-06	1	aromatic ring hydroxylase, partial
7.23444312585e-06	1	zinc transporter ZIP family
7.23444312585e-06	1	Protein tolB precursor
7.23444312585e-06	1	virulence factor MviM
7.23444312585e-06	1	proline-specific permease
7.23444312585e-06	1	MULTISPECIES: flagellar hook 2 domain-containing protein
7.23444312585e-06	1	adsorption protein
7.23444312585e-06	1	peptidase S16 family protein
7.23444312585e-06	1	lamin tail domain protein
7.23444312585e-06	1	MULTISPECIES: DUF2989 domain-containing protein
7.23444312585e-06	1	NAD(P)-dependent nickel-iron dehydrogenase diaphorase component subunit HoxE
7.23444312585e-06	1	DUF3781 domain-containing protein
7.23444312585e-06	1	VacB/RNase II-like 3'-5' exoribonuclease
7.23444312585e-06	1	MULTISPECIES: type IV conjugative transfer system coupling protein TraD
7.23444312585e-06	1	MULTISPECIES: amide hydrolase
7.23444312585e-06	1	MULTISPECIES: sodium:hydrogen antiporter
7.23444312585e-06	1	nitrilotriacetate monooxygenase component B (NtaB)
7.23444312585e-06	1	4-nitrocatechol monooxygenase
7.23444312585e-06	1	MULTISPECIES: ubiquinol-cytochrome c reductase cytochrome b protein
7.23444312585e-06	1	Ni/Fe-hydrogenase b-type cytochrome subunit
7.23444312585e-06	1	membrane-spanning protein of formate hydrogenase
7.23444312585e-06	1	site-specific recombinase XerD-like protein
7.23444312585e-06	1	short chain acyl-CoA synthetase, anaerobic
7.23444312585e-06	1	FesM
7.23444312585e-06	1	putative Rhs protein
7.23444312585e-06	1	coagulation factor 5/8 type-like protein
7.23444312585e-06	1	MULTISPECIES: 3-hydroxy-3-methylglutaryl CoA synthase
7.23444312585e-06	1	Capsule synthesis protein, CapA
7.23444312585e-06	1	putative lipase
7.23444312585e-06	1	cysteine ABC transporter permease/ATP-binding protein CydD, partial
7.23444312585e-06	1	MULTISPECIES: type I-B CRISPR-associated protein Cas7/Cst2/DevR
7.23444312585e-06	1	glutaminase, partial
7.23444312585e-06	1	16S rRNA m5C967 methyltransferase
7.23444312585e-06	1	Superfamily I DNA and RNA helicase and helicaseprotein
7.23444312585e-06	1	F0F1-type ATP synthase subunit alpha
7.23444312585e-06	1	MULTISPECIES: guanine-specific ribonuclease N1 and T1
7.23444312585e-06	1	pmbA/tldD protein
7.23444312585e-06	1	2-succinyl-6-hydroxy-2,4-cyclohexadiene-1-carboxylate synthase, partial
7.23444312585e-06	1	filamentous hemagglutinin family N-terminal domain, partial
7.23444312585e-06	1	branched-chain alpha-keto acid dehydrogenase E1 component subunit beta
7.23444312585e-06	1	MULTISPECIES: knotted carbamoyltransferase YgeW
7.23444312585e-06	1	sulfoacetaldehyde acetyltransferase, partial
7.23444312585e-06	1	MULTISPECIES: cytochrome C protein
7.23444312585e-06	1	endoglucanase A
7.23444312585e-06	1	3-hydroxymyristoyl-ACP dehydratase
7.23444312585e-06	1	selenium-binding protein 1
7.23444312585e-06	1	Sec23/Sec24 zinc finger-containing protein
7.23444312585e-06	1	MULTISPECIES: gas vesicle protein GvpN
7.23444312585e-06	1	IS1182 family transposase ISShsp2
7.23444312585e-06	1	MULTISPECIES: cysteine ABC transporter substrate-binding protein
7.23444312585e-06	1	nitrogen fixation protein FixC
7.23444312585e-06	1	sNF2 family N-domain-containing protein
7.23444312585e-06	1	MULTISPECIES: STAS/SEC14 domain-containing protein
7.23444312585e-06	1	Appr-1-p processing domain protein
7.23444312585e-06	1	bifunctional glycosyltransferase/sugar pyrophosphorylase
7.23444312585e-06	1	Sir2-like protein
7.23444312585e-06	1	ECF-type sigma factor
7.23444312585e-06	1	MULTISPECIES: fimbrial protein SteB
7.23444312585e-06	1	signaling protein without kinase domain
7.23444312585e-06	1	MULTISPECIES: DUF2066 domain-containing protein
7.23444312585e-06	1	nitrogen fixation protein FixP
7.23444312585e-06	1	phage SPP1 structural protein
7.23444312585e-06	1	proline reductase cluster protein PrdD
7.23444312585e-06	1	transposition protein TniB
7.23444312585e-06	1	flavin reductase domain protein FMN-binding
7.23444312585e-06	1	MULTISPECIES: 2-keto-3-deoxy-L-rhamnonate aldolase
7.23444312585e-06	1	MULTISPECIES: SufBD protein
7.23444312585e-06	1	MULTISPECIES: osmotic shock protein
7.23444312585e-06	1	DUF3470 domain-containing protein, partial
7.23444312585e-06	1	putative chromosome partitioning protein
7.23444312585e-06	1	RNA polymerase, sigma 28 subunit
7.23444312585e-06	1	MatE transporter
7.23444312585e-06	1	MULTISPECIES: DUF1934 domain-containing protein
7.23444312585e-06	1	acyl-CoA carboxylase
7.23444312585e-06	1	acetoacetyl-CoA reductase PhaB
7.23444312585e-06	1	phage infection protein, partial
7.23444312585e-06	1	class D sortase, partial
7.23444312585e-06	1	putative RNA methylase
7.23444312585e-06	1	Predicted amidophosphoribosyltransferase
7.23444312585e-06	1	xanthine dehydrogenase FAD-binding subunit YagS
7.23444312585e-06	1	partitioning protein para
7.23444312585e-06	1	MULTISPECIES: DUF3274 domain-containing protein
7.23444312585e-06	1	succinate dehydrogenase fumarate reductase FAD requiring protein
7.23444312585e-06	1	MULTISPECIES: group II intron-encoded protein LtrA
7.23444312585e-06	1	protein RsbU1
7.23444312585e-06	1	gamma-glutamyl-GABA hydrolase
7.23444312585e-06	1	two-component system response regulator RssB
7.23444312585e-06	1	FhlB-like protein
7.23444312585e-06	1	MULTISPECIES: capsule synthesis protein CapA
7.23444312585e-06	1	protein F-like protein
7.23444312585e-06	1	integration host factor, partial
7.23444312585e-06	1	MULTISPECIES: magnesium/cobalt transport protein
7.23444312585e-06	1	haloacid dehalogenase superfamily enzyme, subfamily IA,REG-2-like HAD hydrolase, subfamily IA
7.23444312585e-06	1	Mo regulation, Mo processing homeostasis
7.23444312585e-06	1	MULTISPECIES: tRNA (guanosine(18)-2'-O)-methyltransferase TrmH
7.23444312585e-06	1	MULTISPECIES: NADPH-quinone oxidoreductase
7.23444312585e-06	1	biotin transporter BioY, partial
7.23444312585e-06	1	biotin carboxylase of acetyl-CoA carboxylase
7.23444312585e-06	1	ATPase central region domain-containing protein
7.23444312585e-06	1	Cysteine desulfuration protein, SufE
7.23444312585e-06	1	quinohemoprotein amine dehydrogenase
7.23444312585e-06	1	MULTISPECIES: ribosomal RNA large subunit methyltransferase N
7.23444312585e-06	1	putative phage exonuclease
7.23444312585e-06	1	MULTISPECIES: fimbrial assembly protein PilQ
7.23444312585e-06	1	MULTISPECIES: carotene hydroxylase
7.23444312585e-06	1	formyl transferase N-terminal domain-containing protein
7.23444312585e-06	1	DNA mismatch repair enzyme MutH
7.23444312585e-06	1	endo-alpha-N-acetylgalactosaminidase
7.23444312585e-06	1	adenine-specific DNA modification methyltransferase family protein, partial
7.23444312585e-06	1	cyclic nucleotide-binding protein domain-containing protein
7.23444312585e-06	1	MULTISPECIES: MxaD family protein
7.23444312585e-06	1	FAD-containing monooxygenase EthA, partial
7.23444312585e-06	1	nodulation protein NolNO
7.23444312585e-06	1	YurI
7.23444312585e-06	1	capsular biosynthesis protein CpsI, partial
7.23444312585e-06	1	perchlorate reductase subunit alpha
7.23444312585e-06	1	MULTISPECIES: NmrA family protein
7.23444312585e-06	1	putative Na(+)/H(+) antiporter subunit G
7.23444312585e-06	1	MULTISPECIES: maf-like protein
7.23444312585e-06	1	zinc transporter permease
7.23444312585e-06	1	phage tail tube protein FII
7.23444312585e-06	1	enoyl-CoA dehydratase
7.23444312585e-06	1	type IV fimbrial biogenesis PilY1
7.23444312585e-06	1	conjugal transfer protein TrbM
7.23444312585e-06	1	pyocin activator protein PrtN, phage related protein
7.23444312585e-06	1	cytochrome c, class IC
7.23444312585e-06	1	bifunctional short chain isoprenyl diphosphate synthase
7.23444312585e-06	1	MULTISPECIES: type II restriction endonuclease Sau3AI
7.23444312585e-06	1	MULTISPECIES: immunogenic protein
7.23444312585e-06	1	family 1 glycoside hydrolase6
7.23444312585e-06	1	pyruvate/2-oxoglutarate dehydrogenase complex, subunit beta
7.23444312585e-06	1	putative secreted beta-mannosidase
7.23444312585e-06	1	DUF1256 domain-containing protein
7.23444312585e-06	1	Tetracycline regulation of excision, RteC
7.23444312585e-06	1	DUF3330 domain-containing protein
7.23444312585e-06	1	phage-related reverse transcriptase/maturase
7.23444312585e-06	1	filamentous hemagglutinin FhaB
7.23444312585e-06	1	peptidase M8
7.23444312585e-06	1	TIR-like PF08937 domain protein, partial
7.23444312585e-06	1	osmoprotectant ABC transporter substrate-binding protein
7.23444312585e-06	1	gliding motility protein GldF
7.23444312585e-06	1	MULTISPECIES: acireductone dioxygenase
7.23444312585e-06	1	2,3-dihydroxy-p-cumate dioxygenase
7.23444312585e-06	1	protein required for cytochrome oxidase assembly
7.23444312585e-06	1	branched-chain amino acid transporter 2 carrier protein BrnQ
7.23444312585e-06	1	branched-chain amino acid transporter AzlD, partial
7.23444312585e-06	1	transcriptional regulator, iclr family
7.23444312585e-06	1	phosphodiesterase MJ0936 family
7.23444312585e-06	1	Rep protein
7.23444312585e-06	1	ATP-dependent Clp protease regulatory subunit
7.23444312585e-06	1	Periplasmic Sensor Hybrid Histidine Kinase
7.23444312585e-06	1	restriction endonuclease S subunits-like protein
7.23444312585e-06	1	DUF3391 domain-containing protein
7.23444312585e-06	1	transferase hexapeptide repeat containing protein, partial
7.23444312585e-06	1	MULTISPECIES: siderophore biosynthesis protein
7.23444312585e-06	1	MULTISPECIES: acetoacetate-CoA ligase
7.23444312585e-06	1	IS5 family transposase ISPak1
7.23444312585e-06	1	hisA/hisF family protein
7.23444312585e-06	1	transcriptional regulator (anti-sigma factor)
7.23444312585e-06	1	glycosyl transferase family 2 family protein
7.23444312585e-06	1	30S ribosomal protein S20, partial
7.23444312585e-06	1	MULTISPECIES: Na+-translocating NADH-quinone reductase subunit E
7.23444312585e-06	1	phage tail tape measure protein lambda
7.23444312585e-06	1	ISAzo13 family transposase ISCfu1
7.23444312585e-06	1	type II secretion system protein GspG, partial
7.23444312585e-06	1	DUF2501 family protein
7.23444312585e-06	1	MULTISPECIES: cyclic amidohydrolase
7.23444312585e-06	1	MULTISPECIES: carbamoyl-phosphate-synthetase
7.23444312585e-06	1	transketolase subunit B
7.23444312585e-06	1	dehydratase, partial
7.23444312585e-06	1	MULTISPECIES: exonuclease subunit SbcD
7.23444312585e-06	1	MASE1 sensor histidine kinase
7.23444312585e-06	1	UDP-glucose 4-epimerase WbpV
7.23444312585e-06	1	MULTISPECIES: LPS biosynthesis protein PseA
7.23444312585e-06	1	glutamate-1-semialdehyde-2,1-aminomutase, partial
7.23444312585e-06	1	3-dehydroquinate dehydratase, type II
7.23444312585e-06	1	MULTISPECIES: NAD(+) diphosphatase
7.23444312585e-06	1	transcription factor jumonji, JmjC
7.23444312585e-06	1	DNA invertase, partial
7.23444312585e-06	1	MULTISPECIES: glycogen/starch/alpha-glucan family phosphorylase
7.23444312585e-06	1	putative site-specific recombinase
7.23444312585e-06	1	translation repressor RelB, partial
7.23444312585e-06	1	arginine deiminase, partial
7.23444312585e-06	1	Kef-type K+ transport system membrane subunit
7.23444312585e-06	1	nucleoside transporter NupC family
7.23444312585e-06	1	MULTISPECIES: peptidase M38
7.23444312585e-06	1	exopolyphosphatase-related protein
7.23444312585e-06	1	MULTISPECIES: polyvinylalcohol dehydrogenase
7.23444312585e-06	1	cobalt-precorrin-6A reductase, partial
7.23444312585e-06	1	NADH-quinone oxidoreductase subunit I 1
7.23444312585e-06	1	Ham1 family protein
7.23444312585e-06	1	type IV restriction endonuclease
7.23444312585e-06	1	MULTISPECIES: erythrocyte adducin subunit alpha
7.23444312585e-06	1	MULTISPECIES: UDP-glucose 4-epimerase CapD
7.23444312585e-06	1	phage-related repressor protein
7.23444312585e-06	1	proton-coupled thiamine transporter YuaJ
7.23444312585e-06	1	MULTISPECIES: nitrogenase iron-molybdenum cofactor biosynthesis protein NifN
7.23444312585e-06	1	major royal jelly protein
7.23444312585e-06	1	nitrilase sll0784 family
7.23444312585e-06	1	type IV secretion protein IcmD
7.23444312585e-06	1	MULTISPECIES: twitching motility protein PilU
7.23444312585e-06	1	flagellar protein FliOZ
7.23444312585e-06	1	Prokaryotic cytochrome b561
7.23444312585e-06	1	conjugal transfer protein TraB, partial
7.23444312585e-06	1	MULTISPECIES: acetylpolyamine amidohydrolase
7.23444312585e-06	1	diguanylate phosphodiesterase EAL domain protein
7.23444312585e-06	1	TPR repeat domain-containing protein
7.23444312585e-06	1	MULTISPECIES: dehydroascorbate transporter
7.23444312585e-06	1	DUF524 domain-containing protein
7.23444312585e-06	1	tRNA Cm32/Um32 methyltransferase
7.23444312585e-06	1	23S rRNA (adenine(2503)-C(2))-methyltransferase RlmN, partial
7.23444312585e-06	1	GSCFA domain-containing protein, partial
7.23444312585e-06	1	putative TPR domain protein
7.23444312585e-06	1	MULTISPECIES: molybdate ABC transporter ATP-binding protein ModF
7.23444312585e-06	1	MULTISPECIES: stationary phase survival protein SurE
7.23444312585e-06	1	glycoporin
7.23444312585e-06	1	putative secreted glycosyl hydrolase
7.23444312585e-06	1	putative nucleotide sugar epimerase/dehydratase
7.23444312585e-06	1	CxxxxCH/CxxCH domain-containing protein, partial
7.23444312585e-06	1	cadmium-induced protein CadI
7.23444312585e-06	1	MULTISPECIES: putative Lysozyme-like protein
7.23444312585e-06	1	resiniferatoxin-binding phosphotriesterase-related protein
7.23444312585e-06	1	MULTISPECIES: poly(3-hydroxybutyrate) depolymerase
7.23444312585e-06	1	putative peptidoglycan peptidase
7.23444312585e-06	1	2,3-dihydroxyphenylpropionate/2,3-dihydroxicinnamic acid 1,2-dioxygenase 1
7.23444312585e-06	1	alkaline protease secretion protein AprE
7.23444312585e-06	1	bifunctional 3-deoxy-7-phosphoheptulonate synthase/chorismate mutase
7.23444312585e-06	1	MULTISPECIES: Rieske iron-sulfur protein
7.23444312585e-06	1	MULTISPECIES: ATP-dependent exonuclease V subunit beta
7.23444312585e-06	1	IDEAL domain-containing protein
7.23444312585e-06	1	bifunctional 3-deoxy-7-phosphoheptulonate synthase/chorismate mutase (fragment)
7.23444312585e-06	1	PKR inhibitor (translation regulation)
7.23444312585e-06	1	IS3 family transposase ISAeme6
7.23444312585e-06	1	aerotolerance-like protein BatE
7.23444312585e-06	1	MULTISPECIES: methionine ABC transporter ATPase
7.23444312585e-06	1	potassium transporter Kef, partial
7.23444312585e-06	1	group 1 family glycosyltransferase
7.23444312585e-06	1	sporulation sigma factor SigG
7.23444312585e-06	1	DUF2452 domain-containing protein, partial
7.23444312585e-06	1	aerotolerance regulator BatE
7.23444312585e-06	1	regulator of stationary/sporulation gene expression
7.23444312585e-06	1	MULTISPECIES: energy-coupling factor transporter ATPase
7.23444312585e-06	1	histone deacetylase family protein, partial
7.23444312585e-06	1	phytase esterase-like protein
7.23444312585e-06	1	MULTISPECIES: GTPase activator
7.23444312585e-06	1	RNase J family beta-CASP ribonuclease, partial
7.23444312585e-06	1	V-type H(+)-translocating pyrophosphatase
7.23444312585e-06	1	IS3 family transposase ISYpe1
7.23444312585e-06	1	recQ
7.23444312585e-06	1	asparagine ligase A
7.23444312585e-06	1	MULTISPECIES: cell division protein MraZ
7.23444312585e-06	1	MULTISPECIES: fatty acid hydrolase
7.23444312585e-06	1	chemotaxis sensory transducer, partial
7.23444312585e-06	1	SWIM zinc finger domain-containing protein
7.23444312585e-06	1	GMC oxidoreductase, partial
7.23444312585e-06	1	tautomerase enzyme
7.23444312585e-06	1	filamentous hemagglutinin family protein
7.23444312585e-06	1	MULTISPECIES: 2-oxoglutarate-dependent dioxygenase
7.23444312585e-06	1	MULTISPECIES: lipopolysaccharide ABC transporter permease LptG
7.23444312585e-06	1	MULTISPECIES: salicylaldehyde dehydrogenase (modular protein)
7.23444312585e-06	1	SapC protein
7.23444312585e-06	1	sporulation protein YkwD
7.23444312585e-06	1	Mn2+ and Fe2+ transporter
7.23444312585e-06	1	MULTISPECIES: DotU family type IV/VI secretion system protein
7.23444312585e-06	1	membrane-bound transglycosylase
7.23444312585e-06	1	glycoside hydrolase, family 15
7.23444312585e-06	1	fibrinogen-binding protein
7.23444312585e-06	1	phage/plasmid-related protein
7.23444312585e-06	1	Tellurium resistance
7.23444312585e-06	1	competence protein ComGC
7.23444312585e-06	1	S-fimbrial protein subunit SfaG
7.23444312585e-06	1	MULTISPECIES: curli assembly protein CsgG
7.23444312585e-06	1	chemoreceptor of MCP family protein, partial
7.23444312585e-06	1	organic solvents resistance ABC transporter ATPase
7.23444312585e-06	1	MULTISPECIES: hemolysin erythrocyte lysis protein
7.23444312585e-06	1	2,5-diamino-6-(ribosylamino)-4(3H)-pyrimidinone 5'-phosphate reductase
7.23444312585e-06	1	sulfocyanin
7.23444312585e-06	1	MULTISPECIES: DUF705 domain-containing protein
7.23444312585e-06	1	MULTISPECIES: beta-(1-->2)glucan export ATP-binding/permease NdvA
7.23444312585e-06	1	MULTISPECIES: DUF3096 domain-containing protein
7.23444312585e-06	1	MULTISPECIES: antimicrobial peptide ABC transporter permease SapB
7.23444312585e-06	1	MULTISPECIES: arsenic-transporting ATPase
7.23444312585e-06	1	MULTISPECIES: OmpA/MotB
7.23444312585e-06	1	MULTISPECIES: IS481 family transposase ISAisp3
7.23444312585e-06	1	MULTISPECIES: DUF4202 domain-containing protein
7.23444312585e-06	1	chaperone of endosialidase
7.23444312585e-06	1	putative phage-related protein (ABC-type polar amino acid transport system, ATPase component)
7.23444312585e-06	1	MULTISPECIES: purine phosphorylase
7.23444312585e-06	1	ATP-binding of ABC transporter SrpK domain protein
7.23444312585e-06	1	ribose-phosphate pyrophosphokinase PrsA
7.23444312585e-06	1	geranylgeranyl hydrogenase
7.23444312585e-06	1	sugar transferase, PEP-CTERM system associated
7.23444312585e-06	1	MULTISPECIES: PsiE family protein
7.23444312585e-06	1	MULTISPECIES: nitrate/sulfonate/bicarbonate ABC transporter
7.23444312585e-06	1	MULTISPECIES: DUF1048 domain-containing protein
7.23444312585e-06	1	PTS N,N'-diacetylchitobiose transporter subunit IIC
7.23444312585e-06	1	MULTISPECIES: cyclic beta 1-2 glucan synthetase
7.23444312585e-06	1	DUF4177 domain-containing protein, partial
7.23444312585e-06	1	nif-specific transcriptional activator NifA, partial
7.23444312585e-06	1	MULTISPECIES: SdiA-regulated
7.23444312585e-06	1	NHLP leader peptide family natural product precursor
7.23444312585e-06	1	MULTISPECIES: cell division protein YceG
7.23444312585e-06	1	TniR protein
7.23444312585e-06	1	MULTISPECIES: guanylyltransferase
7.23444312585e-06	1	putative haemagluttinin family protein
7.23444312585e-06	1	flagellar protein FlaD
7.23444312585e-06	1	transcriptional regulator Ada / DNA-O6-methylguanine--protein-cysteine
7.23444312585e-06	1	Peptidase S8 and S53, subtilisin, kexin, sedolisin domain protein
7.23444312585e-06	1	SrfC
7.23444312585e-06	1	IS1595 family transposase ISNwi4
7.23444312585e-06	1	IS66 family transposase IS883
7.23444312585e-06	1	Bifunctional purine biosynthesis protein purH (Includes: Phosphoribosylaminoimidazolecarboxamide formyltransferase; IMP cyclohydrolase) (fragment)
7.23444312585e-06	1	phosphoribosylformylglycinamidine synthase 1
7.23444312585e-06	1	radical SAM enzyme, Cfr family
7.23444312585e-06	1	cobalt-precorrin-6A synthase, partial
7.23444312585e-06	1	CHASE3 domain family
7.23444312585e-06	1	MULTISPECIES: dipicolinate synthase subunit B
7.23444312585e-06	1	beta-lactamase induction signal transducer
7.23444312585e-06	1	import component protein
7.23444312585e-06	1	putative sensory box protein
7.23444312585e-06	1	ADP-ribose pyrophosphatase, partial
7.23444312585e-06	1	MULTISPECIES: TIGR03663 family protein
7.23444312585e-06	1	molybdopterin-guanine dinucleotide biosynthesis adapter protein/molybdopterin molybdenumtransferase
7.23444312585e-06	1	photosystem I chlorophyll a apoprotein A1
7.23444312585e-06	1	MULTISPECIES: potassium transporter KtrA
7.23444312585e-06	1	phosphate-Selective Porin O And P
7.23444312585e-06	1	cobaltochelatase CobS
7.23444312585e-06	1	type III effector protein, HopAC1 family
7.23444312585e-06	1	cytochrome c oxidase assembly transmembrane protein
7.23444312585e-06	1	cytosine deaminase-like protein
7.23444312585e-06	1	exonuclease V
7.23444312585e-06	1	pseudopilin
7.23444312585e-06	1	UDP-sugar hydrolase
7.23444312585e-06	1	glutamate 2,3-aminomutase
7.23444312585e-06	1	DinI family protein
7.23444312585e-06	1	cag pathogenicity island protein
7.23444312585e-06	1	non ribosomal peptide synthase
7.23444312585e-06	1	phosphate kinase
7.23444312585e-06	1	iron-sulfur protein, partial
7.23444312585e-06	1	trimethylamine N-oxide (TMAO) reductase I,catalytic subunit
7.23444312585e-06	1	putative ion transport protein
7.23444312585e-06	1	molecular chaperone, partial
7.23444312585e-06	1	MULTISPECIES: IS66 family transposase ISPpa5
7.23444312585e-06	1	DUF4573 domain-containing protein
7.23444312585e-06	1	3-phenylpropionate dioxygenase ferredoxin subunit
7.23444312585e-06	1	CCA-adding protein
7.23444312585e-06	1	DUF2393 domain-containing protein
7.23444312585e-06	1	chlorophyll synthesis pathway protein BchC, partial
7.23444312585e-06	1	MULTISPECIES: nitrogenase reductase
7.23444312585e-06	1	trimethylamine dehydrogenase Tmd
7.23444312585e-06	1	phage head-tail adaptor protein
7.23444312585e-06	1	primosome subunit DnaD
7.23444312585e-06	1	alpha/beta hydrolase fold-containing protein
7.23444312585e-06	1	TerB
7.23444312585e-06	1	stability cassette protein
7.23444312585e-06	1	dissimilatory sulfite reductase-asociated protein DsvD
7.23444312585e-06	1	MULTISPECIES: Fe2+-enterobactin ABC transporter substrate-binding protein
7.23444312585e-06	1	Glucose dehydrogenase, PQQ-dependent
7.23444312585e-06	1	2',3'-cyclic-nucleotide 2'-phosphodiesterase, partial
7.23444312585e-06	1	cysteine synthase A, partial
7.23444312585e-06	1	DUF3549 domain-containing protein
7.23444312585e-06	1	DUF624 domain-containing protein
7.23444312585e-06	1	chemotaxis protein CheW, partial
7.23444312585e-06	1	ISKra4 family transposase ISKra4
7.23444312585e-06	1	MULTISPECIES: malonate decarboxylase subunit epsilon
7.23444312585e-06	1	hydrogenase expression/formation protein, partial
7.23444312585e-06	1	substrate-CoA ligase
7.23444312585e-06	1	protein Esterase YbfF
7.23444312585e-06	1	MULTISPECIES: methionine biosynthesis protein
7.23444312585e-06	1	diacylglycerol acyltransferase
7.23444312585e-06	1	MULTISPECIES: citrate/2-methylcitrate synthase
7.23444312585e-06	1	IS701 family transposase ISPna6
7.23444312585e-06	1	phosphoacceptor domain-containing protein
7.23444312585e-06	1	biotin synthesis protein BioC
7.23444312585e-06	1	Putative sodium/proton antiporter
7.23444312585e-06	1	DUF4313 domain-containing protein
7.23444312585e-06	1	MULTISPECIES: UvrABC system protein C
7.23444312585e-06	1	MULTISPECIES: UvrABC system protein B
7.23444312585e-06	1	RNA polymerase II transcription initiation/nucleotide excision repair factor TFIIH, subunit SSL1
7.23444312585e-06	1	TRP domain-containing protein BatE
7.23444312585e-06	1	dimethylsulfoxide reductase, chain B, partial
7.23444312585e-06	1	bifunctional enzyme
7.23444312585e-06	1	GTPase, partial
7.23444312585e-06	1	MULTISPECIES: cell envelope integrity protein TolA
7.23444312585e-06	1	vitamin B12-dependent ribonucleotide reductase, partial
7.23444312585e-06	1	SurA protein
7.23444312585e-06	1	aspartate 1-decarboxylase autocleavage activator PanM
7.23444312585e-06	1	DUF3019 domain-containing protein
7.23444312585e-06	1	50S ribosomal protein L21, partial
7.23444312585e-06	1	transcriptional repressor SmtB
7.23444312585e-06	1	aldehyde oxidase/xanthine dehydrogenase large subunit
7.23444312585e-06	1	Tissue inhibitor of metalloproteinase
7.23444312585e-06	1	Type I restriction-modification system, restriction subunit R
7.23444312585e-06	1	C14 family peptidase
7.23444312585e-06	1	ABC transporter region:ABC transporter
7.23444312585e-06	1	dienelactone hydrolase-related protein
7.23444312585e-06	1	MULTISPECIES: alpha-N-acetylgalactosaminidase
7.23444312585e-06	1	IS110 family transposase ISPa29
7.23444312585e-06	1	3-phytase Alkaline phosphatase
7.23444312585e-06	1	DNA-binding protein YbiB, partial
7.23444312585e-06	1	catalase HPII, partial
7.23444312585e-06	1	type II restriction-modification system restriction/helicase subunit
7.23444312585e-06	1	PAS:CheB methylesterase:MCP methyltransferase
7.23444312585e-06	1	WcbD protein
7.23444312585e-06	1	MULTISPECIES: transcriptional activator protein BjaR1
7.23444312585e-06	1	circularly permuted ATPgrasp domain protein
7.23444312585e-06	1	multiple promoter invertase
7.23444312585e-06	1	cAMP phosphodiesterase
7.23444312585e-06	1	saccharopine dehydrogenase-like protein
7.23444312585e-06	1	cell division topological specificity factor MinE, partial
7.23444312585e-06	1	pyroglutamyl peptidase
7.23444312585e-06	1	sucrose-phosphate phosphatase subfamily protein
7.23444312585e-06	1	Putative sarcosine oxidase gamma subunit protein (SoxG)
7.23444312585e-06	1	MULTISPECIES: selenoprotein O and cysteine-containing protein
7.23444312585e-06	1	electron transport complex, RnfABCDGE type, D subunit
7.23444312585e-06	1	NAD-binding domain 4
7.23444312585e-06	1	GMP reductase, partial
7.23444312585e-06	1	heparan sulfate glucosamine 3-O-sulfotransferase
7.23444312585e-06	1	MULTISPECIES: achromobactin-binding protein
7.23444312585e-06	1	Tfp pilus assembly protein, partial
7.23444312585e-06	1	Ech hydrogenase subunit EchB
7.23444312585e-06	1	MULTISPECIES: subtilase
7.23444312585e-06	1	monoamine oxidase, partial
7.23444312585e-06	1	IS630 family transposase ISRel6
7.23444312585e-06	1	MULTISPECIES: bacteriophage lambda NinG family protein
7.23444312585e-06	1	peptidase M3, partial
7.23444312585e-06	1	IS3 family transposase ISPsy31
7.23444312585e-06	1	NhaD family sodium:proton (Na+:H+) antiporter, partial
7.23444312585e-06	1	terpene utilization protein AtuA
7.23444312585e-06	1	Pathogenesis-related protein 1b precursor
7.23444312585e-06	1	peptide ABC transporter ATP-binding protein, partial
7.23444312585e-06	1	MULTISPECIES: tyrosine recombinase XerD
7.23444312585e-06	1	DUF1027 domain-containing protein
7.23444312585e-06	1	ABC-type Fe3+ transport system, periplasmic component
7.23444312585e-06	1	SCP-like extracellular-like protein
7.23444312585e-06	1	urea amidolyase-like protein
7.23444312585e-06	1	DNA-binding protein H-NS
7.23444312585e-06	1	dimethyl sulfoxide reductase DmsA
7.23444312585e-06	1	glutamine ABC transporter ATP-binding protein, partial
7.23444312585e-06	1	MULTISPECIES: DUF4174 domain-containing protein
7.23444312585e-06	1	3'-nucleotidase
7.23444312585e-06	1	type VII secretion-associated serine protease
7.23444312585e-06	1	mucoidy inhibitor-like protein
7.23444312585e-06	1	suppresses groEL, may be chaperone
7.23444312585e-06	1	ABC transporter, ATPase component
7.23444312585e-06	1	peptidyl prolyl 4-hydroxylase subunit alpha
7.23444312585e-06	1	HEAT-like repeat protein
7.23444312585e-06	1	lactose/L-arabinose transport system substrate-binding protein
7.23444312585e-06	1	MULTISPECIES: NAD(P)H:quinone oxidoreductase type IV
7.23444312585e-06	1	alginate regulatory protein AlgP
7.23444312585e-06	1	potassium transporter KefG
7.23444312585e-06	1	molybdopterin-dependent oxidoreductase alpha subunit
7.23444312585e-06	1	RNA polymerase sigma factor SigZ
7.23444312585e-06	1	MULTISPECIES: amino acid adenylation
7.23444312585e-06	1	putative polyamine ABC-transporter integral membrane protein
7.23444312585e-06	1	type I-PGING CRISPR-associated protein Cas7/Csp1
7.23444312585e-06	1	ribose ABC transporter ribose-binding protein
7.23444312585e-06	1	succinylglutamate desuccinylase / Aspartoacylase family
7.23444312585e-06	1	molybdenum cofactor biosynthesis protein A
7.23444312585e-06	1	IS1595 family transposase ISNha5
7.23444312585e-06	1	sodium/glucose cotransporter AltName: Full=Na+/glucose symporter
7.23444312585e-06	1	MULTISPECIES: flagellin, partial
7.23444312585e-06	1	competence protein ComM, partial
7.23444312585e-06	1	MULTISPECIES: PTS sorbitol transporter subunit IIB
7.23444312585e-06	1	Triacylglycerol lipase
7.23444312585e-06	1	GumB protein
7.23444312585e-06	1	VacJ-like lipoprotein
7.23444312585e-06	1	arginine decarboxylase, partial
7.23444312585e-06	1	rRNA maturation RNase YbeY, partial
7.23444312585e-06	1	ATP-dependent helicase HEPA
7.23444312585e-06	1	secreted lipase
7.23444312585e-06	1	twitching motility protein, partial
7.23444312585e-06	1	MULTISPECIES: CAU/MBL1b family subclass B3 metallo-beta-lactamase
7.23444312585e-06	1	MULTISPECIES: conjugal transfer protein TraA, partial
7.23444312585e-06	1	cytosine deaminase-like metal-dependent hydrolase
7.23444312585e-06	1	biotin-lipoyl-like domain protein
7.23444312585e-06	1	L-cystine-binding protein TcyA
7.23444312585e-06	1	MULTISPECIES: thiamin pyrophosphokinase
7.23444312585e-06	1	family 8 glycosyl transferase, partial
7.23444312585e-06	1	capsular polysaccharide synthesis protein CapE
7.23444312585e-06	1	MULTISPECIES: multidrug transporter subunit MdtN
7.23444312585e-06	1	RNA polymerase sigma-70 ECF-like protein
7.23444312585e-06	1	Rnase II inhibitor
7.23444312585e-06	1	recombinase family
7.23444312585e-06	1	NADH subunit 5, partial
7.23444312585e-06	1	replicative DNA helicase-like protein
7.23444312585e-06	1	bacillithiol biosynthesis deacetylase BshB2
7.23444312585e-06	1	MULTISPECIES: EtfB protein
7.23444312585e-06	1	protein of unknown function DUF1524 RloF
7.23444312585e-06	1	thioredoxin, putative
7.23444312585e-06	1	Ogr/Delta-like zinc finger
7.23444312585e-06	1	Large exoprotein involved in heme utilization or adhesion, partial
7.23444312585e-06	1	conjugal transfer coupling protein TraG
7.23444312585e-06	1	MULTISPECIES: microcystin LR degradation protein MlrC
7.23444312585e-06	1	MULTISPECIES: DNA-binding transcriptional repressor AcrR
7.23444312585e-06	1	MULTISPECIES: putative selenoprotein
7.23444312585e-06	1	ISKra4 family transposase ISLdr1
7.23444312585e-06	1	macromolecule metabolism protein
7.23444312585e-06	1	conjugal transfer ATPase TrbE
7.23444312585e-06	1	alpha-ketoglutarate-dependent dioxygenase
7.23444312585e-06	1	gonadoliberin III-like protein
7.23444312585e-06	1	glyxoylase
7.23444312585e-06	1	putative phosphotransferase
7.23444312585e-06	1	Parallel beta-helix repeat protein
7.23444312585e-06	1	MULTISPECIES: acid phosphatase AphA
7.23444312585e-06	1	acyl-homoserine lactone acylase PvdQ
7.23444312585e-06	1	sulfoxide reductase heme-binding subunit YedZ, partial
7.23444312585e-06	1	Phytanoyl-CoA dioxygenase (PhyH)
7.23444312585e-06	1	ribose ABC transporter substrate-binding protein RbsB
7.23444312585e-06	1	NirV
7.23444312585e-06	1	putative adenylyltransferase/sulfurtransferase MoeZ
7.23444312585e-06	1	MULTISPECIES: MFS transporter family glucose-6-phosphate receptor UhpC
7.23444312585e-06	1	ribonuclease T(2), partial
7.23444312585e-06	1	polynucleotide kinase, partial
7.23444312585e-06	1	2-acyl-glycerophospho-ethanolamine acyltransferase, partial
7.23444312585e-06	1	MULTISPECIES: 2,3-dehydroadipyl-CoA hydratase
7.23444312585e-06	1	MULTISPECIES: L-Ala-D/L-Glu epimerase
7.23444312585e-06	1	MULTISPECIES: magnesium-protoporphyrin IX monomethyl ester anaerobic oxidative cyclase
7.23444312585e-06	1	ATP dependent RNA or DNA helicase
7.23444312585e-06	1	BCR, YceG family
7.23444312585e-06	1	DUF2760 domain-containing protein, partial
7.23444312585e-06	1	trifunctional UDP-D-GlcNAc 4,6-dehydratase/5-epimerase/3-epimerase WbjB
7.23444312585e-06	1	MULTISPECIES: 3-deoxy-manno-octulosonate-8-phosphatase
7.23444312585e-06	1	MULTISPECIES: transcriptional activator PmfR
7.23444312585e-06	1	phosphoesterase ICC
7.23444312585e-06	1	nmra family protein
7.23444312585e-06	1	carboxypeptidase regulatory-like domain-containing protein, partial
7.23444312585e-06	1	MULTISPECIES: saccharopine dehydrogenase-like oxidoreductase
7.23444312585e-06	1	glutamine synthetase adenylyltransferase
7.23444312585e-06	1	six-cysteine peptide SCIFF, partial
7.23444312585e-06	1	TonB family domain protein
7.23444312585e-06	1	Putative methyl-accepting chemotaxis protein (MCP) with multiple PAS domains
7.23444312585e-06	1	invasion protein expression up-regulator SirB
7.23444312585e-06	1	putative uroporphyrinogen decarboxylase
7.23444312585e-06	1	His/Glu/Gln/Arg/opine family amino ABC transporter, permease, 3-TM region
7.23444312585e-06	1	flagellin modification protein PseA
7.23444312585e-06	1	MULTISPECIES: pyridoxal phosphatase
7.23444312585e-06	1	MULTISPECIES: polymyxin resistance protein ArnT
7.23444312585e-06	1	acetyltransferase (cell wall biosynthesis)
7.23444312585e-06	1	plasmid partitioning protein ParA
7.23444312585e-06	1	Flp pilus assembly protein, secretin CpaC
7.23444312585e-06	1	riboflavin-specific deaminase/GTP cyclohydrolase II
7.23444312585e-06	1	lysine methyltransferase
7.23444312585e-06	1	MULTISPECIES: cytochrome B562
7.23444312585e-06	1	DNA mismatch repair protein, C-terminal domain
7.23444312585e-06	1	methyl viologen-reducing hydrogenase
7.23444312585e-06	1	glucosyl transferase family 2
7.23444312585e-06	1	ShlA/HecA/FhaA protein
7.23444312585e-06	1	MULTISPECIES: carboxylesterase NlhH
7.23444312585e-06	1	MULTISPECIES: peptidase C14, caspase catalytic subunit p20
7.23444312585e-06	1	MULTISPECIES: outer membrane autotransporter barrel
7.23444312585e-06	1	DUF4921 domain-containing protein
7.23444312585e-06	1	trp RNA-binding attenuation protein MtrB
7.23444312585e-06	1	type III restriction-modification system methylase
7.23444312585e-06	1	HypX (modular protein)
7.23444312585e-06	1	localization factor PodJL
7.23444312585e-06	1	XdhC protein (assists in molybdopterin insertion into xanthine dehydrogenase)
7.23444312585e-06	1	proton-translocating NAD(P)H-quinone oxidoreductase subunit M
7.23444312585e-06	1	response receiver sensor diguanylate cyclase/phosphodiesterase, PAS domain-containing
7.23444312585e-06	1	Pup-ligase
7.23444312585e-06	1	chorismate mutase prephenate dehydratase
7.23444312585e-06	1	MULTISPECIES: twin-arginine translocation (TAT) pathway signal sequence domain protein
7.23444312585e-06	1	CRISPR-associated protein (Cas_Cmr3)
7.23444312585e-06	1	rlgA1 gene product
7.23444312585e-06	1	rhamnogalacturonate lyase
7.23444312585e-06	1	MULTISPECIES: mercury(II) reductase
7.23444312585e-06	1	DNA helicase II/ATP-dependent DNA helicase PcrA
7.23444312585e-06	1	cobalamin-dependent methionine synthase I
7.23444312585e-06	1	amino acid oxidoreductase
7.23444312585e-06	1	cytoplasm protein
7.23444312585e-06	1	MULTISPECIES: chitobiase
7.23444312585e-06	1	secreted protein containing Peptidase M28 domain protein
7.23444312585e-06	1	periplasmic solute-binding family protein
7.23444312585e-06	1	MULTISPECIES: phosphonate metabolism protein PhnM
7.23444312585e-06	1	glucosamine-1-phosphate N-acetyltransferase
7.23444312585e-06	1	putative Phage integrase family protein
7.23444312585e-06	1	MULTISPECIES: Tn3 family resolvase
7.23444312585e-06	1	SCP/PR1 domain-containing proteins
7.23444312585e-06	1	nucleoside:H symporter
7.23444312585e-06	1	MULTISPECIES: glyoxalase/bleomycin resistance protein/dioxygenase
7.23444312585e-06	1	oxidoreductase FAD-dependent family protein
7.23444312585e-06	1	Organic hydroperoxide resistance protein ohrA
7.23444312585e-06	1	bifunctional DNA primase/polymerase famiily protein,HTH domain-containing protein
7.23444312585e-06	1	aminoacyl carrier protein
7.23444312585e-06	1	damage-inducible mutagenesis protein
7.23444312585e-06	1	type IIG restriction enzyme/N6-adenine DNA methyltransferase of unknown recognition sequence
7.23444312585e-06	1	magnesium-dependent phosphatase-1
7.23444312585e-06	1	DUF151 domain-containing protein
7.23444312585e-06	1	MULTISPECIES: pyocin R, lytic enzyme
7.23444312585e-06	1	addiction module component, TIGR02574 family
7.23444312585e-06	1	type II secretion pathway component PulK-like protein, partial
7.23444312585e-06	1	sodium solute transporter superfamily protein
7.23444312585e-06	1	periplasmic solute-binding protein-like protein
7.23444312585e-06	1	3-deoxy-D-manno-octulosonic-acid transferase (KDO transferase)
7.23444312585e-06	1	RND Superfamily transporter
7.23444312585e-06	1	FdrA
7.23444312585e-06	1	dihydrodipicolinate reductase domain / dihydrodipicolinate reductase domain multi-domain protein
7.23444312585e-06	1	MULTISPECIES: acyl-CoA carboxylase subunit epsilon
7.23444312585e-06	1	MULTISPECIES: ATP-dependent RNA helicase SrmB
7.23444312585e-06	1	MULTISPECIES: P-type conjugative transfer protein TrbG
7.23444312585e-06	1	phage tail collar domain-containing protein
7.23444312585e-06	1	HpaII family restriction endonuclease, partial
7.23444312585e-06	1	type II restriction enzyme NspV-like protein
7.23444312585e-06	1	MULTISPECIES: phage major tail protein
7.23444312585e-06	1	TfuA-like core domain-containing protein
7.23444312585e-06	1	NADH dehydrogenase subunit H
7.23444312585e-06	1	GalU regulator GalF
7.23444312585e-06	1	ATP-dependent Clp protease proteolytic subunit 2
7.23444312585e-06	1	thiamine pyrophosphate enzyme-like tpp-binding
7.23444312585e-06	1	hydrogenase maturation protein, partial
7.23444312585e-06	1	MULTISPECIES: type II CRISPR-associated endonuclease Cas1
7.23444312585e-06	1	CoA transferase subunit beta
7.23444312585e-06	1	MULTISPECIES: glucosyltransferase
7.23444312585e-06	1	short-chain fatty acid transporter, partial
7.23444312585e-06	1	MULTISPECIES: rhizopine-binding ABC transporter
7.23444312585e-06	1	MULTISPECIES: ATP synthase F0 subunit B'
7.23444312585e-06	1	rRNA (guanine-N2-)-methyltransferase
7.23444312585e-06	1	UPF0261 family protein, partial
7.23444312585e-06	1	MULTISPECIES: aerotaxis receptor
7.23444312585e-06	1	L-arabinose isomerase protein
7.23444312585e-06	1	DUF4469 domain-containing protein
7.23444312585e-06	1	IS4 family transposase ISCARN35
7.23444312585e-06	1	MULTISPECIES: delta 4, 5-alpha steroid dehydrogenase
7.23444312585e-06	1	MULTISPECIES: GCN5-like N-acetyltransferase
7.23444312585e-06	1	MULTISPECIES: cytochrome C biogenesis protein CycK
7.23444312585e-06	1	cellulose-binding protein II
7.23444312585e-06	1	MULTISPECIES: SapC
7.23444312585e-06	1	MULTISPECIES: L-asparaginase II
7.23444312585e-06	1	MULTISPECIES: NAD(P) transhydrogenase alpha 2 subunit
7.23444312585e-06	1	glucose kinase
7.23444312585e-06	1	ATP-dependent OLD family endonuclease, partial
7.23444312585e-06	1	putative TRAP C4-dicarboxylate transport system, DctQ subunit (small permease component)
7.23444312585e-06	1	beta-glucosidase family protein
7.23444312585e-06	1	vanillate O-demethylase oxygenase chain A
7.23444312585e-06	1	integrin alpha beta-propellor repeat-containing protein
7.23444312585e-06	1	protein transporter
7.23444312585e-06	1	MULTISPECIES: Clp protease ClpX
7.23444312585e-06	1	putative integrin, alpha subunit
7.23444312585e-06	1	DUF2612 domain-containing protein, partial
7.23444312585e-06	1	Sugar kinases, ribokinase family
7.23444312585e-06	1	thiamine-phosphate phosphorylase
7.23444312585e-06	1	malic enzyme, NAD-binding domain protein
7.23444312585e-06	1	MULTISPECIES: secreted protein, partial
7.23444312585e-06	1	Cof protein
7.23444312585e-06	1	oligopeptide-binding protein precursor
7.23444312585e-06	1	branched-chain-amino-acid aminotransferase IlvE
7.23444312585e-06	1	cytochrome bc complex cytochrome b subunit, partial
7.23444312585e-06	1	putative protein SanA
7.23444312585e-06	1	MULTISPECIES: regulatory protein GemA
7.23444312585e-06	1	DNA/RNA helicase, superfamily II protein
7.23444312585e-06	1	Magnesium-dependent phosphatase 1
7.23444312585e-06	1	ubiquinol--cytochrome c reductase cytochrome c1
7.23444312585e-06	1	translocator
7.23444312585e-06	1	putative cytochrome c, partial
7.23444312585e-06	1	phage repressor protein CI
7.23444312585e-06	1	GUN4 domain protein
7.23444312585e-06	1	multidrug efflux RND transporter permease subunit, partial
7.23444312585e-06	1	MULTISPECIES: D-amino-acid transaminase
7.23444312585e-06	1	curli production assembly/transport component csgg
7.23444312585e-06	1	VCBS, partial
7.23444312585e-06	1	MULTISPECIES: 5-carboxymethyl-2-hydroxymuconate Delta-isomerase
7.23444312585e-06	1	ATP/GTP-binding motif-containing protein
7.23444312585e-06	1	protein kinase HipA
7.23444312585e-06	1	sec-independent translocation protein MttA
7.23444312585e-06	1	subclass B3 metallo-beta-lactamase LRA-9
7.23444312585e-06	1	subclass B3 metallo-beta-lactamase LRA-3
7.23444312585e-06	1	indolepyruvate oxidoreductase, partial
7.23444312585e-06	1	MULTISPECIES: DUF4892 domain-containing protein
7.23444312585e-06	1	Tyrosine-protein kinase wzc
7.23444312585e-06	1	Lsg locus protein 4
7.23444312585e-06	1	2-hydroxy-6-oxohepta-2,4-dienoate hydrolase
7.23444312585e-06	1	MULTISPECIES: flagellar hook protein
7.23444312585e-06	1	IS110 family transposase ISGsu5
7.23444312585e-06	1	MULTISPECIES: cytotoxin
7.23444312585e-06	1	oxygen-regulated invasion protein OrgB
7.23444312585e-06	1	DNA-binding response regulator, AraC family
7.23444312585e-06	1	putative serine protease
7.23444312585e-06	1	5'-nucleotidase, partial
7.23444312585e-06	1	DUF1254 domain-containing protein, partial
7.23444312585e-06	1	molybdopterin binding aldehyde oxidase and xanthine dehydrogenase protein
7.23444312585e-06	1	TIGR04013 family B12-binding domain/radical SAM domain-containing protein
7.23444312585e-06	1	MULTISPECIES: precorrin-4 C(11)-methyltransferase
7.23444312585e-06	1	IS5 family transposase ISBvi8
7.23444312585e-06	1	DNA polymerase from bacteriophage origin
7.23444312585e-06	1	cytochrome C and Quinol oxidase polypeptide I family protein
7.23444312585e-06	1	rRNA large subunit methyltransferase I, partial
7.23444312585e-06	1	beta-glucosidase/6-phospho-beta-glucosidase/beta-galactosidase
7.23444312585e-06	1	pyridoxine 5'-phosphate oxidase
7.23444312585e-06	1	tonb-dependent receptor signal peptide protein
7.23444312585e-06	1	short-chain alcohol dehydrogenase like protein
7.23444312585e-06	1	phosphoglycerate mutase 1
7.23444312585e-06	1	type II secretion system pseudopilin TklG
7.23444312585e-06	1	zinc-dependent NADPH:quinone oxidoreductase
7.23444312585e-06	1	putative large multifunctional secreted protein
7.23444312585e-06	1	5-methylcytosine-specific restriction protein B
7.23444312585e-06	1	phenylacetyl-CoA:acceptor oxidoreductase
7.23444312585e-06	1	IS66 family transposase ISSal1
7.23444312585e-06	1	nhl repeat containing protein
7.23444312585e-06	1	DUF1730 domain-containing protein, partial
7.23444312585e-06	1	MULTISPECIES: peptidase A2
7.23444312585e-06	1	MULTISPECIES: type IV secretory pathway, VirB3-like protein
7.23444312585e-06	1	protein of unknown function DUF187
7.23444312585e-06	1	protein of unknown function DUF182
7.23444312585e-06	1	copper-resistance membrane protein
7.23444312585e-06	1	cAMP/cGMP-dependent 3',5'-cyclic-AMP/GMP phosphodiesterase, partial
7.23444312585e-06	1	type II and III secretion protein
7.23444312585e-06	1	subtilisin carlsberg precursor
7.23444312585e-06	1	DNA polymerase III, gamma/tau subunit
7.23444312585e-06	1	DNA adenine methylase (dam)
7.23444312585e-06	1	DUF1790 domain-containing protein
7.23444312585e-06	1	MULTISPECIES: fatty-acyl-CoA synthase
7.23444312585e-06	1	uptake
7.23444312585e-06	1	MULTISPECIES: putative stage V sporulation protein K
7.23444312585e-06	1	helicase (Snf2/Rad54 family)
7.23444312585e-06	1	exodeoxyribonuclease 7 large subunit
7.23444312585e-06	1	oxidoreductase, molybdopterin-binding protein, partial
7.23444312585e-06	1	MULTISPECIES: 3-hydroxypropionyl-CoA dehydratase
7.23444312585e-06	1	OmdA domain containing protein
7.23444312585e-06	1	Fe-regulated protein B
7.23444312585e-06	1	DNA-binding transcriptional activator FeaR
7.23444312585e-06	1	secernin-2
7.23444312585e-06	1	ribonuclease D Rnd
7.23444312585e-06	1	MULTISPECIES: transketolase, partial
7.23444312585e-06	1	nucleic-acid-binding protein
7.23444312585e-06	1	sensor protein lytS
7.23444312585e-06	1	MULTISPECIES: thiaminase II
7.23444312585e-06	1	MULTISPECIES: preprotein translocase subunit TatC
7.23444312585e-06	1	PTS mannose transporter subunit IIABC
7.23444312585e-06	1	short chain dehydrogenase family protein
7.23444312585e-06	1	MULTISPECIES: Tat (twin-arginine translocation) pathway signal sequence containing protein
7.23444312585e-06	1	glyoxylate reductase GyaR
7.23444312585e-06	1	MULTISPECIES: 2-hydroxy-acid oxidase, partial
7.23444312585e-06	1	MULTISPECIES: polysaccharide chain length modulation protein
7.23444312585e-06	1	zeaxanthin epoxidase
7.23444312585e-06	1	MULTISPECIES: signal-transduction and transcriptional-control protein
7.23444312585e-06	1	restriction endonuclease EcoRV
7.23444312585e-06	1	MULTISPECIES: UDP-GlcNAc--UDP-phosphate GlcNAc-1-phosphate transferase
7.23444312585e-06	1	glucosamine/galactosamine-6-phosphate isomerase
7.23444312585e-06	1	cyclic nucleotide-binding domain (cNMP-BD) protein, partial
7.23444312585e-06	1	Transcriptional regulator, AraC family with methyltransferase activity
7.23444312585e-06	1	tartrate transporter
7.23444312585e-06	1	transmembrane type II secretion protein
7.23444312585e-06	1	TRAP transporter 4TM/12TM fusion protein
7.23444312585e-06	1	MULTISPECIES: group 1 truncated hemoglobin
7.23444312585e-06	1	DUF4974 domain-containing protein
7.23444312585e-06	1	4-deoxy-4-formamido-L-arabinose-phosphoundecaprenol deformylase ArnD
7.23444312585e-06	1	TrkA protein
7.23444312585e-06	1	MULTISPECIES: FAD-dependent pyridine nucleotide-disulfide oxidoreductase
7.23444312585e-06	1	sodium/potassium-transporting ATPase, alpha subunit
7.23444312585e-06	1	MULTISPECIES: malonate decarboxylase holo
7.23444312585e-06	1	type I restriction-modification system, specificity subunit S HsdS
7.23444312585e-06	1	MULTISPECIES: sporulation protein Cse60
7.23444312585e-06	1	poly(ADP-ribose) polymerase-like protein
7.23444312585e-06	1	MULTISPECIES: cyclic pyranopterin monophosphate synthase MoaC, partial
7.23444312585e-06	1	MULTISPECIES: cytochrome b/b6
7.23444312585e-06	1	glycoside hydrolase 68 family protein, partial
7.23444312585e-06	1	site-specific recombinase, phage integrase family
7.23444312585e-06	1	calcium binding hemolysin protein
7.23444312585e-06	1	TIGR02266 family protein
7.23444312585e-06	1	biotin biosynthesis protein BioY
7.23444312585e-06	1	anti-anti-sigma factor family protein
7.23444312585e-06	1	KGK domain protein
7.23444312585e-06	1	Ribulosamine/erythrulosamine 3-kinase
7.23444312585e-06	1	type VI secretion protein ImpA, partial
7.23444312585e-06	1	Bacteriophytochrome-like two-component sensor histidine kinase
7.23444312585e-06	1	choline-sulfatase, partial
7.23444312585e-06	1	putative hybrid sensor and regulator
7.23444312585e-06	1	monovalent cation/H+ antiporter subunit A, partial
7.23444312585e-06	1	MULTISPECIES: rod-binding-like protein
7.23444312585e-06	1	bifunctional sulfate adenylyltransferase/adenylyl-sulfate kinase
7.23444312585e-06	1	ring finger protein
7.23444312585e-06	1	ribonucleotide reductase, all-alpha domain protein
7.23444312585e-06	1	MULTISPECIES: DNA-directed RNA polymerase subunit delta
7.23444312585e-06	1	putative NLP/P60 protein
7.23444312585e-06	1	MULTISPECIES: fibronectin type III domain-containing protein
7.23444312585e-06	1	amino acid ABC transporter ATPase, partial
7.23444312585e-06	1	IS1 family transposase ISAcma40
7.23444312585e-06	1	expressed protein
7.23444312585e-06	1	Lipase 2
7.23444312585e-06	1	MULTISPECIES: toxin-antitoxin system, antitoxin component, Xre family
7.23444312585e-06	1	WaaG-like sugar transferase
7.23444312585e-06	1	IS110 family transposase ISCARN5
7.23444312585e-06	1	putative methyl-accepting chemotaxis protein
7.23444312585e-06	1	protein involved in formation of curli polymers
7.23444312585e-06	1	DUF88 domain-containing protein
7.23444312585e-06	1	HipA family protein
7.23444312585e-06	1	oxygen-binding heme protein
7.23444312585e-06	1	monosaccharide-binding protein
7.23444312585e-06	1	activator of osmoprotectant transporter
7.23444312585e-06	1	potassium uptake protein TrkH
7.23444312585e-06	1	polyol:NADP oxidoreductase
7.23444312585e-06	1	MULTISPECIES: transcriptional activator RhaS
7.23444312585e-06	1	MULTISPECIES: dipeptide ABC transporter permease DppB
7.23444312585e-06	1	putative sensory transduction histidine kinase
7.23444312585e-06	1	peptidase C13, legumain asparaginyl peptidase
7.23444312585e-06	1	GDXG family lipase
7.23444312585e-06	1	IS1595 family transposase ISAcde1
7.23444312585e-06	1	AppA/PpaA family photosynthesis gene regulator
7.23444312585e-06	1	bifunctional methylenetetrahydrofolate dehydrogenase/methenyltetrahydrofolate cyclohydrolase, partial
7.23444312585e-06	1	DNA-binding transcriptional activator
7.23444312585e-06	1	malate:quinone oxidoreductase, partial
7.23444312585e-06	1	putative beta-ketoacyl-acyl-carrier-protein reductase (fabG-like)
7.23444312585e-06	1	cell surface SD repeat-containing protein
7.23444312585e-06	1	MULTISPECIES: SinI family restriction endonuclease
7.23444312585e-06	1	NHLP family bacteriocin export ABC transporter peptidase/permease/ATPase subunit, partial
7.23444312585e-06	1	branched-chain alpha-keto acid dehydrogenase subunit
7.23444312585e-06	1	NADH pyrophosphatase, partial
7.23444312585e-06	1	Peptidase, metallopeptidase
7.23444312585e-06	1	GAF domain-containing protein, partial
7.23444312585e-06	1	DNA polymerase LigD, polymerase domain-containing protein
7.23444312585e-06	1	Posttranslational flagellin modification protein B
7.23444312585e-06	1	hemerythrin HHE cation binding region
7.23444312585e-06	1	MULTISPECIES: redox protein
7.23444312585e-06	1	phospholipase D related enzyme
7.23444312585e-06	1	KilA
7.23444312585e-06	1	fatty acid metabolism transcriptional regulator FadR, partial
7.23444312585e-06	1	tricorn protease (tri); signal peptide
7.23444312585e-06	1	MULTISPECIES: proteasome protein
7.23444312585e-06	1	SCP-like extracellular protein
7.23444312585e-06	1	comEA protein-related protein
7.23444312585e-06	1	MULTISPECIES: 2-hydroxyacyl-CoA dehydratase
7.23444312585e-06	1	Carbohydrate-selective porin, OprB family
7.23444312585e-06	1	flagellum biosynthesis repressor protein FlbT
7.23444312585e-06	1	MULTISPECIES: biotin--protein ligase
7.23444312585e-06	1	bifunctional diguanylate cyclase/metal dependent phosphohydrolase
7.23444312585e-06	1	MULTISPECIES: virion core protein (lumpy skin disease virus)
7.23444312585e-06	1	MULTISPECIES: Fe2+-dicitrate sensor protein
7.23444312585e-06	1	photosystem II reaction center protein Z
7.23444312585e-06	1	molybdenum-binding transcriptional regulator, ModE family protein
7.23444312585e-06	1	MULTISPECIES: periplasmic-binding domain protein
7.23444312585e-06	1	MULTISPECIES: DUF2612 domain-containing protein
7.23444312585e-06	1	FCD domain-containing protein, partial
7.23444312585e-06	1	IS1595 family transposase ISNtsp4
7.23444312585e-06	1	IS1595 family transposase ISNtsp6
7.23444312585e-06	1	N-acetylglutaminylglutamine amidotransferase, partial
7.23444312585e-06	1	nitrate/sulfonate/bicarbonate ABC transporter ATP-binding protein, partial
7.23444312585e-06	1	conjugative transfer protein TraA
7.23444312585e-06	1	manganese transporter MntH
7.23444312585e-06	1	fdrA domain protein
7.23444312585e-06	1	MULTISPECIES: NADH-flavin oxidoreductase/NADH oxidase
7.23444312585e-06	1	MULTISPECIES: proton-translocating NADH-quinone oxidoreductase chain M
7.23444312585e-06	1	disulfide bond formation protein DsbA, partial
7.23444312585e-06	1	AttH
7.23444312585e-06	1	MULTISPECIES: triphosphoribosyl-dephospho-CoA synthase MdcB
7.23444312585e-06	1	sulfonate-binding protein precursor
7.23444312585e-06	1	helicase-exonuclease AddAB, AddB subunit
7.23444312585e-06	1	polar localization protein TipN
7.23444312585e-06	1	FeS assembly protein SufBD
7.23444312585e-06	1	sorbitol/mannitol transport system substrate-binding protein
7.23444312585e-06	1	RedB protein
7.23444312585e-06	1	sulfide:quinone oxidoreductase
7.23444312585e-06	1	VIM family subclass B1 metallo-beta-lactamase
7.23444312585e-06	1	putative penicillin-binding protein
7.23444312585e-06	1	Short-chain dehydrogenase/reductase SDR family protein
7.23444312585e-06	1	MULTISPECIES: oligopeptide-binding protein AppA
7.23444312585e-06	1	MULTISPECIES: type II restriction endonuclease subunit M
7.23444312585e-06	1	nitrous-oxide reductase nosZ
7.23444312585e-06	1	phage-like hydrolase
7.23444312585e-06	1	tmem2 protein
7.23444312585e-06	1	IS1182 family transposase ISMsp1
7.23444312585e-06	1	MULTISPECIES: L-asparaginase thermolabile family protein
7.23444312585e-06	1	bicarbonate-binding protein, partial
7.23444312585e-06	1	cytochrome C heme lyase subunit nrfF nitrite reductase complex assembly
7.23444312585e-06	1	MULTISPECIES: ETC complex subunit I
7.23444312585e-06	1	40-residue YVTN family beta-propeller
7.23444312585e-06	1	metallophosphatase, partial
7.23444312585e-06	1	virulence sensor protein BvgS
7.23444312585e-06	1	MULTISPECIES: copper resistance protein CopC
7.23444312585e-06	1	LPS O-antigen biosynthesis glycosyl transferase
7.23444312585e-06	1	MULTISPECIES: cytochrome oxidase biogenesis protein Surf1,facilitates heme A insertion
7.23444312585e-06	1	MULTISPECIES: lipid ABC transporter permease
7.23444312585e-06	1	dihydroxynaphthoic acid synthase
7.23444312585e-06	1	trimethylamine methyltransferase, partial
7.23444312585e-06	1	peptide-methionine (S)-S-oxide reductase, partial
7.23444312585e-06	1	IolT
7.23444312585e-06	1	cysteate synthase
7.23444312585e-06	1	IS481 family transposase ISNwi5
7.23444312585e-06	1	MULTISPECIES: cellulose synthase catalytic subunit protein
7.23444312585e-06	1	type II protein secretion LspD, partial
7.23444312585e-06	1	putative penicillin-binding, 1A family protein
7.23444312585e-06	1	pyridoxal 5'-phosphate synthase glutaminase subunit PdxT, partial
7.23444312585e-06	1	MULTISPECIES: propanediol utilization protein PduL
7.23444312585e-06	1	MULTISPECIES: DUF1059 domain-containing protein
7.23444312585e-06	1	Long-chain-fatty-acid--CoA ligase, Butyryl-CoA dehydrogenase
7.23444312585e-06	1	IS1595 family transposase ISPba2
7.23444312585e-06	1	MULTISPECIES: acyl-CoA dehydrogenase MmgC
7.23444312585e-06	1	anti-sigma B factor
7.23444312585e-06	1	IS1380 family transposase ISApr11
7.23444312585e-06	1	ribosomal RNA small subunit methyltransferase 1
7.23444312585e-06	1	MULTISPECIES: DUF3100 domain-containing protein
7.23444312585e-06	1	putative Outer membrane adhesin like protein
7.23444312585e-06	1	putative helicase helY
7.23444312585e-06	1	2-succinylbenzoate--CoA ligase family protein
7.23444312585e-06	1	ParB family protein
7.23444312585e-06	1	two-component sensory box histidine kinase/response regulator
7.23444312585e-06	1	MULTISPECIES: dialkylrecorsinol condensing enzyme DarA
7.23444312585e-06	1	MULTISPECIES: putative cation transporter
7.23444312585e-06	1	MULTISPECIES: TnpX site-specific recombinase
7.23444312585e-06	1	MULTISPECIES: tagatose-bisphosphate aldolase
7.23444312585e-06	1	transketolase domain-containing protein
7.23444312585e-06	1	trehalose/maltose hydrolase
7.23444312585e-06	1	MULTISPECIES: DUF1654 domain-containing protein
7.23444312585e-06	1	putative ATPase, AAA+ superfamily
7.23444312585e-06	1	MULTISPECIES: general secretion pathway protein J
7.23444312585e-06	1	syringolide biosynthetic protein AvrD1
7.23444312585e-06	1	stomatin
7.23444312585e-06	1	sulfur transfer protein
7.23444312585e-06	1	KAP P-loop
7.23444312585e-06	1	MULTISPECIES: tyrosine-protein kinase
7.23444312585e-06	1	peptidase B
7.23444312585e-06	1	peptidase 7
7.23444312585e-06	1	phage/plasmid primase, P4 family protein
7.23444312585e-06	1	MULTISPECIES: potassium uptake system protein
7.23444312585e-06	1	Lysophospholipid acyltransferase
7.23444312585e-06	1	beta-hexosaminidase Hex
7.23444312585e-06	1	Lar family restriction alleviation protein
7.23444312585e-06	1	MULTISPECIES: sugar/pyridoxal phosphate phosphatase YigL
7.23444312585e-06	1	membrane-bound O-acyltransferase
7.23444312585e-06	1	MULTISPECIES: MazG-like protein
7.23444312585e-06	1	MULTISPECIES: fimbrial family protein
7.23444312585e-06	1	DnaA-like protein Hda
7.23444312585e-06	1	alpha-L-glutamate ligase, partial
7.23444312585e-06	1	MULTISPECIES: NCS1 family transporter
7.23444312585e-06	1	8-oxo-dGTP diphosphatase, partial
7.23444312585e-06	1	Aminopeptidase Y (Arg, Lys, Leu preference)
7.23444312585e-06	1	methionine import ATP-binding protein MetN 1
7.23444312585e-06	1	MULTISPECIES: IS3 family transposase, partial
7.23444312585e-06	1	LuxE family acyl-protein synthetase
7.23444312585e-06	1	mating pair stabilization protein
7.23444312585e-06	1	clamp-binding protein CrfC
7.23444312585e-06	1	protein deglycase HchA
7.23444312585e-06	1	cellulosome anchor protein, partial
7.23444312585e-06	1	metallo hydrolase
7.23444312585e-06	1	carbon monoxide dehydrogenase middle subunit
7.23444312585e-06	1	stage V sporulation protein B
7.23444312585e-06	1	putative type 4 fimbrial biogenesis PilY1-related protein signal peptide
7.23444312585e-06	1	IS66 family transposase ISBrsp6
7.23444312585e-06	1	MULTISPECIES: idonate transporter
7.23444312585e-06	1	DUF1642 domain-containing protein
7.23444312585e-06	1	MULTISPECIES: restriction alleviation protein, Lar family
7.23444312585e-06	1	electron transfer flavoprotein alpha subunit, partial
7.23444312585e-06	1	disulfide bond formation protein DsbD, partial
7.23444312585e-06	1	1-alkyl-2-acetylglycerophosphocholine esterase
7.23444312585e-06	1	protein of unknown function DUF343
7.23444312585e-06	1	MULTISPECIES: HEAT repeat-containing protein
7.23444312585e-06	1	PrtR transcriptional regulator (anti-sigma factor), partial
7.23444312585e-06	1	sensor protein atoS, partial
7.23444312585e-06	1	alkanesulfonate-binding protein
7.23444312585e-06	1	WD40 repeat-like protein
7.23444312585e-06	1	photosystem II phosphoprotein
7.23444312585e-06	1	MULTISPECIES: transcriptional activator of acetoin/glycerol metabolism-like protein
7.23444312585e-06	1	type-1 restriction enzyme EcoEI specificity protein
7.23444312585e-06	1	PEP-utilizing enzyme, mobile region
7.23444312585e-06	1	phage capsid family protein
7.23444312585e-06	1	DUF413 family protein
7.23444312585e-06	1	SirA protein
7.23444312585e-06	1	D-hydantoinase
7.23444312585e-06	1	ribonuclease M5
7.23444312585e-06	1	putative L-aspartate oxidase
7.23444312585e-06	1	mannosyl-3-phosphoglycerate synthase
7.23444312585e-06	1	putative DNA topology modulation protein FlaR
7.23444312585e-06	1	alkaline phosphatase isozyme conversion aminopeptidase
7.23444312585e-06	1	bifunctional alpha,alpha-trehalose-phosphate synthase (UDP-forming)/trehalose-phosphatase, partial
7.23444312585e-06	1	MULTISPECIES: pyochelin synthetase F
7.23444312585e-06	1	metal transport system membrane protein
7.23444312585e-06	1	penicillin-binding protein 1A, partial
7.23444312585e-06	1	peptidase domain containing protein
7.23444312585e-06	1	exoenzyme regulatory protein AepA precursor
7.23444312585e-06	1	deoxyhypusine synthase (Dhs)-like protein
7.23444312585e-06	1	phage envelope protein
7.23444312585e-06	1	multidrug ABC transporter ATPase and permease
7.23444312585e-06	1	LysM domain protein
7.23444312585e-06	1	MULTISPECIES: cobyrinic acid ac-diamide synthase
7.23444312585e-06	1	Erf family protein, partial
7.23444312585e-06	1	hemolysin-type calcium-binding region:Peptidase M10A and M12B, matrixin and adamalysin
7.23444312585e-06	1	wbmP
7.23444312585e-06	1	MULTISPECIES: nodulation protein NolV
7.23444312585e-06	1	large exoprotein involved in heme utilization or adhesion
7.23444312585e-06	1	phosphotransferase mannose/fructose-specific component IIA
7.23444312585e-06	1	galactitol-1-phosphate dehydrogenase YjmD
7.23444312585e-06	1	protein containing a thioredoxin domain
7.23444312585e-06	1	putative helicase HelY
7.23444312585e-06	1	CinY protein
7.23444312585e-06	1	YSIRK family Gram-positive signal peptide
7.23444312585e-06	1	late embryogenesis abundant protein
7.23444312585e-06	1	beta-acetylhexosaminidase/precursor
7.23444312585e-06	1	MULTISPECIES: DUF3046 domain-containing protein
7.23444312585e-06	1	type III restriction-modification system restriction/helicase subunit
7.23444312585e-06	1	aspartate:alanine antiporter
7.23444312585e-06	1	MULTISPECIES: PRTRC system protein B
7.23444312585e-06	1	pilus biogenesis protein tapA
7.23444312585e-06	1	2-ketoarginine methyltransferase
7.23444312585e-06	1	DNA helicase II / ATP-dependent DNA helicase PcrA
7.23444312585e-06	1	MULTISPECIES: PRTRC system protein D
7.23444312585e-06	1	MULTISPECIES: serine 3-dehydrogenase
7.23444312585e-06	1	surface-associated protein cshA precursor
7.23444312585e-06	1	type II Secretion system PilC
7.23444312585e-06	1	aliphatic amidase expression-regulating protein, AmiC
7.23444312585e-06	1	NADH:ubiquinone oxidoreductase subunit G iron-sulfur-binding
7.23444312585e-06	1	DHH domain-containing protein
7.23444312585e-06	1	pyruvate kinase Pyk
7.23444312585e-06	1	ATP-dependent ClpXP protease, ATP-binding subunit ClpX
7.23444312585e-06	1	gliding motility-associated protein GldE, partial
7.23444312585e-06	1	siroheme synthase, partial
7.23444312585e-06	1	IS1380 family transposase ISCARN79
7.23444312585e-06	1	peptidase M23/M37 protein
7.23444312585e-06	1	kinesin, partial
7.23444312585e-06	1	MULTISPECIES: zinc transporter substrate-binding protein
7.23444312585e-06	1	hydrogenase formation protein HypC
7.23444312585e-06	1	MULTISPECIES: DUF1320 domain-containing protein
7.23444312585e-06	1	MULTISPECIES: chitooligosaccharide deacetylase NodB
7.23444312585e-06	1	MULTISPECIES: protein GlxC
7.23444312585e-06	1	MULTISPECIES: exodeoxyribonuclease V
7.23444312585e-06	1	oxidoreductase FeS-binding subunit
7.23444312585e-06	1	NADH oxidoreductase complex RnfABCDGE type, D subunit
7.23444312585e-06	1	sulfopyruvate decarboxylase subunit alpha
7.23444312585e-06	1	prophage terminase ATP subunit; phage SPbeta
7.23444312585e-06	1	putative Type VI secretion protein IcmF-like
7.23444312585e-06	1	50S ribosomal protein L31, partial
7.23444312585e-06	1	DUF3486 domain-containing protein, partial
7.23444312585e-06	1	MULTISPECIES: bifunctional glycosyl transferase/transpeptidase
7.23444312585e-06	1	MULTISPECIES: PrgI family protein
7.23444312585e-06	1	flagellar biosynthesis regulator FlhF, partial
7.23444312585e-06	1	dibenzothiophene desulfurization enzyme b
7.23444312585e-06	1	poly A polymerase
7.23444312585e-06	1	putative sodium-driven polar flagellar protein
7.23444312585e-06	1	dibenzothiophene desulfurization enzyme A
7.23444312585e-06	1	dibenzothiophene desulfurization enzyme B
7.23444312585e-06	1	Vi polysaccharide export protein VexA
7.23444312585e-06	1	MULTISPECIES: ribose-phosphate diphosphokinase
7.23444312585e-06	1	diaminobutyrate-2-oxoglutarate aminotransferase
7.23444312585e-06	1	'Carbohydrate-selective porin, OprB family',S-layer domain containing protein
7.23444312585e-06	1	beta-aryl ether-cleaving protein
7.23444312585e-06	1	MULTISPECIES: 2-dehydro-3-deoxy-D-gluconate 5-dehydrogenase
7.23444312585e-06	1	MULTISPECIES: OxaA precursor
7.23444312585e-06	1	ThiJ/PfpI domain-containing protein
7.23444312585e-06	1	TraN
7.23444312585e-06	1	zinc finger UBP-type protein
7.23444312585e-06	1	ribonucleoside-diphosphate reductase, partial
7.23444312585e-06	1	pyrimidine regulatory protein PyrR
7.23444312585e-06	1	MULTISPECIES: type I secretion system protein
7.23444312585e-06	1	ST7 protein
7.23444312585e-06	1	MULTISPECIES: flagellar biosynthesis protein FlaG
7.23444312585e-06	1	Jag protein
7.23444312585e-06	1	4-hydroxy-2-oxo-heptane-1,7-dioate aldolase, partial
7.23444312585e-06	1	NADH dehydrogenase I chain C/D
7.23444312585e-06	1	anti-sigma K factor RskA
7.23444312585e-06	1	dienelactone hydrolase like enzyme
7.23444312585e-06	1	pyrophosphate-fructose 6-phosphate 1-phosphotransferase Pfp
7.23444312585e-06	1	metal activated pyridoxal enzyme
7.23444312585e-06	1	GemA protein
7.23444312585e-06	1	mucoidy inhibitor A
7.23444312585e-06	1	glycosyl hydrolase domain-containing protein
7.23444312585e-06	1	nuclear protein SET
7.23444312585e-06	1	ubiA protein
7.23444312585e-06	1	IS3 family transposase ISAde3
7.23444312585e-06	1	translation factor Sua5, partial
7.23444312585e-06	1	MULTISPECIES: DUF1441 domain-containing protein
7.23444312585e-06	1	MULTISPECIES: DUF1906 domain-containing protein
7.23444312585e-06	1	replication initiator A domain-containing protein
7.23444312585e-06	1	tyrocidine non-ribosomal peptide synthetase TycB
7.23444312585e-06	1	MULTISPECIES: MDR efflux pump AcrAB transcriptional activator RobA
7.23444312585e-06	1	mercury transporter MerC
7.23444312585e-06	1	outer membrane protein Omp28
7.23444312585e-06	1	copper amine oxidase-like domain-containing protein
7.23444312585e-06	1	MULTISPECIES: RecB family nuclease
7.23444312585e-06	1	MULTISPECIES: glucan biosynthesis protein
7.23444312585e-06	1	MULTISPECIES: Urease subunit alpha
7.23444312585e-06	1	DUF2516 domain-containing protein
7.23444312585e-06	1	sulfur transfer protein SirA
7.23444312585e-06	1	Integron integrase IntIPac
7.23444312585e-06	1	nuclease (RecB family)
7.23444312585e-06	1	signal peptide-containing protein
7.23444312585e-06	1	prokaryotic E2 family E
7.23444312585e-06	1	arabinose ABC transporter substrate-binding protein, partial
7.23444312585e-06	1	pilM protein
7.23444312585e-06	1	succinate CoA transferase
7.23444312585e-06	1	SufE family protein
7.23444312585e-06	1	MULTISPECIES: YigZ family protein
7.23444312585e-06	1	glycosidase PH1107-like protein
7.23444312585e-06	1	MULTISPECIES: phospho-2-dehydro-3-deoxyheptonate aldolase AroF
7.23444312585e-06	1	cyclophilin domain containing protein
7.23444312585e-06	1	2-keto-3-deoxy-D-arabino-heptulosonate-7-phosphate synthase I beta
7.23444312585e-06	1	DUF520 domain-containing protein, partial
7.23444312585e-06	1	MULTISPECIES: DNA gyrase/topoisomerase IV, A subunit
7.23444312585e-06	1	homoserin dehydrogenase-like protein
7.23444312585e-06	1	(di)nucleoside polyphosphate hydrolase
7.23444312585e-06	1	ATP-dependent protease La (LON) domain subfamily protein
7.23444312585e-06	1	MULTISPECIES: TIGR03118 family protein
7.23444312585e-06	1	putative periplasmic-binding protein
7.23444312585e-06	1	glutathione-regulated potassium-efflux system ATP-binding protein
7.23444312585e-06	1	iron siderophore ABC transporter ATP-binding protein
7.23444312585e-06	1	carbamoyl-phosphate synthase L chain, ATP-binding protein
7.23444312585e-06	1	MULTISPECIES: D-mannonate dehydratase
7.23444312585e-06	1	MULTISPECIES: group 1 family glycosyltransferase
7.23444312585e-06	1	MULTISPECIES: putative 3-hydroxyacyl-CoA dehydrogenase
7.23444312585e-06	1	PDZ domain family protein
7.23444312585e-06	1	armadillo-type fold-containing protein
7.23444312585e-06	1	protein containing chitin-binding domain type 3
7.23444312585e-06	1	MULTISPECIES: amino acid lyase
7.23444312585e-06	1	K+ transport systems, NAD-binding protein
7.23444312585e-06	1	outer membrane chaperone skp (omph)
7.23444312585e-06	1	MULTISPECIES: type I-C CRISPR-associated endonuclease Cas1
7.23444312585e-06	1	carbon-monoxide dehydrogenase (acceptor)
7.23444312585e-06	1	MULTISPECIES: Tet(A)/Tet(B)/Tet(C) family tetracycline efflux MFS transporter
7.23444312585e-06	1	dihydrodipicolinate reductase domain/dihydrodipicolinate reductase domain multi-domain protein
7.23444312585e-06	1	MULTISPECIES: electron transfer flavoprotein beta-subunit (beta-ETF) (Electron transfer flavoprotein small subunit) (ETFSS)
7.23444312585e-06	1	MULTISPECIES: KAP P-loop domain-containing protein
7.23444312585e-06	1	MULTISPECIES: tryptophan hydroxylase
7.23444312585e-06	1	DUF3563 domain-containing protein
7.23444312585e-06	1	NB-dependent receptor
7.23444312585e-06	1	3-hydroxybutyrate dehydrogenase, partial
7.23444312585e-06	1	RNA ligase, Rnl2 family
7.23444312585e-06	1	molybdenum-binding oxidoreductase
7.23444312585e-06	1	MULTISPECIES: DUF5020 domain-containing protein
7.23444312585e-06	1	MULTISPECIES: protein jag
7.23444312585e-06	1	Enoyl-CoA hydratase/3-hydroxyacyl-CoA dehydrogenase
7.23444312585e-06	1	IS5 family transposase ISNGR9
7.23444312585e-06	1	MULTISPECIES: ubiquinol oxidase polypeptide II
7.23444312585e-06	1	Thiopurine S-methyltransferase superfamily
7.23444312585e-06	1	MULTISPECIES: stage V sporulation protein S
7.23444312585e-06	1	small multi-drug export protein
7.23444312585e-06	1	nodulation efficiency protein D (NfeD)
7.23444312585e-06	1	N-glycosyltransferase
7.23444312585e-06	1	putative NADH dehydrogenase subunit
7.23444312585e-06	1	MULTISPECIES: chloromuconate cycloisomerase
7.23444312585e-06	1	serine proteinase, subtilase family protein
7.23444312585e-06	1	MULTISPECIES: two component sensor kinase
7.23444312585e-06	1	Water Stress and Hypersensitive response domain protein
7.23444312585e-06	1	binding protein component of ABC transporter
7.23444312585e-06	1	aconitate hydratase domain protein
7.23444312585e-06	1	alkaline phosphatase D, partial
7.23444312585e-06	1	MULTISPECIES: HtrA2 peptidase
7.23444312585e-06	1	MULTISPECIES: NAD(FAD)-utilizing dehydrogenase
7.23444312585e-06	1	TonB C-terminal domain-containing protein, partial
7.23444312585e-06	1	MULTISPECIES: ATP-dependent Clp protease adapter protein clpS
7.23444312585e-06	1	intein-containing large structural protein
7.23444312585e-06	1	HEAT repeat-like domain protein
7.23444312585e-06	1	TPR repeat precursor
7.23444312585e-06	1	CemA family protein
7.23444312585e-06	1	bifunctional enzyme; pantothenate synthetase/cytidylatekinase
7.23444312585e-06	1	putative MCP methyltransferase/methylesterase
7.23444312585e-06	1	cell wall-associated hydrolase, invasion-associated protein
7.23444312585e-06	1	myeloperoxidase
7.23444312585e-06	1	colicin immunity protein
7.23444312585e-06	1	putative prephenate dehydrogenase
7.23444312585e-06	1	redoxin protein
7.23444312585e-06	1	MULTISPECIES: gliding motility-associated ABC transporter permease subunit GldF
7.23444312585e-06	1	MULTISPECIES: Ferritin-like protein
7.23444312585e-06	1	Thiamine pyrophosphate-requiring enzymes
7.23444312585e-06	1	putative aromatic hydrocarbon dioxygenase small subunit
7.23444312585e-06	1	MULTISPECIES: lipid A phosphoethanolamine transferase
7.23444312585e-06	1	MULTISPECIES: type II restriction endonuclease
7.23444312585e-06	1	electron transport complex subunit RsxC, partial
7.23444312585e-06	1	ATP-dependent endonuclease OLD family protein
7.23444312585e-06	1	MULTISPECIES: polyphosphate kinase (PPK2)
7.23444312585e-06	1	IS66 family transposase ISBthe5
7.23444312585e-06	1	oxidoreductase subunit beta
7.23444312585e-06	1	glutaredoxin, GrxB family
7.23444312585e-06	1	polyhydroxyalkanoate biosynthesis repressor PhaR, partial
7.23444312585e-06	1	microcin C7 resistance protein MccF
7.23444312585e-06	1	DNA helicase UvrC
7.23444312585e-06	1	MULTISPECIES: major capsid protein E
7.23444312585e-06	1	apoptotic protease-activating factor 1 like
7.23444312585e-06	1	integrase core domain protein, partial
7.23444312585e-06	1	Carbohydrate-selective porin OprB
7.23444312585e-06	1	ADP-ribosyltransferase
7.23444312585e-06	1	exported peptidase / protease
7.23444312585e-06	1	MG(2+) Chelatase Family protein / ComM-related protein
7.23444312585e-06	1	Rhs family-like protein
7.23444312585e-06	1	SpoIID/LytB family protein
7.23444312585e-06	1	steroid delta-isomerase protein
7.23444312585e-06	1	catalytic domain of components of various dehydrogenase complexes
7.23444312585e-06	1	MULTISPECIES: DUF459 domain-containing protein
7.23444312585e-06	1	electron transport complex protein RnfB
7.23444312585e-06	1	ribosome-associated protein Y (PSrp-1)
7.23444312585e-06	1	YccF domain-containing protein
7.23444312585e-06	1	regulatory protein MarR
7.23444312585e-06	1	translation initiation factor SUI1, partial
7.23444312585e-06	1	omega-3 polyunsaturated fatty acid synthase subunit PfaA1
7.23444312585e-06	1	succinate dehydrogenase subunit A
7.23444312585e-06	1	transcriptional regulator CytR
7.23444312585e-06	1	bifunctional NAD pyrophosphatase/5'-nucleotidase
7.23444312585e-06	1	peptidase family S41B family
7.23444312585e-06	1	MULTISPECIES: putative radical SAM family protein
7.23444312585e-06	1	Nucleoside permease NupC
7.23444312585e-06	1	photosystem II oxygen evolving complex protein PsbU
7.23444312585e-06	1	phycobilisome maturation protein
7.23444312585e-06	1	nhaD family sodium:proton (Na+:H+) antiporter
7.23444312585e-06	1	DUF983 domain-containing protein, partial
7.23444312585e-06	1	MULTISPECIES: L-serine ammonia-lyase, iron-sulfur-dependent, subunit beta
7.23444312585e-06	1	lipoprotein receptor-related protein
7.23444312585e-06	1	MULTISPECIES: DUF1839 domain-containing protein
7.23444312585e-06	1	FemAB-like protein
7.23444312585e-06	1	transcriptional activator of acetoin dehydrogenase operon AcoR
7.23444312585e-06	1	two-component system response regulator RstA
7.23444312585e-06	1	PHA synthase, partial
7.23444312585e-06	1	O-methyltransferase mdmC
7.23444312585e-06	1	tellurium resistance protein TerC, partial
7.23444312585e-06	1	long-chain-fatty-acid--coA ligase LcfB
7.23444312585e-06	1	MULTISPECIES: hydroxydechloroatrazine ethylaminohydrolase
7.23444312585e-06	1	redoxin family
7.23444312585e-06	1	anti-sigma factor, ChrR family
7.23444312585e-06	1	acetyl-CoA carboxylase, carboxyltransferase subunit beta, partial
7.23444312585e-06	1	MULTISPECIES: isochorismate synthase MenF
7.23444312585e-06	1	type II secretion system protein GspM
7.23444312585e-06	1	multidrug transporter permease
7.23444312585e-06	1	H+/gluconate symporter
7.23444312585e-06	1	ferric reductase like transmembrane component
7.23444312585e-06	1	MULTISPECIES: ISAzo13 family transposase ISDssp1
7.23444312585e-06	1	P-type DNA transfer ATPase VirB11, partial
7.23444312585e-06	1	HSP20 family protein
7.23444312585e-06	1	D-glycero-beta-D-manno-heptose-1,7-bisphosphate 7-phosphatase, partial
7.23444312585e-06	1	cache sensor protein
7.23444312585e-06	1	MULTISPECIES: P44/Msp2 family outer membrane protein
7.23444312585e-06	1	DNA ligase, ATP-dependent
7.23444312585e-06	1	phage-related minor tail protein
7.23444312585e-06	1	excisionase family DNA-binding
7.23444312585e-06	1	MULTISPECIES: cytochrome C-binding protein
7.23444312585e-06	1	acetate CoA-transferase subunit alpha
7.23444312585e-06	1	Flp pilus-assembly TadE/G-like
7.23444312585e-06	1	MULTISPECIES: DNA damage-inducible protein
7.23444312585e-06	1	hexapeptide repeat-containing protein acetyltransferase
7.23444312585e-06	1	GETHR pentapeptide
7.23444312585e-06	1	multidrug efflux RND transporter
7.23444312585e-06	1	ATP F0F1 synthase subunit I
7.23444312585e-06	1	transcriptional regulator, NifA subfamily
7.23444312585e-06	1	periplasmic component of the Tol biopolymer transport system, partial
7.23444312585e-06	1	adenylate kinase-like kinase
7.23444312585e-06	1	cadmium carbonic anhydrase
7.23444312585e-06	1	glycerol-3-phosphate ABC transporter substrate-binding protein, partial
7.23444312585e-06	1	PAAR motif protein
7.23444312585e-06	1	conjugal transfer protein TraW
7.23444312585e-06	1	MULTISPECIES: fosfomycin resistance glutathione transferase
7.23444312585e-06	1	MULTISPECIES: transporter AmpG 3
7.23444312585e-06	1	type VI secretion protein ImpF
7.23444312585e-06	1	TetX family tetracycline inactivation enzyme
7.23444312585e-06	1	transamidase GatB domain-containing protein
7.23444312585e-06	1	MULTISPECIES: DUF3386 domain-containing protein
7.23444312585e-06	1	DUF348 domain-containing protein
7.23444312585e-06	1	voltage-gated potassium channel TrkA
7.23444312585e-06	1	MULTISPECIES: tRNA-Thr(GGU) m(6)t(6)A37 methyltransferase TsaA
7.23444312585e-06	1	MULTISPECIES: branched-chain amino acid transporter 2 carrier protein BrnQ
7.23444312585e-06	1	MULTISPECIES: cytochrome C subunit protein
7.23444312585e-06	1	urea ABC transporter permease subunit UrtC, partial
7.23444312585e-06	1	MULTISPECIES: MFS transporter, partial
7.23444312585e-06	1	type III secretion protein SctC
7.23444312585e-06	1	hydrogenase (NiFe) small subunit (hydA)
7.23444312585e-06	1	caspase, partial
7.23444312585e-06	1	maleylacetoacetate isomerase, partial
7.23444312585e-06	1	MULTISPECIES: KaiC 1
7.23444312585e-06	1	phosphatidate cytidylyltransferase CdsA
7.23444312585e-06	1	GSCFA superfamily protein
7.23444312585e-06	1	DUF477 domain-containing protein
7.23444312585e-06	1	MULTISPECIES: septal ring lytic transglycosylase RlpA
7.23444312585e-06	1	inhibitor of the KinA pathway to sporulation
7.23444312585e-06	1	putative zinc metalloprotease
7.23444312585e-06	1	sugar ABC transporter substrate-binding protein, partial
7.23444312585e-06	1	persistence regulator A
7.23444312585e-06	1	PPIC-type PPIASE domain protein, partial
7.23444312585e-06	1	(R)-stereoselective amidase
7.23444312585e-06	1	MULTISPECIES: amino acid ABC substrate-binding protein
7.23444312585e-06	1	MULTISPECIES: solute:sodium symporter family transporter
7.23444312585e-06	1	alpha/beta hydrolase folD-3 domain protein
7.23444312585e-06	1	BatB/BatC protein
7.23444312585e-06	1	atrA protein
7.23444312585e-06	1	transcriptional regulator, sigma54-dependent
7.23444312585e-06	1	FruA
7.23444312585e-06	1	pyruvate dehydrogenase complex, E2 component, dihydrolipoamide acetyltransferase
7.23444312585e-06	1	Tim44 domain-containing protein, partial
7.23444312585e-06	1	DMT superfamily drug/metabolite permease
7.23444312585e-06	1	DNA restriction methylase
7.23444312585e-06	1	cellulose synthase biosynthesis protein BcsD
7.23444312585e-06	1	SIR2 family protein, partial
7.23444312585e-06	1	lysine/ornithine N-monooxygenase
7.23444312585e-06	1	monofunctional biosynthetic peptidoglycan transglycosylase, partial
7.23444312585e-06	1	amino acid adenylation enzyme thioester reductase family protein
7.23444312585e-06	1	alkaline phosphatase D-related protein
7.23444312585e-06	1	MULTISPECIES: CpaF pilus assembly protein, ATPase CpaF
7.23444312585e-06	1	actin-like protein
7.23444312585e-06	1	(uracil-5)-methyltransferase
7.23444312585e-06	1	hydrogenase 4 membrane component (E)
7.23444312585e-06	1	septal ring lytic transglycosylase RlpA family lipoprotein, partial
7.23444312585e-06	1	spore coat protein CotA
7.23444312585e-06	1	spore coat protein CotS
7.23444312585e-06	1	carbon-monoxide dehydrogenase small subunit
7.23444312585e-06	1	putative Multi-sensor hybrid histidine kinase
7.23444312585e-06	1	ferredoxin, root r-b2
7.23444312585e-06	1	hydrolyase tartrate subunit alpha/fumarate domain-containing protein, Fe-S type
7.23444312585e-06	1	phage P4 alpha zinc-binding domain-containing protein
7.23444312585e-06	1	protein LemA
7.23444312585e-06	1	MULTISPECIES: replication protein DnaD
7.23444312585e-06	1	ribose/xylose/arabinose/galactoside ABC transporter permease
7.23444312585e-06	1	ferric citrate transporter FecA
7.23444312585e-06	1	MULTISPECIES: fecR family protein
7.23444312585e-06	1	phosphoribosyltransferase protein
7.23444312585e-06	1	FecR domain-containing protein
7.23444312585e-06	1	entericidin
7.23444312585e-06	1	MULTISPECIES: ribose operon repressor
7.23444312585e-06	1	molybdopterin-dependent oxidoreductase FAD-binding subunit
7.23444312585e-06	1	contractile tail tube protein
7.23444312585e-06	1	MULTISPECIES: type II secretory pathway component PulJ
7.23444312585e-06	1	MULTISPECIES: thiamin pyrimidine pyrophosphate hydrolase
7.23444312585e-06	1	MULTISPECIES: Sugar transporter SemiSWEET
7.23444312585e-06	1	MULTISPECIES: dUMP phosphatase
7.23444312585e-06	1	alpha helicase
7.23444312585e-06	1	MULTISPECIES: TetM/TetW/TetO/TetS family tetracycline resistance ribosomal protection protein
7.23444312585e-06	1	MULTISPECIES: polar amino acid ABC transporter inner membrane subunit
7.23444312585e-06	1	MULTISPECIES: DUF4868 domain-containing protein
7.23444312585e-06	1	hemolysin activator protein
7.23444312585e-06	1	formate dehydrogenase H subunit alpha, selenocysteine-containing
7.23444312585e-06	1	aspartyl/glutamyl-tRNA amidotransferase subunit A
7.23444312585e-06	1	galacturan 1,4-alpha-galacturonidase
7.23444312585e-06	1	phosphate ABC transporter substrate-binding protein PstS, partial
7.23444312585e-06	1	kilA/APSES-type HTH DNA-binding protein
7.23444312585e-06	1	acetyl-CoA carboxylase biotin carboxylase subunit, partial
7.23444312585e-06	1	Replication protein
7.23444312585e-06	1	tyrosine-specific transport protein
7.23444312585e-06	1	glycine/betaine ABC transporter substrate-binding protein, partial
7.23444312585e-06	1	putative permease DUF318
7.23444312585e-06	1	MULTISPECIES: bifunctional glutamate--cysteine ligase/glutathione synthetase
7.23444312585e-06	1	2Fe-2S ferredoxin, partial
7.23444312585e-06	1	Cell division protein FtsH, ATP-dependent zinc protease
7.23444312585e-06	1	MULTISPECIES: ATPase involved in DNA repair
7.23444312585e-06	1	integrin like protein
7.23444312585e-06	1	MULTISPECIES: D--3-hydroxybutyrate oligomer hydrolase lipoprotein transmembrane
7.23444312585e-06	1	sulfate ABC transporter substrate-binding protein, partial
7.23444312585e-06	1	oligopeptide ABC transpoter oligopeptide-binding protein
7.23444312585e-06	1	MULTISPECIES: isoquinoline 1-oxidoreductase subunit alpha
7.23444312585e-06	1	MULTISPECIES: putative Bacteriophage-related DNA primase
7.23444312585e-06	1	ImcF/SciS family protein
7.23444312585e-06	1	ProQ activator of osmoprotectant transporter prop
7.23444312585e-06	1	MULTISPECIES: DUF2840 domain-containing protein
7.23444312585e-06	1	membrane protein necessary for nodulation/competitiveness
7.23444312585e-06	1	choline monooxygenase, partial
7.23444312585e-06	1	O-antigen synthesis protein WbyH
7.23444312585e-06	1	cytochrome b561, partial
7.23444312585e-06	1	NADH (or F420H2) dehydrogenase, subunit C
7.23444312585e-06	1	MULTISPECIES: type I restriction enzyme EcoR124II R protein
7.23444312585e-06	1	rhizobiocin/RTX toxin and hemolysin-type calcium binding protein
7.23444312585e-06	1	50S ribosomal protein L34, partial
7.23444312585e-06	1	4Fe-4S ferredoxin, iron-sulfur-binding protein
7.23444312585e-06	1	MULTISPECIES: 6-aminohexanoate-dimer hydrolase
7.23444312585e-06	1	MULTISPECIES: 3-deoxy-D-manno-octulosonate 8-phosphate phosphatase (KDO 8-P phosphatase)
7.23444312585e-06	1	inosine-uridine preferring nucleoside hydrolase
7.23444312585e-06	1	MULTISPECIES: heavy metal transport/detoxification protein
7.23444312585e-06	1	N-acyl-phosphatidylethanolamine-hydrolyzing phospholipase D Short=N-acyl phosphatidylethanolamine phospholipase D
7.23444312585e-06	1	PetM family of cytochrome b6f complex subunit 7
7.23444312585e-06	1	nucleoside-binding outer membrane protein
7.23444312585e-06	1	3-methyladenine DNA glycosylase/8-oxoguanine DNA glycosylase
7.23444312585e-06	1	protein mom
7.23444312585e-06	1	Deoxycytidine deaminase
7.23444312585e-06	1	MtdA bifunctional protein
7.23444312585e-06	1	enzyme of the cupin superfamily
7.23444312585e-06	1	NlpC
7.23444312585e-06	1	formate dehydrogenase subunit gamma, partial
7.23444312585e-06	1	putative Zn-dependent protease-like protein
7.23444312585e-06	1	MULTISPECIES: type-F conjugative transfer system mating-pair stabilization protein TraN
7.23444312585e-06	1	Leukotoxin secretion protein D
7.23444312585e-06	1	ATP-dependent exoDNAse (exonuclease V) RecD-like protein
7.23444312585e-06	1	spermidine/putrescine ABC transporter periplasmatic substrate-binding protein
7.23444312585e-06	1	MULTISPECIES: chorismate-binding protein
7.23444312585e-06	1	MULTISPECIES: HI1409 family phage-associated protein
7.23444312585e-06	1	putative amidophosphoribosyltransferase
7.23444312585e-06	1	MULTISPECIES: DUF3823 domain-containing protein
7.23444312585e-06	1	CO dehydrogenase/acetyl-CoA synthase subunit delta
7.23444312585e-06	1	PsiF repeat protein
7.23444312585e-06	1	(trans)glycosidase
7.23444312585e-06	1	Peptidase M66, StcE
7.23444312585e-06	1	autotransporter subunit beta
7.23444312585e-06	1	putative Agmatine deiminase
7.23444312585e-06	1	MULTISPECIES: glycine/betaine reductase C
7.23444312585e-06	1	putative glycolate oxidase, subunit GlcD
7.23444312585e-06	1	cellulase (glycosyl hydrolase family 5) domain protein
7.23444312585e-06	1	NUDIX domain protein
7.23444312585e-06	1	hydrogen peroxide-inducible protein activator
7.23444312585e-06	1	sensor histidine kinase/response regulator
7.23444312585e-06	1	MULTISPECIES: NAD-dependent epimerase, partial
7.23444312585e-06	1	desaturase, partial
7.23444312585e-06	1	MULTISPECIES: DUF946 domain-containing protein
7.23444312585e-06	1	MULTISPECIES: photosystem II protein PsbQ
7.23444312585e-06	1	MULTISPECIES: nucleoside-triphosphate diphosphatase
7.23444312585e-06	1	MULTISPECIES: flagellar biosynthesis protein FliC
7.23444312585e-06	1	MULTISPECIES: flagellar biosynthesis protein FliA
7.23444312585e-06	1	MULTISPECIES: flagellar biosynthesis protein FliO
7.23444312585e-06	1	MULTISPECIES: flagellar biosynthesis protein FliR
7.23444312585e-06	1	S-adenosylmethionine synthase 2
7.23444312585e-06	1	type IV fimbrial assembly, ATPase PilB
7.23444312585e-06	1	vitamin k-dependent gamma-carboxylase
7.23444312585e-06	1	site-specific recombinase XerD, partial
7.23444312585e-06	1	protein YcaR in KDO2-Lipid A biosynthesis cluster
7.23444312585e-06	1	MULTISPECIES: RNA polymerase sigma 28 subunit FliA/WhiG subfamily
7.23444312585e-06	1	glycosylase, partial
7.23444312585e-06	1	outer membrane efflux transporter NodT family
7.23444312585e-06	1	hemimethylated DNA-binding domain containing protein
7.23444312585e-06	1	MULTISPECIES: IS5 family transposase ISAzo37
7.23444312585e-06	1	transcriptional regulator Ada/DNA-O6-methylguanine--protein-cysteine S-methyltransferase/DNA-3-methyladenine glycosylase II
7.23444312585e-06	1	hydroxycinnamic acid degradation regulator
7.23444312585e-06	1	ricin-type beta-trefoil lectin domain protein
7.23444312585e-06	1	MULTISPECIES: NodT family efflux transporter outer membrane factor (OMF) lipoprotein
7.23444312585e-06	1	dnak protein, truncation
7.23444312585e-06	1	putative membrane-associated zinc metalloprotease
7.23444312585e-06	1	MULTISPECIES: fatty acid oxidation complex subunit alpha FadJ
7.23444312585e-06	1	lysA
7.23444312585e-06	1	Proton-translocating NADH-quinone oxidoreductase, chain N
7.23444312585e-06	1	endochitinase ChiA
7.23444312585e-06	1	O-GlcNAcase
7.23444312585e-06	1	yqeY-like protein
7.23444312585e-06	1	MULTISPECIES: pyruvate carboxylase subunit B
7.23444312585e-06	1	hyalurononglucosaminidase
7.23444312585e-06	1	MULTISPECIES: N-acylmannosamine 1-dehydrogenase
7.23444312585e-06	1	sugar ABC transporter periplasmatic substrate-binding protein
7.23444312585e-06	1	SapC-like protein
7.23444312585e-06	1	MULTISPECIES: lysine-sensitive aspartokinase 3
7.23444312585e-06	1	MULTISPECIES: virulence associated protein VapD
7.23444312585e-06	1	EbsC protein
7.23444312585e-06	1	antirepressor protein, partial
7.23444312585e-06	1	glycine--tRNA ligase subunit beta protein
7.23444312585e-06	1	MULTISPECIES: septum formation inhibitor
7.23444312585e-06	1	tungstate ABC transporter permease
7.23444312585e-06	1	Inosine/uridine-preferring nucleoside hydrolase
7.23444312585e-06	1	bacteriophage-related terminase
7.23444312585e-06	1	MULTISPECIES: bifunctional alpha,alpha-trehalose-phosphate synthase (UDP-forming)/trehalose-phosphatase
7.23444312585e-06	1	peptidase, S41 family protein
7.23444312585e-06	1	alanine racemase 2
7.23444312585e-06	1	MULTISPECIES: biphenyl-2,3-diol 1,2-dioxygenase
7.23444312585e-06	1	Mesaconyl-CoA hydratase
7.23444312585e-06	1	Phd multi-domain protein
7.23444312585e-06	1	2-keto-3-deoxygluconate transporter
7.23444312585e-06	1	ISAzo13 family transposase ISNsp4
7.23444312585e-06	1	MULTISPECIES: DUF664 domain-containing protein
7.23444312585e-06	1	flagellar basal-body rod protein FlgC
7.23444312585e-06	1	MULTISPECIES: NADH:ubiquinone oxidoreductase
7.23444312585e-06	1	MULTISPECIES: membrane fusogenic activity
7.23444312585e-06	1	Leu/Ile/Val-binding protein family
7.23444312585e-06	1	2-keto-3-deoxy-D-arabino-heptulosonate-7- phosphate synthase I beta
7.23444312585e-06	1	dipeptide ABC transporter ATP-binding protein DppD, partial
7.23444312585e-06	1	DUF4890 domain-containing protein
7.23444312585e-06	1	beta-1,4-mannosyl-glycoprotein beta-1,4-N-acetylglucosaminyltransferase
7.23444312585e-06	1	mechanosensitive ion channel periplasmic-binding protein
7.23444312585e-06	1	MULTISPECIES: iron-sulfur-binding reductase
7.23444312585e-06	1	MULTISPECIES: glucose-6-phosphate 1-dehydrogenase
7.23444312585e-06	1	MULTISPECIES: putative natural product biosynthesis protein
7.23444312585e-06	1	5,10-methylene-THF reductase small subunit MetV
7.23444312585e-06	1	proton-efflux P-type ATPase
7.23444312585e-06	1	2-deoxy-D-gluconate 3-dehydrogenase, partial
7.23444312585e-06	1	MgtE integral membrane protein
7.23444312585e-06	1	igA Peptidase M64
7.23444312585e-06	1	IS110 family transposase ISCARN111
7.23444312585e-06	1	mannose-6-phosphate isomerase, class I, partial
7.23444312585e-06	1	MULTISPECIES: leucine ABC transporter subunit substrate-binding protein LivK
7.23444312585e-06	1	MULTISPECIES: IS1380 family transposase ISDssp4
7.23444312585e-06	1	MULTISPECIES: photosystem II reaction center protein J
7.23444312585e-06	1	antitoxin HicB, partial
7.23444312585e-06	1	MULTISPECIES: photosystem I reaction center subunit X
7.23444312585e-06	1	chloramphenicol 3-O-phosphotransferase
7.23444312585e-06	1	OsmC/Ohr-like protein
7.23444312585e-06	1	MULTISPECIES: amino acid oxidase
7.23444312585e-06	1	PhoPQ-regulated protein
7.23444312585e-06	1	Extracellular serine proteinase
7.23444312585e-06	1	MULTISPECIES: DUF3336 domain-containing protein
7.23444312585e-06	1	NADH-dependent dehydrogenase, partial
7.23444312585e-06	1	sn-glycerol-3-phosphate import ATP-binding protein UgpC, partial
7.23444312585e-06	1	two-component system sensor histidine kinase BaeA, partial
7.23444312585e-06	1	protein utxA
7.23444312585e-06	1	MULTISPECIES: cytidine/deoxycytidylate deaminase
7.23444312585e-06	1	IS3 family transposase ISSba13
7.23444312585e-06	1	IS3 family transposase ISSba15
7.23444312585e-06	1	2-polyprenylphenol hydroxylase-like oxidoreductase
7.23444312585e-06	1	MULTISPECIES: hint domain containing protein
7.23444312585e-06	1	deoxyribonucleotide triphosphate pyrophosphatase, partial
7.23444312585e-06	1	PTS system glucitol/sorbitol-specific transporter subunit IIB
7.23444312585e-06	1	MULTISPECIES: phage antirepressor KilAC domain protein
7.23444312585e-06	1	MULTISPECIES: nitrogenase iron protein
7.23444312585e-06	1	Lambda phage type II DNA modification methyltransferase
7.23444312585e-06	1	type II secretion system protein GspF, partial
7.23444312585e-06	1	MULTISPECIES: ribonucleoside-diphosphate reductase (ribonucleoside diphosphate reductase subunit beta)
7.23444312585e-06	1	protein containing sporulation stage II
7.23444312585e-06	1	MULTISPECIES: bacterial microcompartment protein
7.23444312585e-06	1	MULTISPECIES: membrane protease FtsH catalytic subunit
7.23444312585e-06	1	DUF2961 domain-containing protein, partial
7.23444312585e-06	1	protein containing DUF1559
7.23444312585e-06	1	McrBC 5-methylcytosine restriction system component-like
7.23444312585e-06	1	MULTISPECIES: SCP-like extracellular family protein
7.23444312585e-06	1	MULTISPECIES: propanediol dehydratase small subunit
7.23444312585e-06	1	MULTISPECIES: antitoxin of toxin-antitoxin stability system
7.23444312585e-06	1	homoserine kinase type II
7.23444312585e-06	1	bactofilin-like cytoskeleltal protein involved in cell morphogenesis
7.23444312585e-06	1	dehydrogenase of unknown specificity, short-chain alcohol dehydrogenase like
7.23444312585e-06	1	sulfotransferase domain protein
7.23444312585e-06	1	type IV pilus biogenesis protein PilB
7.23444312585e-06	1	3'-phosphatase
7.23444312585e-06	1	MULTISPECIES: outer membrane beta-barrel domain-containing protein
7.23444312585e-06	1	Ter macrodomain-binding protein MatP
7.23444312585e-06	1	two-component system sensor histidine kinase AtoS
7.23444312585e-06	1	MULTISPECIES: polyhydroxyalkanoic acid synthase
7.23444312585e-06	1	glycosyl hydrolase family 13
7.23444312585e-06	1	circadian clock protein KaiC-like protein
7.23444312585e-06	1	beta-1,4-N-acetyl- mannosaminyltransferase
7.23444312585e-06	1	manA protein
7.23444312585e-06	1	glutamyl-tRNA(Gln) amidotransferase subunit E
7.23444312585e-06	1	MULTISPECIES: nucleotide-binding protein containing TIR -like domain
7.23444312585e-06	1	MULTISPECIES: cation transporter ChaC
7.23444312585e-06	1	pyrroloquinoline-quinone synthase PqqC
7.23444312585e-06	1	flagellar motor switch protein FliM, partial
7.23444312585e-06	1	putative glycosyltransferase, exosortase G system-associated
7.23444312585e-06	1	MULTISPECIES: pyridoxal 4-dehydrogenase
7.23444312585e-06	1	Protein of unknown function (DUF1625)
7.23444312585e-06	1	MULTISPECIES: DUF4405 domain-containing protein
7.23444312585e-06	1	DUF3659 domain-containing protein
7.23444312585e-06	1	MULTISPECIES: pyrimidine (deoxy)nucleoside triphosphate pyrophosphohydrolase
7.23444312585e-06	1	molybdenum-dependent transcriptional regulator, partial
7.23444312585e-06	1	MULTISPECIES: toxin Bro
7.23444312585e-06	1	ybiT-like ABC transporter ATP-binding protein
7.23444312585e-06	1	MULTISPECIES: protein UmuC
7.23444312585e-06	1	DUF4595 domain-containing protein
7.23444312585e-06	1	putative 3-isopropylmalate dehydrogenase
7.23444312585e-06	1	MULTISPECIES: barstar family protein 2
7.23444312585e-06	1	MarC family membrane protein
7.23444312585e-06	1	MULTISPECIES: DUF4411 domain-containing protein
7.23444312585e-06	1	2-aminoethylphosphonate aminotransferase
7.23444312585e-06	1	IS630 family transposase ISCARN41
7.23444312585e-06	1	phenylalanine 4-monooxygenase, partial
7.23444312585e-06	1	phosphatidylethanolamine-binding protein, partial
7.23444312585e-06	1	putative para-nitrobenzyl esterase
7.23444312585e-06	1	metallophosphoesterase domain containing 2
7.23444312585e-06	1	UBA/THIF-type NAD/FAD binding fold protein
7.23444312585e-06	1	PRC-barrel domain-containing protein
7.23444312585e-06	1	MULTISPECIES: peptidase M10, serralysin-like protein
7.23444312585e-06	1	2,3-bisphosphoglycerate-independent phosphoglycerate mutase, partial
7.23444312585e-06	1	extracellular deoxyribonuclease
7.23444312585e-06	1	MinD/ParA family protein, partial
7.23444312585e-06	1	UDP-galacturonate 4-epimerase
7.23444312585e-06	1	coenzyme PQQ synthesis protein C
7.23444312585e-06	1	Nodulation protein nolO
7.23444312585e-06	1	Phosphodiesterase/alkaline phosphatase D-like protein
7.23444312585e-06	1	type I RM system M subunit
7.23444312585e-06	1	WD domain G-beta repeat/PBS lyase HEAT-like repeat protein
7.23444312585e-06	1	fibronectin I domain-containing protein
7.23444312585e-06	1	glycosyl transferase, group 2 family
7.23444312585e-06	1	MULTISPECIES: thiamine ABC transporter substrate binding subunit
7.23444312585e-06	1	MULTISPECIES: MltR family transcriptional regulator
7.23444312585e-06	1	Na+ dependent nucleoside transporter family
7.23444312585e-06	1	nitrogen fixation protein FixI, partial
7.23444312585e-06	1	protein serine phosphatase with GAF sensor
7.23444312585e-06	1	restriction endonuclease HincII
7.23444312585e-06	1	coenzyme A transferase
7.23444312585e-06	1	MULTISPECIES: ditF protein
7.23444312585e-06	1	internal virion protein D
7.23444312585e-06	1	NADH:ubiquinone oxidoreductase 49 kD subunit 7
7.23444312585e-06	1	TOBE domain-containing protein
7.23444312585e-06	1	putative oxidoreductase, 2Fe-2S subunit
7.23444312585e-06	1	MULTISPECIES: PEP-CTERM domain protein
7.23444312585e-06	1	Type II secretory pathway, component ExeA (predicted ATPase)
7.23444312585e-06	1	DUF3109 domain-containing protein, partial
7.23444312585e-06	1	FxsA cytoplasmic membrane protein
7.23444312585e-06	1	MULTISPECIES: phage head morphogenesis protein, SPP1 gp7
7.23444312585e-06	1	UDP-3-O-
7.23444312585e-06	1	MULTISPECIES: malate dehydrogenase (quinone)
7.23444312585e-06	1	vitamin B12-transporter protein BtuF
7.23444312585e-06	1	DUF2753 domain-containing protein
7.23444312585e-06	1	calpastatin
7.23444312585e-06	1	DUF4130 domain-containing protein
7.23444312585e-06	1	superfamily I DNA/RNA helicase, partial
7.23444312585e-06	1	MULTISPECIES: bleomycin resistance protein
7.23444312585e-06	1	CinA family protein, partial
7.23444312585e-06	1	isoquinoline 1-oxidoreductase subunit beta (iorB)
7.23444312585e-06	1	acyl-CoA ligase
7.23444312585e-06	1	MULTISPECIES: purine or other phosphorylase family 1
7.23444312585e-06	1	inclusion body protein
7.23444312585e-06	1	MULTISPECIES: capsular polysaccharide biosynthesis protein Cap8F
7.23444312585e-06	1	capsular polysaccharide biosynthesis protein Cap8M
7.23444312585e-06	1	glutaredoxin 2
7.23444312585e-06	1	MULTISPECIES: sulfite reductase subunit C
7.23444312585e-06	1	rhs family protein, partial
7.23444312585e-06	1	Fe3+-citrate ABC transporter substrate-binding protein
7.23444312585e-06	1	Free methionine-(R)-sulfoxide reductase
7.23444312585e-06	1	DNA recombinase, partial
7.23444312585e-06	1	McyB protein
7.23444312585e-06	1	MULTISPECIES: polysaccharide biosynthesis family protein
7.23444312585e-06	1	cytochrome C oxidase assembly protein AA3
7.23444312585e-06	1	MULTISPECIES: cytochrome c-type biogenesis protein CycK
7.23444312585e-06	1	citrate lyase subunit beta/citryl-CoA lyase
7.23444312585e-06	1	thiol:disulfide oxidoreductase, partial
7.23444312585e-06	1	MULTISPECIES: replication endonuclease
7.23444312585e-06	1	MULTISPECIES: type II DNA modification enzyme
7.23444312585e-06	1	MULTISPECIES: HindIII family type II restriction endonuclease
7.23444312585e-06	1	flagellar basal body-associated protein FliL, partial
7.23444312585e-06	1	Peptidoglycan-binding domain 1 protein (modular protein)
7.23444312585e-06	1	SAM-dependent methyltransferase, tRNA(uracil-5)-methyltransferase
7.23444312585e-06	1	MULTISPECIES: selenophosphate synthetase
7.23444312585e-06	1	MULTISPECIES: multidrug resistance protein mdtC (multidrug transporter mdtC)
7.23444312585e-06	1	galactoside ABC transporter permease
7.23444312585e-06	1	MULTISPECIES: type IV pilus biogenesis protein PilZ
7.23444312585e-06	1	protein phosphatase 2C domain protein
7.23444312585e-06	1	HipA N-terminal domain-containing protein
7.23444312585e-06	1	EmrA/EmrK family multidrug efflux transporter periplasmic adaptor subunit, partial
7.23444312585e-06	1	IstB ATP binding domain-containing protein
7.23444312585e-06	1	MULTISPECIES: glycosyl hydrolase family 57
7.23444312585e-06	1	MULTISPECIES: D-lactate dehydrogenase VanH
7.23444312585e-06	1	Family description/AAA domain protein
7.23444312585e-06	1	nucleotidyltransferase substrate binding protein
7.23444312585e-06	1	DUF1349 domain-containing protein, partial
7.23444312585e-06	1	Mal regulon transcriptional regulator MalI
7.23444312585e-06	1	MULTISPECIES: biopolymer transporter protein ExbD
7.23444312585e-06	1	phage integrase family site-specific recombinase
7.23444312585e-06	1	glutamate formiminotransferase
7.23444312585e-06	1	phage regulatory protein, Rha family
7.23444312585e-06	1	NADH:ubiquinone oxidoreductase I, membrane subunit J
7.23444312585e-06	1	aconitase
7.23444312585e-06	1	photosystem I subunit II
7.23444312585e-06	1	MULTISPECIES: DUF1112 domain-containing protein
7.23444312585e-06	1	hemerythrin HHE cation binding domain protein
7.23444312585e-06	1	ATP synthase C chain
7.23444312585e-06	1	MULTISPECIES: RNA polymerase sigma factor WhiG
7.23444312585e-06	1	FMN-dependent NADH-azoreductase, partial
7.23444312585e-06	1	chitinase chi19A
7.23444312585e-06	1	MULTISPECIES: cyclic di-GMP phosphodiesterase response regulator RpfG
7.23444312585e-06	1	MULTISPECIES: xanthine dehydrogenase subunit D
7.23444312585e-06	1	mismatch repair ATPase MutS family
7.23444312585e-06	1	Photosystem II manganese-stabilizing protein (PsbO)
7.23444312585e-06	1	biopolymer transporter, partial
7.23444312585e-06	1	MULTISPECIES: class D beta-lactamase OXA-347
7.23444312585e-06	1	ISAs1 family transposase ISRpa7
7.23444312585e-06	1	sugar O-acetyltransferase, partial
7.23444312585e-06	1	5-methyltetrahydropteroyltriglutamate--homocysteine methyltransferase, partial
7.23444312585e-06	1	MULTISPECIES: sensory histidine kinase
7.23444312585e-06	1	MULTISPECIES: nitrogen fixation protein NifZ
7.23444312585e-06	1	thiocyanate hydrolase
7.23444312585e-06	1	NADPH:quinone reductase Zn-dependent oxidoreductase
7.23444312585e-06	1	carboxymethylenebutenolidase-like protein
7.23444312585e-06	1	asparaginyl beta-hydroxylase
7.23444312585e-06	1	urea-binding protein
7.23444312585e-06	1	pilin biogenesis
7.23444312585e-06	1	MULTISPECIES: D-alanyl-D-alanine-carboxypeptidase/endopeptidase AmpH
7.23444312585e-06	1	polynucleotide 5'-hydroxy-kinase
7.23444312585e-06	1	putative phenylacetate-coenzyme A ligase
7.23444312585e-06	1	Arylsulfatase (Aryl-sulfate sulfohydrolase)
7.23444312585e-06	1	beta-xylosidase, partial
7.23444312585e-06	1	MULTISPECIES: CIA30 family protein
7.23444312585e-06	1	phenylacetic acid degradation protein PaaC
7.23444312585e-06	1	O-succinylbenzoate-CoA synthase
7.23444312585e-06	1	heme utilization protein HutZ
7.23444312585e-06	1	MULTISPECIES: iron dicitrate transporter FecR
7.23444312585e-06	1	translation elongation factor-like protein
7.23444312585e-06	1	phosphotransferase system mannitol/fructose-specific IIA component (Ntr-type)
7.23444312585e-06	1	antirepressor protein
7.23444312585e-06	1	MULTISPECIES: glutamyl-tRNA amidotransferase subunit A
7.23444312585e-06	1	spore surface glycoprotein BclB
7.23444312585e-06	1	MarC family transcriptional regulator, partial
7.23444312585e-06	1	MULTISPECIES: PTS mannitol transporter subunit IIA
7.23444312585e-06	1	MULTISPECIES: DUF3147 domain-containing protein
7.23444312585e-06	1	peripheral-type benzodiazepine receptor/signal transduction protein TspO
7.23444312585e-06	1	UbiE/COQ5 family methyltransferase
7.23444312585e-06	1	MULTISPECIES: fumarate reductase flavoprotein subunit
7.23444312585e-06	1	secreted protein containing PKD domain protein
7.23444312585e-06	1	SecY interacting protein Syd
7.23444312585e-06	1	MULTISPECIES: Rsd/AlgQ family anti-sigma factor
7.23444312585e-06	1	NodT protein
7.23444312585e-06	1	3-aminobutyryl-CoA ammonia-lyase
7.23444312585e-06	1	MULTISPECIES: peptidase S53 propeptide
7.23444312585e-06	1	tryptophanase/L-cysteine desulfhydrase PLP-dependent
7.23444312585e-06	1	MULTISPECIES: 5-methyltetrahydrofolate--homocysteine S-methyltransferase
7.23444312585e-06	1	MULTISPECIES: O-linked N-acetylglucosamine transferase
7.23444312585e-06	1	putative phosphodiesterase/alkaline phosphatase D
7.23444312585e-06	1	aminotransferase class V/cysteine desulfurase
7.23444312585e-06	1	2-carboxy-1,4-naphthoquinone phytyltransferase, partial
7.23444312585e-06	1	MULTISPECIES: type IVB pilus biosynthesis protein PliS
7.23444312585e-06	1	LAO/AO transport system ATPase
7.23444312585e-06	1	Potassium channel TrkA protein
7.23444312585e-06	1	cis-2,3-dihydrobiphenyl-2,3-diol dehydrogenase
7.23444312585e-06	1	iron uptake protein
7.23444312585e-06	1	P-loop containing nucleoside triphosphate hydrolase superfamily protein
7.23444312585e-06	1	MULTISPECIES: exosortase system-associated protein, TIGR04073 family
7.23444312585e-06	1	pitrilysin metallopeptidase 1
7.23444312585e-06	1	Glycosyl hydrolase, BNR repeat protein
7.23444312585e-06	1	CheW protein
7.23444312585e-06	1	Kae1-associated kinase
7.23444312585e-06	1	Selenoprotein O
7.23444312585e-06	1	MULTISPECIES: methanol--corrinoid methyltransferase
7.23444312585e-06	1	MULTISPECIES: phosphonate utilization transcriptional regulator PhnR
7.23444312585e-06	1	GTP-binding signal recognition particle SRP54 G- domain-containing protein
7.23444312585e-06	1	selenocysteine synthase (seryl-tRNASer selenium transferase)
7.23444312585e-06	1	periplasmic serine endoprotease DegP-like precursor
7.23444312585e-06	1	DUF4143 domain-containing protein, partial
7.23444312585e-06	1	protein PhnA
7.23444312585e-06	1	type II restriction-modification system restriction subunit
7.23444312585e-06	1	6-phosphogluconolactonase, partial
7.23444312585e-06	1	MULTISPECIES: DUF4914 domain-containing protein
7.23444312585e-06	1	ArpA protein
7.23444312585e-06	1	serine recombinase, partial
7.23444312585e-06	1	uroporphyrinogen III synthase, partial
7.23444312585e-06	1	arabinose efflux permease
7.23444312585e-06	1	transcriptional regulator, hxlr family protein
7.23444312585e-06	1	MULTISPECIES: TIGR03750 family conjugal transfer protein
7.23444312585e-06	1	beta-glycosyltransferase
7.23444312585e-06	1	phospholipid scramblase 1 Short=PL scramblase 1
7.23444312585e-06	1	periplasmic component of the Tol biopolymer transport system-like protein
7.23444312585e-06	1	streptomycin-6-phosphotransferase
7.23444312585e-06	1	Isoniazid-inducible protein iniC
7.23444312585e-06	1	nitrate/sulfonate/bicarbonate ABC transporter inner membrane protein
7.23444312585e-06	1	feruloyl-CoA synthase, partial
7.23444312585e-06	1	PHB depolymerase family esterase
7.23444312585e-06	1	MULTISPECIES: 3-hydroxylacyl-ACP dehydratase
7.23444312585e-06	1	nitrate ABC transporter substrate-binding protein NrtA
7.23444312585e-06	1	cell envelope biogenesis protein TolA, partial
7.23444312585e-06	1	arginine / lysine / ornithine decarboxylase
7.23444312585e-06	1	adenylyl cyclase related protein
7.23444312585e-06	1	cytochrome c oxidase cbb3-type subunit CcoO
7.23444312585e-06	1	MULTISPECIES: bleomycin resistance family protein
7.23444312585e-06	1	tryptophan repressor-binding protein
7.23444312585e-06	1	MULTISPECIES: C4-type zinc finger protein, DksA/TraR family
7.23444312585e-06	1	glucan synthase
7.23444312585e-06	1	IS3 family transposase ISMyma8
7.23444312585e-06	1	IS3 family transposase ISMyma3
7.23444312585e-06	1	DUF896 family protein
7.23444312585e-06	1	DNA-deoxyinosine glycosylase, partial
7.23444312585e-06	1	O antigen biosynthesis rhamnosyltransferase RfbN
7.23444312585e-06	1	MULTISPECIES: aminodeoxychorismate synthase component II
7.23444312585e-06	1	phosphoporin PhoE
7.23444312585e-06	1	phosphorylated CTD interacting factor 1 WW domain-containing protein
7.23444312585e-06	1	putative sulfate ester transport system substrate-binding protein
7.23444312585e-06	1	M3 family peptidase
7.23444312585e-06	1	phosphatidate cytidylyltransferase, partial
7.23444312585e-06	1	diguanylate cyclase (GGDEF) domain
7.23444312585e-06	1	Toxin secretion ABC transporter ATP-binding protein
7.23444312585e-06	1	chitinase-like protein
7.23444312585e-06	1	putative phage integrase
7.23444312585e-06	1	MULTISPECIES: glycoside hydrolase family 2, partial
7.23444312585e-06	1	chemotaxis protein PomA
7.23444312585e-06	1	MULTISPECIES: SLC13 family permease
7.23444312585e-06	1	DUF3017 domain-containing protein
7.23444312585e-06	1	30S ribosomal protein S12 methylthiotransferase
7.23444312585e-06	1	MULTISPECIES: IS1182 family transposase ISAcc1
7.23444312585e-06	1	respiratory nitrate reductase subunit beta
7.23444312585e-06	1	bifunctional methyltransferase/glycosyl transferase
7.23444312585e-06	1	bacteriophage related protein
7.23444312585e-06	1	SUA5/YciO/YrdC family translation initiation protein
7.23444312585e-06	1	TIGR03985 family CRISPR-associated protein
7.23444312585e-06	1	outer membrane efflux protein, OEP family
7.23444312585e-06	1	mechanosensitive channel MscK, partial
7.23444312585e-06	1	ring hydroxylating subunit alpha, catalytic domain protein
7.23444312585e-06	1	cyclohexyl-isocyanide hydratase
7.23444312585e-06	1	K+ uptake transporter
7.23444312585e-06	1	MULTISPECIES: pimeloyl
7.23444312585e-06	1	MULTISPECIES: tricarboxylic transport membrane protein
7.23444312585e-06	1	Nitrile hydratase regulator
7.23444312585e-06	1	MULTISPECIES: short-chain dehydrogenase-like protein
7.23444312585e-06	1	sensor histidine kinase, putative
7.23444312585e-06	1	diguanylate phosphodiesterase (EAL domain)
7.23444312585e-06	1	hydrocarbon binding protein
7.23444312585e-06	1	MULTISPECIES: cysteine desulfurase SufS family protein
7.23444312585e-06	1	MULTISPECIES: bifunctional glutamate N-acetyltransferase/amino-acid N-acetyltransferase
7.23444312585e-06	1	iron-sulfur binding reductase
7.23444312585e-06	1	endo-1,3-beta-xylanase
7.23444312585e-06	1	NlpC-P60 family hydrolase
7.23444312585e-06	1	phage RecT family recombinase
7.23444312585e-06	1	MULTISPECIES: phage lysozyme (muraminidase)
7.23444312585e-06	1	IS110 family transposase ISMae40
7.23444312585e-06	1	HyuE hydantoin racemase
7.23444312585e-06	1	tripartite tricarboxylate transporter TctB family protein, partial
7.23444312585e-06	1	DUF695 domain-containing protein, partial
7.23444312585e-06	1	MULTISPECIES: glycosyl hydrolase family 31
7.23444312585e-06	1	DUF4965 domain-containing protein
7.23444312585e-06	1	peptide-N-glycosidase F
7.23444312585e-06	1	MULTISPECIES: DUF1481 domain-containing protein
7.23444312585e-06	1	putative beta-lysine N-acetyltransferase
7.23444312585e-06	1	DUF2604 domain-containing protein
7.23444312585e-06	1	GTP cyclohydrolase 1 protein
7.23444312585e-06	1	YCII-related
7.23444312585e-06	1	regulator, partial
7.23444312585e-06	1	rubredoxin-type Fe(Cys)4 protein
7.23444312585e-06	1	phenylacetate degradation thioesterase PaaD
7.23444312585e-06	1	glucose/galactose-binding lipoprotein
7.23444312585e-06	1	MULTISPECIES: oligo-1,6-glucosidase
7.23444312585e-06	1	DNA integration/recombination protein
7.23444312585e-06	1	N-acylneuraminate-9-phosphate synthase, partial
7.23444312585e-06	1	MULTISPECIES: nitrogen fixation protein FixC
7.23444312585e-06	1	ATP dependent DNA helicase UvrD/REP family
7.23444312585e-06	1	UDP-N-acetylglucosamine--peptide N-acetylglucosaminyltransferase subunit
7.23444312585e-06	1	MULTISPECIES: Tail collar domain-containing protein
7.23444312585e-06	1	NADH-ubiquinone oxidoreductase subunit J
7.23444312585e-06	1	cobalamin biosynthesis protein CbiG, partial
7.23444312585e-06	1	KilA/APSES-type HTH DNA-binding domain-containing protein
7.23444312585e-06	1	4-hydroxybenzoate polyprenyltransferase and related prenyltransferases
7.23444312585e-06	1	5-methylcytosine-specific restriction enzyme B(EcoKMcrBC)
7.23444312585e-06	1	MULTISPECIES: holin
7.23444312585e-06	1	heterokaryon incompatibility induction protein PhcA
7.23444312585e-06	1	protein MxaE
7.23444312585e-06	1	PhoH-like protein, partial
7.23444312585e-06	1	MmgE/PrpD family protein 4
7.23444312585e-06	1	MULTISPECIES: TIGR01212 family radical SAM protein
7.23444312585e-06	1	MULTISPECIES: protein fusion of DNA polymerase III, epsilon subunit and Excinuclease ABC, C subunit
7.23444312585e-06	1	plasmid-related protein
7.23444312585e-06	1	nodulation protein U
7.23444312585e-06	1	MULTISPECIES: glutaminase 1
7.23444312585e-06	1	DUF2561 domain-containing protein
7.23444312585e-06	1	Na+/drug antiporter
7.23444312585e-06	1	Alkaline serine exoprotease A precursor
7.23444312585e-06	1	cystathionine beta-lyase MalY
7.23444312585e-06	1	OPT family oligopeptide transporter
7.23444312585e-06	1	tubulin-like protein
7.23444312585e-06	1	TraG family protein
7.23444312585e-06	1	RecD/TraA family helicase
7.23444312585e-06	1	hypothetical protein,putative calcium-binding protein
7.23444312585e-06	1	MULTISPECIES: calcium/calmodulin dependent protein kinase II
7.23444312585e-06	1	medium-chain acyl-CoA ligase
7.23444312585e-06	1	MULTISPECIES: hydroxybenzoic acid transporter
7.23444312585e-06	1	lysine 2,3-aminomutase YodO family protein
7.23444312585e-06	1	taurine ABC transporter ATP-binding protein
7.23444312585e-06	1	zinc-carboxypeptidase D precursor
7.23444312585e-06	1	MULTISPECIES: lipoprotein bor
7.23444312585e-06	1	MULTISPECIES: DUF2283 domain-containing protein
7.23444312585e-06	1	competence protein CglB
7.23444312585e-06	1	NAD(P) transhydrogenase subunit alpha part 2, partial
7.23444312585e-06	1	acetyltransferase, N-acetylglutamate synthase
7.23444312585e-06	1	DUF4135 domain-containing protein
7.23444312585e-06	1	tungsten-containing formate dehydrogenase subunit beta
7.23444312585e-06	1	pyruvate phosphate dikinase, partial
7.23444312585e-06	1	MULTISPECIES: transcriptional regulator MraZ
7.23444312585e-06	1	HPr serine kinase
7.23444312585e-06	1	glutamyl-tRNA ligase, partial
7.23444312585e-06	1	DNA helicase/exodeoxyribonuclease V, beta subunit
7.23444312585e-06	1	phosphoribulokinase, partial
7.23444312585e-06	1	fucosyltransferase, partial
7.23444312585e-06	1	MULTISPECIES: hydrolyase
7.23444312585e-06	1	IS3 family transposase ISWsu1
7.23444312585e-06	1	MULTISPECIES: glutamine ABC transporter substrate-binding protein GlnH
7.23444312585e-06	1	MULTISPECIES: amylovoran biosynthesis protein AmsF
7.23444312585e-06	1	cyclic di-GMP-binding protein
7.23444312585e-06	1	DNA-binding protein StpA
7.23444312585e-06	1	potassium uptake system, Trk family protein
7.23444312585e-06	1	4-phosphoerythronate dehydrogenase PdxB
7.23444312585e-06	1	LytT sensor histidine kinase
7.23444312585e-06	1	MULTISPECIES: sporulation transcription factor Spo0A
7.23444312585e-06	1	MULTISPECIES: DUF3066 domain-containing protein
7.23444312585e-06	1	MULTISPECIES: addiction module antidote protein
7.23444312585e-06	1	DUF2834 domain-containing protein, partial
7.23444312585e-06	1	Vitamin B12 transport ATP-binding protein BacA
7.23444312585e-06	1	monoglyceride lipase
7.23444312585e-06	1	low-specificity L-threonine aldolase, partial
7.23444312585e-06	1	MULTISPECIES: DUF4304 domain-containing protein
7.23444312585e-06	1	MULTISPECIES: NADH (or F420H2) dehydrogenase
7.23444312585e-06	1	MULTISPECIES: MarC family transcriptional regulator
7.23444312585e-06	1	phosphonoacetaldehyde dehydrogenase, partial
7.23444312585e-06	1	MULTISPECIES: P22 coat protein - protein 5 domain protein
7.23444312585e-06	1	PQQ enzyme repeat-containing protein
7.23444312585e-06	1	DUF655 domain-containing protein
7.23444312585e-06	1	xylitol oxidase
7.23444312585e-06	1	MULTISPECIES: family 3 adenylate cyclase
7.23444312585e-06	1	D-3-phosphoglycerate dehydrogenase SerA
7.23444312585e-06	1	NMT1/THI5 like domain protein
7.23444312585e-06	1	ligase, partial
7.23444312585e-06	1	MULTISPECIES: aminotransferase class-V family protein
7.23444312585e-06	1	benzoylformate decarboxylase, partial
7.23444312585e-06	1	putative N-acetylmuramoyl-L-alanine amidase
7.23444312585e-06	1	putative nitrous oxidase accessory protein NosD
7.23444312585e-06	1	polysaccharide permease
7.23444312585e-06	1	acetyl-CoA synthetase subunit beta
7.23444312585e-06	1	glycosyl bnr repeat-containing protein
7.23444312585e-06	1	type III restriction-modification system, R subunit
7.23444312585e-06	1	fused lipid transporter subunits of ABC superfamily: membrane component; ATP-binding protein
7.23444312585e-06	1	MULTISPECIES: colicin transporter
7.23444312585e-06	1	MULTISPECIES: amylosucrase
7.23444312585e-06	1	citronellol/citronellal dehydrogenase
7.23444312585e-06	1	Tfp pilus assembly protein PilX
7.23444312585e-06	1	MULTISPECIES: Zn-finger-containing protein
7.23444312585e-06	1	RepB/MobA-like protein
7.23444312585e-06	1	L-amino-acid oxidase
7.23444312585e-06	1	protein GP15
7.23444312585e-06	1	cobalamin adenosyltransferase, partial
7.23444312585e-06	1	MULTISPECIES: DUF1036 domain-containing protein
7.23444312585e-06	1	DNA replication shutoff protein
7.23444312585e-06	1	DUF5115 domain-containing protein
7.23444312585e-06	1	lysine exporter protein
7.23444312585e-06	1	HPr(Ser) kinase
7.23444312585e-06	1	DUF924 domain-containing protein, partial
7.23444312585e-06	1	transmembrane sensor hybrid histidine kinase
7.23444312585e-06	1	phosphatidylglycerophosphatase B, partial
7.23444312585e-06	1	translation factor Sua5 type
7.23444312585e-06	1	MULTISPECIES: class 1b ribonucleoside-diphosphate reductase subunit beta
7.23444312585e-06	1	IS4 family transposase ISAzvi7
7.23444312585e-06	1	putative OLD family ATP-dependent endonuclease
7.23444312585e-06	1	K+-dependent Na+/Ca+ exchanger
7.23444312585e-06	1	MULTISPECIES: ArgP/LysG family DNA-binding transcriptional regulator
7.23444312585e-06	1	putative epoxide hydrolase
7.23444312585e-06	1	VOMI family protein
7.23444312585e-06	1	3-phenylpropionic acid transporter
7.23444312585e-06	1	TRP repeat-containing protein
7.23444312585e-06	1	penicillin-binding protein, 1A family
7.23444312585e-06	1	vacJ like lipofamily protein
7.23444312585e-06	1	SNF2/helicase
7.23444312585e-06	1	DUF2496 domain-containing protein
7.23444312585e-06	1	ergothioneine biosynthesis protein EgtC
7.23444312585e-06	1	ribose-phosphate pyrophosphokinase Prs
7.23444312585e-06	1	pyruvate/2-oxoglutarate dehydrogenase complex
7.23444312585e-06	1	DNA-binding domain-containing protein, AraC-type
7.23444312585e-06	1	MULTISPECIES: serine dehydrogenasease
7.23444312585e-06	1	TonB-dependent outer membrane protein
7.23444312585e-06	1	IS1182 family transposase ISPlpa2
7.23444312585e-06	1	type II secretion system protein, putative
7.23444312585e-06	1	ABC transporter, ATP-binding protein, putative
7.23444312585e-06	1	Fe2+-dicitrate sensor, membrane protein
7.23444312585e-06	1	MULTISPECIES: ureidoglycolate hydrolase
7.23444312585e-06	1	MULTISPECIES: ribosomal small subunit Rsm22
7.23444312585e-06	1	MULTISPECIES: DUF4180 domain-containing protein
7.23444312585e-06	1	ABC-type cobalamin/Fe3+-siderophore transport system, ATPase component
7.23444312585e-06	1	MULTISPECIES: D-alanyl-lipoteichoic acid biosynthesis protein DltB
7.23444312585e-06	1	putative Mannose-1-phosphate guanyltransferase
7.23444312585e-06	1	SpoIIE phosphatase
7.23444312585e-06	1	bacteriophage N4 receptor, inner membrane subunit
7.23444312585e-06	1	MULTISPECIES: DUF3782 domain-containing protein
7.23444312585e-06	1	histidine kinase,histidine kinase,MASE1-containing protein
7.23444312585e-06	1	phosphopantetheinyl transferase component of siderophore synthetase
7.23444312585e-06	1	Type II secretory pathway component PulD-like protein
7.23444312585e-06	1	DUF291 domain-containing protein
7.23444312585e-06	1	MULTISPECIES: nitrate ABC transporter
7.23444312585e-06	1	dihydrolipoyllysine-residue (2-methylpropanoyl)transferase
7.23444312585e-06	1	MULTISPECIES: DUF1838 domain-containing protein
7.23444312585e-06	1	PQQ repeat-containing protein
7.23444312585e-06	1	clostripain
7.23444312585e-06	1	McyA protein
7.23444312585e-06	1	PTS system L-ascorbate-specific transporter subunit IIB
7.23444312585e-06	1	estradiol 17-beta-dehydrogenase 12
7.23444312585e-06	1	SAM radical enzyme
7.23444312585e-06	1	protein containing PDZ domain
7.23444312585e-06	1	MULTISPECIES: DUF3822 domain-containing protein
7.23444312585e-06	1	biotin carboxylase-like protein
7.23444312585e-06	1	MULTISPECIES: transcription elongation factor GreAB
7.23444312585e-06	1	MULTISPECIES: foldase
7.23444312585e-06	1	nodulation efficiency protein D (NfeD) family protein
7.23444312585e-06	1	MULTISPECIES: GlcG protein
7.23444312585e-06	1	putative cytochrome B subunit
7.23444312585e-06	1	type IIS restriction enzyme
7.23444312585e-06	1	MULTISPECIES: Rhizopine catabolism protein MocA
7.23444312585e-06	1	cation efflux protein
7.23444312585e-06	1	MULTISPECIES: cytochrome C biogenesis protein CycH
7.23444312585e-06	1	FMN-binding glutamate synthase family protein, partial
7.23444312585e-06	1	sensor protein, partial
7.23444312585e-06	1	DUF1791 domain-containing protein, partial
7.23444312585e-06	1	concanavalin A-like lectin/glucanase
7.23444312585e-06	1	DL-methionine transporter substrate-binding subunit
7.23444312585e-06	1	MULTISPECIES: D-xylose transporter XylE
7.23444312585e-06	1	MULTISPECIES: carotenoid cleavage dioxygenase
7.23444312585e-06	1	proton-translocating NADH-quinone oxidoreductase
7.23444312585e-06	1	L-aspartate 1-decarboxylase
7.23444312585e-06	1	branched-chain alpha-keto acid dehydrogenase subunit E2, partial
7.23444312585e-06	1	Dockerin type 1
7.23444312585e-06	1	MULTISPECIES: cytochrome C oxidase subunit III
7.23444312585e-06	1	MULTISPECIES: ATP-dependent Clp protease adapter protein ClpS 1
7.23444312585e-06	1	Type IV conjugative transfer system lipoprotein (TraV)
7.23444312585e-06	1	secretory lipase
7.23444312585e-06	1	peptidyl-prolyl cis-trans isomerase, cyclophilin-type domain protein
7.23444312585e-06	1	tricorn protease
7.23444312585e-06	1	HlyJ haemolysin-like protein
7.23444312585e-06	1	IS630 family transposase ISArch4
7.23444312585e-06	1	MULTISPECIES: DUF342 domain-containing protein
7.23444312585e-06	1	MULTISPECIES: hemolytic protein HlpA-like protein
7.23444312585e-06	1	MULTISPECIES: sulfoacetaldehyde dehydrogenase
7.23444312585e-06	1	LPS ABC transporter permease
7.23444312585e-06	1	putative B-hexosaminidase (modular protein)
7.23444312585e-06	1	PmbA protein homolog
7.23444312585e-06	1	aromatic catabolism protein
7.23444312585e-06	1	PatB
7.23444312585e-06	1	LtrC-like protein
7.23444312585e-06	1	cobalt transporter ATP-binding subunit
7.23444312585e-06	1	MULTISPECIES: hydroxypyruvate reductase
7.23444312585e-06	1	MULTISPECIES: glutathione-regulated potassium-efflux system protein KefC
7.23444312585e-06	1	MULTISPECIES: glutathione-regulated potassium-efflux system protein KefB
7.23444312585e-06	1	Pyoverdine sidechain non-ribosomal peptide synthetase module III, partial
7.23444312585e-06	1	Luciferase-like monooxygenase
7.23444312585e-06	1	MULTISPECIES: DitF protein
7.23444312585e-06	1	CBS:transporter-associated region
7.23444312585e-06	1	Polysaccharide biosynthesis/export protein
7.23444312585e-06	1	MULTISPECIES: two-component sensor kinase
7.23444312585e-06	1	K channel inward rectifier conserved region 2 domain protein
7.23444312585e-06	1	MULTISPECIES: MgtC family protein
7.23444312585e-06	1	MULTISPECIES: cointegrate resolution protein T
7.23444312585e-06	1	RNA procession exonuclease
7.23444312585e-06	1	MULTISPECIES: peptide-aspartate beta-dioxygenase
7.23444312585e-06	1	IS5 family transposase ISPaes1
7.23444312585e-06	1	ATP-independent RNA helicase
7.23444312585e-06	1	MULTISPECIES: nidogen
7.23444312585e-06	1	Phage-related minor tail protein, partial
7.23444312585e-06	1	nitrate/nitrite sensor histidine kinase
7.23444312585e-06	1	MULTISPECIES: CO2 hydration protein
7.23444312585e-06	1	EF hand repeat-containing protein
7.23444312585e-06	1	Helicase RecD/TraA
7.23444312585e-06	1	TIGR04141 family sporadically distributed protein
7.23444312585e-06	1	bifunctional phosphopantothenoylcysteine decarboxylase/phosphopantothenate--cysteine ligase
7.23444312585e-06	1	malonyl-CoA synthase, partial
7.23444312585e-06	1	O-unit flippase Wzx
7.23444312585e-06	1	arginine transporter permease subunit ArtM
7.23444312585e-06	1	methionine-R-sulfoxide reductase
7.23444312585e-06	1	solute carrier family 4, anion exchanger, member 2
7.23444312585e-06	1	antirestriction protein ArdC, partial
7.23444312585e-06	1	mannosyl-oligosaccharide 1,2-alpha-mannosidase
7.23444312585e-06	1	DUF401 domain-containing protein
7.23444312585e-06	1	16S pseudouridylate 516 synthase
7.23444312585e-06	1	MULTISPECIES: putative licheninase
7.23444312585e-06	1	MULTISPECIES: YaeQ family protein
7.23444312585e-06	1	MULTISPECIES: type VI secretion system protein ImpK
7.23444312585e-06	1	siderophore ABC superfamily ATP-binding cassette transporter -binding protein
7.23444312585e-06	1	glucosamine 6-phosphate synthetase, partial
7.23444312585e-06	1	capsular exopolysaccharide protein
7.23444312585e-06	1	Na+ -ATPase subunit J
7.23444312585e-06	1	MULTISPECIES: phage capsid family protein, partial
7.23444312585e-06	1	glycogen branching protein
7.23444312585e-06	1	MULTISPECIES: multidrug ABC transporter permease/ATP-binding protein
7.23444312585e-06	1	eicosanoid and glutathione metabolism membrane protein
7.23444312585e-06	1	competence protein ComB
7.23444312585e-06	1	transcriptional regulator, AraC family protein
7.23444312585e-06	1	carbohydrate-binding protein SusD
7.23444312585e-06	1	fimbrial protein precursor (pilin) (strain P1)
7.23444312585e-06	1	acyl-CoA carboxylase subunit beta
7.23444312585e-06	1	N-methylhydantoinase A, partial
7.23444312585e-06	1	chemotaxis response regulator
7.23444312585e-06	1	MULTISPECIES: glutamate carboxypeptidase, partial
7.23444312585e-06	1	Stf0 sulfotransferase
7.23444312585e-06	1	putative flagellar biosynthesis protein FlhF
7.23444312585e-06	1	chloramphenicol-biosynthetic FADH2-dependent halogenase CmlS
7.23444312585e-06	1	pentitol phosphotransferase enzyme IIA component
7.23444312585e-06	1	cytochrome-c oxidase fixP chain
7.23444312585e-06	1	acyl-homoserine lactone acylase subunit beta
7.23444312585e-06	1	MULTISPECIES: catabolite control protein A
7.23444312585e-06	1	putative protein Rv1367c/MT1414
7.23444312585e-06	1	DNA-directed RNA polymerase specialized ECF-type sigma subunit
7.23444312585e-06	1	peptidase M17 leucyl aminopeptidase domain protein
7.23444312585e-06	1	TIGR03809 family protein
7.23444312585e-06	1	N(6)-L-threonylcarbamoyladenine synthase TsaD
7.23444312585e-06	1	iron-dependent repressor ideR
7.23444312585e-06	1	quinol oxidase subunit 1
7.23444312585e-06	1	Lipopolysaccharide-assembly domain containing protein
7.23444312585e-06	1	MULTISPECIES: topoisomerase I
7.23444312585e-06	1	putative Carotenoid oxygenase
7.23444312585e-06	1	synthetase
7.23444312585e-06	1	MULTISPECIES: DUF3316 domain-containing protein
7.23444312585e-06	1	MULTISPECIES: HxlR family transcriptional regulator
7.23444312585e-06	1	putative carbamoyl transferase
7.23444312585e-06	1	putative enoyl-CoA hydratase echA8
7.23444312585e-06	1	type III secretion exporter
7.23444312585e-06	1	copper resistance protein A
7.23444312585e-06	1	copper resistance protein D
7.23444312585e-06	1	Putative phage terminase
7.23444312585e-06	1	Photosystem II reaction center X protein
7.23444312585e-06	1	lichenase
7.23444312585e-06	1	KilA-N domain protein
7.23444312585e-06	1	glutamate--cysteine ligase GCS2
7.23444312585e-06	1	WbpR
7.23444312585e-06	1	putative xanthine dehydrogenase subunit D (XDHasesubunit D)
7.23444312585e-06	1	putative two-component sensor histidine kinase
7.23444312585e-06	1	pyridoxalphosphate dependent aminotransferase, class III
7.23444312585e-06	1	periplasmic type I secretion system
7.23444312585e-06	1	MULTISPECIES: ATP-dependent OLD family endonuclease
7.23444312585e-06	1	MULTISPECIES: extra-cytoplasmic solute receptor
7.23444312585e-06	1	dolichol-phosphate mannosyltransferase, partial
7.23444312585e-06	1	MULTISPECIES: DUF1217 domain-containing protein
7.23444312585e-06	1	2-methylthioadenine synthetase
7.23444312585e-06	1	conserved exported hypothetical protein
7.23444312585e-06	1	norphogenetic protein
7.23444312585e-06	1	Putative SAM-dependent methyltransferase
7.23444312585e-06	1	MULTISPECIES: Sucraseferredoxin family protein
7.23444312585e-06	1	WecB/TagA/CpsF family glycosyl transferase
7.23444312585e-06	1	acyl-ACP-UDP-N- acetylglucosamine O-acyltransferase
7.23444312585e-06	1	MULTISPECIES: PII-like signal transmitter protein GlnK
7.23444312585e-06	1	tripartite ATP-independent periplasmic transporter DctQ
7.23444312585e-06	1	clavaminate synthase
7.23444312585e-06	1	MULTISPECIES: anti-ECFsigma factor ChrR
7.23444312585e-06	1	2-polyprenyl-6-methoxyphenol 4-hydroxylase
7.23444312585e-06	1	4-hydroxy-2-oxo-heptane-1,7-dioate aldolase HpcH
7.23444312585e-06	1	MULTISPECIES: UDP pyrophosphate phosphatase
7.23444312585e-06	1	sterol-sensing 5TM box YdfJ
7.23444312585e-06	1	MULTISPECIES: elongation factor P hydroxylase
7.23444312585e-06	1	formyltetrahydrofolate deformylase, partial
7.23444312585e-06	1	MULTISPECIES: glycerol-3-phosphate cytidiltransferase
7.23444312585e-06	1	DNA polymerase III, epsilon subunit:DnaQ exonuclease (dnaQ-like) (DinG-like helicase)
7.23444312585e-06	1	MULTISPECIES: phycobilisome rod-core linker polypeptide CpcG1
7.23444312585e-06	1	type 1 secretion protein
7.23444312585e-06	1	ATPase/kinase involved in NAD metabolism-like protein
7.23444312585e-06	1	DitF domain-containing protein
7.23444312585e-06	1	mycocerosate synthase
7.23444312585e-06	1	menaquinol-cytochrome C reductase iron-sulfur subunit
7.23444312585e-06	1	MULTISPECIES: serine-tRNA(Ala) deacylase AlaX
7.23444312585e-06	1	MULTISPECIES: toluene monooxygenase
7.23444312585e-06	1	aminotransferase class II
7.23444312585e-06	1	family 1 extracellular solute-binding protein
7.23444312585e-06	1	nitrate reductase 1, cytochrome b(NR), gamma subunit
7.23444312585e-06	1	peptidase m14 carboxypeptidase a
7.23444312585e-06	1	putative lysyl endopeptidase
7.23444312585e-06	1	acetoin:2,6-dichlorophenolindophenol oxidoreductase subunit alpha, partial
7.23444312585e-06	1	glutathione-dependent formaldehyde activating protein-like protein
7.23444312585e-06	1	acyl-CoA thiolase
7.23444312585e-06	1	dipeptide-binding ABC transporter substrate-binding protein
7.23444312585e-06	1	DUF4832 domain-containing protein, partial
7.23444312585e-06	1	adhesin HecA family protein
7.23444312585e-06	1	3-deoxy-D-manno-octulosonate 8-phosphate phosphatase KdsC
7.23444312585e-06	1	acyl CoA carboxylase subunit alpha
7.23444312585e-06	1	putative outer membrane receptor for iron transport
7.23444312585e-06	1	lipid A 1-phosphatase LpxE
7.23444312585e-06	1	DUF2815 domain-containing protein, partial
7.23444312585e-06	1	MULTISPECIES: DUF1249 domain-containing protein
7.23444312585e-06	1	MULTISPECIES: transcription termination factor NusA
7.23444312585e-06	1	radical SAM mobile pair system MarR family transcriptional regulator
7.23444312585e-06	1	MULTISPECIES: transcriptional regulator, AbrB family
7.23444312585e-06	1	MULTISPECIES: non-heme iron oxygenase ferredoxin subunit
7.23444312585e-06	1	restriction endonuclease FokI
7.23444312585e-06	1	photosystem II protein D1
7.23444312585e-06	1	integrative conjugative element protein, RAQPRD family
7.23444312585e-06	1	putative metal-dependent protease of the PAD1/JAB1 superfamily
7.23444312585e-06	1	TrbJ
7.23444312585e-06	1	sarcosine oxidase subunit alpha family protein, partial
7.23444312585e-06	1	porphyrin biosynthesis protein HemD
7.23444312585e-06	1	putative peptidoglycan-binding domain-containing protein
7.23444312585e-06	1	squalene synthase HpnC, partial
7.23444312585e-06	1	putative phage replication protein
7.23444312585e-06	1	alanine racemase domain-containing protein
7.23444312585e-06	1	MULTISPECIES: carbamoyl-phosphate synthase (glutamine-hydrolyzing) small subunit
7.23444312585e-06	1	Na/Pi-cotransporter II
7.23444312585e-06	1	F0F1 ATP synthase subunit
7.23444312585e-06	1	MULTISPECIES: conjugative transposon protein TraM
7.23444312585e-06	1	MULTISPECIES: formylmethanofuran dehydrogenase subunit C
7.23444312585e-06	1	fatty-acid metabolism regulator protein
7.23444312585e-06	1	molecular chaperone Hsp90, partial
7.23444312585e-06	1	Spore coat polysaccharide biosynthesis protein glycosyltransferase
7.23444312585e-06	1	outer membrane secretion protein
7.23444312585e-06	1	glycosyltransferase (GlcNAc)
7.23444312585e-06	1	AarF-like protein kinase
7.23444312585e-06	1	nickel ABC transporter, nickel/metallophore periplasmic binding protein
7.23444312585e-06	1	Immunoglobulin V-set domain protein
7.23444312585e-06	1	phage integrase family site specific recombinase
7.23444312585e-06	1	globin domain fused with STAS (sulfate transporter and Anti-Sigma factor antagonist) domain protein
7.23444312585e-06	1	MULTISPECIES: sulfopyruvate decarboxylase
7.23444312585e-06	1	Tyrosine recombinase XerC 2
7.23444312585e-06	1	DNA-binding, ATP-dependent protease La
7.23444312585e-06	1	ATP-independent periplasmic protein-refolding chaperone
7.23444312585e-06	1	transcriptional regulatory protein
7.23444312585e-06	1	N-ethylmaleimide reductase
7.23444312585e-06	1	sporulation protein K
7.23444312585e-06	1	sporulation protein R
7.23444312585e-06	1	benzaldehyde dehydrogenase, partial
7.23444312585e-06	1	oligopeptide transporter OPT family
7.23444312585e-06	1	plasmid replication protein
7.23444312585e-06	1	quinol dehydrogenase periplasmic component
7.23444312585e-06	1	glycosyltrehalose trehalohydrolase
7.23444312585e-06	1	IS1595 family transposase ISDal1
7.23444312585e-06	1	bacteriophage tail tape measure protein, partial
7.23444312585e-06	1	streptomycin phosphotransferase
7.23444312585e-06	1	Periplasmic binding protein
7.23444312585e-06	1	FMN oxidoreductase
7.23444312585e-06	1	enolase-CoA hydratase/isomerase family
7.23444312585e-06	1	IS3 family transposase ISCARN101
7.23444312585e-06	1	S-protein secretion protein E
7.23444312585e-06	1	zinc finger ubp-type protein
7.23444312585e-06	1	nitrogen regulatory protein P-II 2
7.23444312585e-06	1	MULTISPECIES: cbb3-type cytochrome C oxidase subunit III
7.23444312585e-06	1	MULTISPECIES: thiazole biosynthesis protein
7.23444312585e-06	1	MULTISPECIES: 2-hydroxycyclohexane-1-carbonyl-CoA dehydrogenase
7.23444312585e-06	1	MULTISPECIES: type III restriction-modification system StyLTI enzyme res
7.23444312585e-06	1	molybdopterin oxidoreductase, iron sulfur subunit
7.23444312585e-06	1	Fatty acid hydroxylase superfamily protein
7.23444312585e-06	1	coenzyme F420 hydrogenase/dehydrogenase subunit beta domain protein
7.23444312585e-06	1	O-succinylbenzoate synthase, partial
7.23444312585e-06	1	MULTISPECIES: sodium ABC transporter ATP-binding protein
7.23444312585e-06	1	carbamoyl-phosphate synthase L chain ATP--binding
7.23444312585e-06	1	ribonuclease Rne/Rng family, partial
7.23444312585e-06	1	cobalamin (vitamin B12) biosynthesis protein CbiX
7.23444312585e-06	1	iron-enterobactin transporter membrane protein
7.23444312585e-06	1	MEKHLA domain protein
7.23444312585e-06	1	nitrogenase molybdenum-iron protein subunit beta, partial
7.23444312585e-06	1	MULTISPECIES: symporter
7.23444312585e-06	1	rRNA (cytosine-C5)-methyltransferase
7.23444312585e-06	1	MULTISPECIES: putative flavin-containing monooxygenase
7.23444312585e-06	1	type VI secretion system OmpA/MotB family protein
7.23444312585e-06	1	DNA-3-methyladenine glycosylase 2 family protein, partial
7.23444312585e-06	1	MULTISPECIES: selenide, water dikinase
7.23444312585e-06	1	bifunctional phosphoribosyl-AMP cyclohydrolase/phosphoribosyl-ATP diphosphatase, partial
7.23444312585e-06	1	teichuronic acid biosynthesis glycosyl transferase tuaG
7.23444312585e-06	1	MULTISPECIES: accessory regulator AgrB
7.23444312585e-06	1	MULTISPECIES: ATP synthase F0 subcomplex B' subunit
7.23444312585e-06	1	MULTISPECIES: DUF2149 domain-containing protein
7.23444312585e-06	1	IS630 family transposase ISSpu23
7.23444312585e-06	1	heme d1 biosynthesis radical SAM protein NirJ1
7.23444312585e-06	1	PdhR family transcriptional regulator
7.23444312585e-06	1	acetyl-CoA hydrolase Ach
7.23444312585e-06	1	bifunctional deaminase-reductase domain-containing protein
7.23444312585e-06	1	MULTISPECIES: murein hydrolase transporter LrgA
7.23444312585e-06	1	zinc/iron permease, partial
7.23444312585e-06	1	MULTISPECIES: alpha,alpha-trehalose-phosphate synthase
7.23444312585e-06	1	DUF697 domain-containing protein, partial
7.23444312585e-06	1	Periplasmic beta-glucosidase precursor
7.23444312585e-06	1	MULTISPECIES: ectoine/hydroxyectoine ABC transporter substrate-binding protein EhuB
7.23444312585e-06	1	MULTISPECIES: phosphonate metabolism transcriptional regulator PhnF
7.23444312585e-06	1	mixed polyketide synthase/non-ribosomal peptide synthetase
7.23444312585e-06	1	MULTISPECIES: sorbitol 6-phosphate dehydrogenase
7.23444312585e-06	1	MULTISPECIES: Sea12
7.23444312585e-06	1	MULTISPECIES: xylose ABC transporter permease
7.23444312585e-06	1	MULTISPECIES: DUF2057 domain-containing protein
7.23444312585e-06	1	MULTISPECIES: exopolysaccharide biosynthesis protein exod
7.23444312585e-06	1	allophycocyanin subunit alpha apoprotein
7.23444312585e-06	1	putative heme iron utilization protein
7.23444312585e-06	1	Nuclear transport factor 2
7.23444312585e-06	1	twitching motility protein PilT, partial
7.23444312585e-06	1	MULTISPECIES: phosphoethanolamine transferase EptA
7.23444312585e-06	1	WavQ
7.23444312585e-06	1	OsmC/Ohr family protein
7.23444312585e-06	1	transcriptional regulator SlyA
7.23444312585e-06	1	flagellin modification protein FlmF
7.23444312585e-06	1	Proline sensor PrlS
7.23444312585e-06	1	patatin like phospholipase
7.23444312585e-06	1	autoinducer-binding domain-containing protein
7.23444312585e-06	1	MULTISPECIES: two-component system sensor kinase
7.23444312585e-06	1	MULTISPECIES: 4-hydroxy-4-methyl-2-oxoglutarate aldolase/4-carboxy-4-hydroxy-2-oxoadipate aldolase
7.23444312585e-06	1	MULTISPECIES: O-acetylhomoserine sulfhydrylase (O-acetylhomoserine (thiol)-lyase) (OAH sulfhydrylase) (Homocysteine synthase)
7.23444312585e-06	1	MULTISPECIES: YebC/PmpR family DNA-binding regulatory protein
7.23444312585e-06	1	HNH endonuclease family protein
7.23444312585e-06	1	multidrug efflux pump outer membrane protein
7.23444312585e-06	1	regulator containing a HipA-like domain
7.23444312585e-06	1	IS3 family transposase ISAcma13
7.23444312585e-06	1	Spherulation-specific family 4
7.23444312585e-06	1	HAD hydrolase, family IA
7.23444312585e-06	1	MULTISPECIES: forkhead-associated
7.23444312585e-06	1	Ta11 non-LTR retroelement
7.23444312585e-06	1	cell surface glycoprotein 2 precursor
7.23444312585e-06	1	FMN adenylyltransferase / riboflavin kinase
7.23444312585e-06	1	elongation factor
7.23444312585e-06	1	potassium-transporting ATPase subunit C, partial
7.23444312585e-06	1	carboxymethylenebutenolidase, partial
7.23444312585e-06	1	export associated protein
7.23444312585e-06	1	dihydrolipoamide acetyltransferase component (E2) of acetoin dehydrogenase complex
7.23444312585e-06	1	succinate dehydrogenase membrane anchor
7.23444312585e-06	1	MULTISPECIES: TrkH family potassium uptake protein
7.23444312585e-06	1	Hok/Gef family protein
7.23444312585e-06	1	putative bacterial type II secretion system protein
7.23444312585e-06	1	endo-beta-1,3-glucanase
7.23444312585e-06	1	electron transporter YccM
7.23444312585e-06	1	DUF4870 domain-containing protein, partial
7.23444312585e-06	1	MULTISPECIES: sigma-E factor regulatory protein RseB
7.23444312585e-06	1	citXG protein
7.23444312585e-06	1	gliding motility ABC transporter
7.23444312585e-06	1	MULTISPECIES: 5'-nucleotidase SurE
7.23444312585e-06	1	tripartite ATP-independent periplasmic transporter DctQ component
7.23444312585e-06	1	Penicillin-binding protein-related factor A recombinase
7.23444312585e-06	1	type IV secretory pathway, VirD4 component
7.23444312585e-06	1	Rhamnan synthesis F
7.23444312585e-06	1	NDP-hexose-3-ketoreductase
7.23444312585e-06	1	Zn-finger domain-containing protein (topoisomerase type I-like)
7.23444312585e-06	1	type II restriction endonuclease BsuBI, partial
7.23444312585e-06	1	protoheme IX farnesyltransferase 1
7.23444312585e-06	1	IS630 family transposase ISGdi6
7.23444312585e-06	1	bifunctional 3,4-dihydroxy-2-butanone-4-phosphate synthase/GTP cyclohydrolase II, partial
7.23444312585e-06	1	haloalkane dehalogenase DhmA
7.23444312585e-06	1	extracellular xylan exo-alpha-(1->2)-glucuronosidase
7.23444312585e-06	1	bifunctional type II restriction enzyme / methyltransferase
7.23444312585e-06	1	L-malate permease
7.23444312585e-06	1	MULTISPECIES: p-cresol methylhydroxylase
7.23444312585e-06	1	magnesium chelatase chlI subunit
7.23444312585e-06	1	ribosomal-protein-alanine N-acetyltransferase RimI, partial
7.23444312585e-06	1	phage head morphogenesis, SPP1 gp7 family domain-containing protein
7.23444312585e-06	1	MULTISPECIES: inner membrane protein
7.23444312585e-06	1	ATP-citrate lyase/succinyl-CoA ligase
7.23444312585e-06	1	Putative TerC family transporter
7.23444312585e-06	1	Cyanobacterial phytochrome A
7.23444312585e-06	1	Tfp pilus assembly protein major pilin PilA, partial
7.23444312585e-06	1	abhydrolase
7.23444312585e-06	1	cystathionine gamma-synthase/cystathionine beta-lyase
7.23444312585e-06	1	MULTISPECIES: adenylosuccinate lyase, partial
7.23444312585e-06	1	MULTISPECIES: molybdopterin-converting factor chain 2
7.23444312585e-06	1	MULTISPECIES: sugar dehydratase
7.23444312585e-06	1	methyltransferase type 12 protein
7.23444312585e-06	1	putative phage terminase, large subunit
7.23444312585e-06	1	MULTISPECIES: glucosamine-6-phosphate isomerase
7.23444312585e-06	1	G8 domain-containing protein
7.23444312585e-06	1	Na(+)/dicarboxylate symporter
7.23444312585e-06	1	tRNA-dependent cyclodipeptide synthase
7.23444312585e-06	1	MULTISPECIES: MexW/MexI family multidrug efflux RND transporter permease subunit
7.23444312585e-06	1	DNA-binding domain, methylated-DNA
7.23444312585e-06	1	ferredoxin-NAD reductase subunit
7.23444312585e-06	1	Oligopeptide-binding protein AppA precursor
7.23444312585e-06	1	peptidylarginine deiminase-like protein
7.23444312585e-06	1	sugar diacid recognition domain protein
7.23444312585e-06	1	Colanic acid biosynthesis protein WcaK
7.23444312585e-06	1	MULTISPECIES: type I asparaginase
7.23444312585e-06	1	chondroitin polymerase
7.23444312585e-06	1	ERI operon repressor
7.23444312585e-06	1	MaoC domain-containing protein
7.23444312585e-06	1	YgiT-type zinc finger domain protein
7.23444312585e-06	1	DUF303 domain-containing protein
7.23444312585e-06	1	MULTISPECIES: NRDE family protein
7.23444312585e-06	1	MULTISPECIES: transcriptional regulator IlvY
7.23444312585e-06	1	MULTISPECIES: pemk protein
7.23444312585e-06	1	DNA polymerase B region
7.23444312585e-06	1	evolved beta-galactosidase subunit alpha
7.23444312585e-06	1	MULTISPECIES: poly-beta-hydroxybutyrate synthase
7.23444312585e-06	1	tRNA 5'-guanylyltransferase
7.23444312585e-06	1	MULTISPECIES: benzoyl-CoA reductase subunit B
7.23444312585e-06	1	preprotein translocase subunit SecB-like protein
7.23444312585e-06	1	heparinase II/III-like family protein
7.23444312585e-06	1	ABC nitrate/nitrite transporter substrate-binding protein
7.23444312585e-06	1	needle chaperone SctE
7.23444312585e-06	1	xylulose 5-phosphate phosphoketolase
7.23444312585e-06	1	heme transporter CcmC, partial
7.23444312585e-06	1	protein DsrH
7.23444312585e-06	1	cell wall biosynthesis protein
7.23444312585e-06	1	MULTISPECIES: Phd-YefM
7.23444312585e-06	1	putative dipeptidyl peptidase
7.23444312585e-06	1	HipA-like N-terminal domain protein
7.23444312585e-06	1	TonB-dependent heme/hemoglobin receptor family protein
7.23444312585e-06	1	succinoglycan biosynthesis protein exow
7.23444312585e-06	1	bifunctional transcriptional regulator/O6-methylguanine-DNA methyltransferase, partial
7.23444312585e-06	1	GHMP kinase, partial
7.23444312585e-06	1	lipid A biosynthesis protein, partial
7.23444312585e-06	1	N-acetylmuramoyl-L-alanine amidase family protein
7.23444312585e-06	1	Anion transporter
7.23444312585e-06	1	B12 binding domain/transcriptional regulator, MerR family protein
7.23444312585e-06	1	MULTISPECIES: 7-alpha-hydroxysteroid dehydrogenase
7.23444312585e-06	1	Soluble aldose sugar dehydrogenase yliI precursor
7.23444312585e-06	1	MULTISPECIES: phage tail fiber protein
7.23444312585e-06	1	nodulation protein NodV
7.23444312585e-06	1	nodulation protein NodZ
7.23444312585e-06	1	multidrug resistance protein NorM
7.23444312585e-06	1	IS5 family transposase ISCARN107
7.23444312585e-06	1	pyranose oxidase, partial
7.23444312585e-06	1	pesticidal protein Cry11Aa
7.23444312585e-06	1	recombination inhibitory protein MutS2
7.23444312585e-06	1	MULTISPECIES: lipoate--protein ligase A
7.23444312585e-06	1	Ca2+/H+ antiporter ChaA
7.23444312585e-06	1	putative O-antigen export ABC transporter, ATP-binding protein
7.23444312585e-06	1	penicilin amidase, partial
7.23444312585e-06	1	Isoquinoline 1-oxidoreductase subunit
7.23444312585e-06	1	MutS domain V protein
7.23444312585e-06	1	capK related-protein
7.23444312585e-06	1	formyl transferase domain protein
7.23444312585e-06	1	MULTISPECIES: lambda family phage tail tape measure protein
7.23444312585e-06	1	IS1 family transposase ISOba3
7.23444312585e-06	1	MULTISPECIES: oligosaccharide deacetylase
7.23444312585e-06	1	host cell division inhibitory peptide Kil
7.23444312585e-06	1	Integrase, catalytic core, phage domain protein
7.23444312585e-06	1	Mrr restriction endonuclease Mrr
7.23444312585e-06	1	phage terminase large subunit GpA-like protein
7.23444312585e-06	1	MULTISPECIES: ATP-binding cassette family protein
7.23444312585e-06	1	DNA polymerase III subunit psi
7.23444312585e-06	1	IS4 family transposase ISNmo2
7.23444312585e-06	1	DszB
7.23444312585e-06	1	MULTISPECIES: LexA regulated protein
7.23444312585e-06	1	tRNA uridine 5-carboxymethylaminomethyl modification protein MnmG
7.23444312585e-06	1	MULTISPECIES: IS3 family transposase ISAzs33
7.23444312585e-06	1	transcriptional regulator IclR
7.23444312585e-06	1	IS1595 family transposase ISNia2
7.23444312585e-06	1	MULTISPECIES: arsenic efflux pump protein
7.23444312585e-06	1	cat2 protein
7.23444312585e-06	1	rare lipoprotein B
7.23444312585e-06	1	replication-associated recombination protein A, partial
7.23444312585e-06	1	helix-hairpin-helix domain-containing protein
7.23444312585e-06	1	secreted trypsin-like lysyl endopeptidase
7.23444312585e-06	1	PSP1 superfamily protein
7.23444312585e-06	1	dimethylaniline monooxygenase (N-oxide forming)
7.23444312585e-06	1	M6 family metalloprotease, partial
7.23444312585e-06	1	MULTISPECIES: IS3 family transposase ISPosp5
7.23444312585e-06	1	PilC beta-propeller domain-containing protein
7.23444312585e-06	1	MULTISPECIES: putative modification methylase
7.23444312585e-06	1	maltose regulon protein MalM
7.23444312585e-06	1	MORN motif-containing protein
7.23444312585e-06	1	IS5 family transposase ISRba8
7.23444312585e-06	1	phospholipid ABC transporter permease mlaE
7.23444312585e-06	1	MULTISPECIES: citrate lyase acyl carrier protein
7.23444312585e-06	1	secreted protein containing Peptidyl-prolyl cis-trans isomerase, FKBP-type domain protein
7.23444312585e-06	1	transporter Rv2684/MT2758
7.23444312585e-06	1	dye-linked L-proline dehydrogenase gamma subunit
7.23444312585e-06	1	Methyltransferase domain family
7.23444312585e-06	1	putative carboxymethylenebutenolidase
7.23444312585e-06	1	ATP synthase epsilon chain, partial
7.23444312585e-06	1	substrate-binding domain protein
7.23444312585e-06	1	protein-glutamine gamma-glutamyltransferase
7.23444312585e-06	1	NAD(P)-dependent sugar dehydrogenase
7.23444312585e-06	1	MULTISPECIES: lysine 6-aminotransferase
7.23444312585e-06	1	Polynucleotide adenylyltransferase region
7.23444312585e-06	1	reducing end xylose-releasing exo-oligoxylanase
7.23444312585e-06	1	putative 3-deoxy-D-manno-octulosonate cytidylyltransferase (modular protein)
7.23444312585e-06	1	phage tail protein domain-containing protein
7.23444312585e-06	1	type II secretion pathway component PulC contains PDZ domain
7.23444312585e-06	1	signal transduction protein containing membrane, EAL and GGDEF domains-like
7.23444312585e-06	1	heavy metal-binding domain-containing protein
7.23444312585e-06	1	secretion protein EccC
7.23444312585e-06	1	elongation factor G-binding protein
7.23444312585e-06	1	MULTISPECIES: malonate decarboxylase holo-ACP synthase
7.23444312585e-06	1	ferrous iron transport protein B, partial
7.23444312585e-06	1	GAF:ATP-binding protein
7.23444312585e-06	1	MULTISPECIES: alpha/beta hydrolase fold family protein
7.23444312585e-06	1	DUF1595 domain-containing protein
7.23444312585e-06	1	type VI secretion protein EvpB, partial
7.23444312585e-06	1	CI repressor
7.23444312585e-06	1	Astacin (Peptidase family M12A)
7.23444312585e-06	1	lipopolysaccharide ABC transporter substrate-binding protein LptA
7.23444312585e-06	1	membrane-associated sulfatase
7.23444312585e-06	1	HEAT repeat domain-containing protein, partial
7.23444312585e-06	1	spr gene product
7.23444312585e-06	1	MULTISPECIES: DUF366 domain-containing protein
7.23444312585e-06	1	MULTISPECIES: dimethylarginine dimethylaminohydrolase
7.23444312585e-06	1	sulfatase-modifying factor enzyme 1
7.23444312585e-06	1	phage protein TIGR01671
7.23444312585e-06	1	P-loop containing nucleoside triphosphate hydrolase superfamily
7.23444312585e-06	1	putative histamine N-monooxygenase
7.23444312585e-06	1	PTS sucrose transporter subunit IIABC
7.23444312585e-06	1	MULTISPECIES: DUF4234 domain-containing protein
7.23444312585e-06	1	short-chain type dehydrogenase/reductase
7.23444312585e-06	1	SprT protein
7.23444312585e-06	1	Mo-nitrogenase iron protein subunit NifH
7.23444312585e-06	1	glycoside/pentoside/hexuronide transporter
7.23444312585e-06	1	MULTISPECIES: isomerase YbhH
7.23444312585e-06	1	NADH-quinone oxidoreductase subunit C, partial
7.23444312585e-06	1	capsule synthesis protein, partial
7.23444312585e-06	1	his Kinase A domain protein
7.23444312585e-06	1	DNA helicase-like protein
7.23444312585e-06	1	Trehalose utilization
7.23444312585e-06	1	SelT/selW/selH selenoprotein
7.23444312585e-06	1	recombinase RecG
7.23444312585e-06	1	RecA-family ATPase
7.23444312585e-06	1	anchored repeat ABC transporter, substrate-binding protein
7.23444312585e-06	1	MULTISPECIES: putative sodium-coupled permease
7.23444312585e-06	1	MULTISPECIES: ErfK/YbiS/YcfS/YnhG family protein
7.23444312585e-06	1	MULTISPECIES: DUF2025 domain-containing protein
7.23444312585e-06	1	osmotically-inducible protein OsmY
7.23444312585e-06	1	50S ribosomal protein L15, partial
7.23444312585e-06	1	MULTISPECIES: NAD(P)H-dependent FMN reductase
7.23444312585e-06	1	thiamine pyrophosphate enzyme, TPP-binding domain protein
7.23444312585e-06	1	subclass B3 metallo-beta-lactamase CAU-1
7.23444312585e-06	1	MULTISPECIES: DNA metabolism protein
7.23444312585e-06	1	ABC transporter (ATP-binding and permease)
7.23444312585e-06	1	putative type IIS restriction/modification enzyme
7.23444312585e-06	1	intercellular spreading VacJ lipoprotein
7.23444312585e-06	1	DUF3343 domain-containing protein
7.23444312585e-06	1	sugar-specific permease EIIA 1 domain-containing protein
7.23444312585e-06	1	dipicolinate synthase
7.23444312585e-06	1	Probably involved in regulation of translation initiation
7.23444312585e-06	1	protein involved in formation of curli polymers-like protein
7.23444312585e-06	1	general secretion pathway L
7.23444312585e-06	1	phosphoesterase HXTX
7.23444312585e-06	1	conserved hypothetical protein, contains NHL repeats
7.23444312585e-06	1	MULTISPECIES: PQQ enzyme
7.23444312585e-06	1	selenocysteine-specific translation elongation factor, partial
7.23444312585e-06	1	secretion system X translation initiation factor
7.23444312585e-06	1	NADH oxidoreductase
7.23444312585e-06	1	MULTISPECIES: hydroxymethylglutaryl-CoA reductase (NADPH)
7.23444312585e-06	1	mycodextranase
7.23444312585e-06	1	alpha-galactosidase A
7.23444312585e-06	1	acetoin dehydrogenase E1 component subunit alpha
7.23444312585e-06	1	polyamine transporter subunit; membrane component of ABC superfamily
7.23444312585e-06	1	flagellar basal-body rod protein FlgG, partial
7.23444312585e-06	1	Condensation domain protein
7.23444312585e-06	1	DUF891 domain-containing protein
7.23444312585e-06	1	glucosamine-6-sulfatase
7.23444312585e-06	1	DNA repair protein HhH-GPD
7.23444312585e-06	1	polysialic acid capsule biosynthesis protein SiaC
7.23444312585e-06	1	oxidoreductase, zinc-binding dehydrogenase family protein
7.23444312585e-06	1	dimethylsulfide dehydrogenase subunit alpha
7.23444312585e-06	1	RND efflux system, hypothetical protein NodT
7.23444312585e-06	1	bifunctional molybdopterin-guanine dinucleotide biosynthesis adaptor protein MobB/molybdopterin molybdotransferase MoeA
7.23444312585e-06	1	MULTISPECIES: bifunctional tRNA (adenosine(37)-N6)-threonylcarbamoyltransferase complex dimerization subunit type 1 TsaB/ribosomal-protein-alanine acetyltransferase RimI
7.23444312585e-06	1	Cytoplasmic alpha-amylase
7.23444312585e-06	1	IS256 family transposase ISAeme25
7.23444312585e-06	1	phosphohistidine phosphatase SixA, partial
7.23444312585e-06	1	type 4 pilin
7.23444312585e-06	1	3-keto-5-aminohexanoate cleavage protein, partial
7.23444312585e-06	1	IS1182 family transposase ISCARN103
7.23444312585e-06	1	ATP-dependent nuclease subunit B-like protein
7.23444312585e-06	1	DNA replication terminus site-binding protein
7.23444312585e-06	1	glycosyltransferase family 52
7.23444312585e-06	1	MULTISPECIES: IS607 family transposase
7.23444312585e-06	1	major pilin protein FimA
7.23444312585e-06	1	nmt1/thi5 like domain-containing protein
7.23444312585e-06	1	sugar O-acyltransferase NeuD_NanD family
7.23444312585e-06	1	acyl protein synthase/acyl-CoA reductase
7.23444312585e-06	1	putative CDP-diglyceride synthetase/phosphatidate cytidylyltransferase
7.23444312585e-06	1	secreted subtilisin-like protease S8 peptidase
7.23444312585e-06	1	sugar (glycoside-pentoside-Hexuronide) transporter
7.23444312585e-06	1	sulfite:cytochrome C oxidoreductase subunit B
7.23444312585e-06	1	IS1595 family transposase ISNisp2
7.23444312585e-06	1	MULTISPECIES: DUF1815 domain-containing protein
7.23444312585e-06	1	sporulation protein YtxC
7.23444312585e-06	1	phenylacetic acid degradation-related protein, thioesterase superfamily
7.23444312585e-06	1	capsule biosynthesis protein CapC
7.23444312585e-06	1	IS3 family transposase ISRle5
7.23444312585e-06	1	suppressor for copper-sensitivity B precursor
7.23444312585e-06	1	MULTISPECIES: transcriptional activator RfaH
7.23444312585e-06	1	DUF5005 domain-containing protein
7.23444312585e-06	1	naphthalene 1,2-dioxygenase, partial
7.23444312585e-06	1	C-compound, carbohydrate catabolism
7.23444312585e-06	1	dihydrouridine synthase dus
7.23444312585e-06	1	histidine/lysine/arginine/ornithine ABC transporter permease HisM
7.23444312585e-06	1	MULTISPECIES: homogentisate phytyltransferase
7.23444312585e-06	1	alcohol dehydrogenase EutG
7.23444312585e-06	1	MULTISPECIES: TIGR04076 family protein
7.23444312585e-06	1	aerobic-type carbon monoxide dehydrogenase, middle subunit CoxM/CutM-like protein
7.23444312585e-06	1	peptidase s1 and s6 chymotrypsin/hap
7.23444312585e-06	1	MULTISPECIES: aminoglycoside/multidrug transporter permease
7.23444312585e-06	1	MULTISPECIES: Rho-binding antiterminator
7.23444312585e-06	1	Sel1 repeat protein
7.23444312585e-06	1	spermidine N1-acetyltransferase
7.23444312585e-06	1	hexosyltransferase, partial
7.23444312585e-06	1	galactose mutarotase, partial
7.23444312585e-06	1	Protein with DNA-directed DNA polymerase-like domain
7.23444312585e-06	1	sulfate adenylyltransferase large subunit
7.23444312585e-06	1	IS1182 family transposase ISPti1
7.23444312585e-06	1	MULTISPECIES: 6-oxocyclohex-1-ene-1-carbonyl-CoA hydratase
7.23444312585e-06	1	two component sensor kinase
7.23444312585e-06	1	heme chaperone heme-lyase
7.23444312585e-06	1	oligopeptide transport ATP-binding protein YkfD
7.23444312585e-06	1	1,2-diacylglycerol 3-glucosyltransferase
7.23444312585e-06	1	PdhC
7.23444312585e-06	1	Acyl-coenzyme A synthetase ACSM3,mitochondrial
7.23444312585e-06	1	transport-associated protein
7.23444312585e-06	1	DUF933 domain-containing protein
7.23444312585e-06	1	molybdopterin-guanine dinucleotide biosynthesis protein
7.23444312585e-06	1	molybdenum cofactor cytidylyltransferase
7.23444312585e-06	1	2-keto-3-deoxy-6-phosphogluconate aldolase
7.23444312585e-06	1	ISAs1 family transposase ISAzo3
7.23444312585e-06	1	Calx-beta domain-containing protein, partial
7.23444312585e-06	1	lipid ABC transporter
7.23444312585e-06	1	MULTISPECIES: DUF3531 domain-containing protein
7.23444312585e-06	1	sulfite/ferredoxin-nitrite reductase
7.23444312585e-06	1	HupE-UreJ family metal transporter, partial
7.23444312585e-06	1	Stress responsive alpha-beta barrel domain protein
7.23444312585e-06	1	ethylammeline chlorohydrolase, partial
7.23444312585e-06	1	GPH-family phosphatase
7.23444312585e-06	1	MULTISPECIES: DUF4238 domain-containing protein
7.23444312585e-06	1	MULTISPECIES: triphosphoribosyl-dephospho-CoA synthase CitG
7.23444312585e-06	1	Peptidase C14, caspase catalytic domain protein
7.23444312585e-06	1	CFA/I fimbrial subunit C
7.23444312585e-06	1	carbon storage regulator, partial
7.23444312585e-06	1	histidine transporter
7.23444312585e-06	1	anticodon-binding domain-containing protein
7.23444312585e-06	1	MULTISPECIES: curli production assembly/transport protein CsgG
7.23444312585e-06	1	bifunctional glycosyltransferase
7.23444312585e-06	1	MULTISPECIES: DNA-invertase
7.23444312585e-06	1	cytoskeleton assembly control protein
7.23444312585e-06	1	uracil-DNA glycosylase A
7.23444312585e-06	1	ArpR
7.23444312585e-06	1	WG repeat-containing protein
7.23444312585e-06	1	L-alanine-DL-glutamate epimerase and related enzymes of enolase superfamily
7.23444312585e-06	1	MULTISPECIES: DUF5113 domain-containing protein
7.23444312585e-06	1	Ferritin, Dps family protein
7.23444312585e-06	1	MULTISPECIES: chromosome partitioning protein Smc
7.23444312585e-06	1	AT hook motif protein
7.23444312585e-06	1	putative ferric aerobactin receptor
7.23444312585e-06	1	MULTISPECIES: ferredoxin-like protein in nif region
7.23444312585e-06	1	DUF5010 domain-containing protein
7.23444312585e-06	1	pesticidal protein Cry28Aa
7.23444312585e-06	1	ADP/ATP translocating protein
7.23444312585e-06	1	type II/IV secretion system ATPase TadZ/CpaE,associated with Flp pilus assembly
7.23444312585e-06	1	putative glycine rich protein
7.23444312585e-06	1	MULTISPECIES: NAD regulator
7.23444312585e-06	1	MULTISPECIES: AlgX-like alginate biosynthesis protein
7.23444312585e-06	1	prefoldin subunit alpha
7.23444312585e-06	1	SM-20 protein
7.23444312585e-06	1	deoxyuridine 5`-triphosphate nucleotidohydrolase
7.23444312585e-06	1	putative indole-3-glycerol phosphate synthase
7.23444312585e-06	1	MULTISPECIES: mannan endo-1,4-beta-mannosidase A and B
7.23444312585e-06	1	MULTISPECIES: Fic family protein, partial
7.23444312585e-06	1	MULTISPECIES: FAD-binding molybdopterin dehydrogenase
7.23444312585e-06	1	MULTISPECIES: Nonspecific lipid-transfer protein
7.23444312585e-06	1	protein involved in gliding motility RemB
7.23444312585e-06	1	dihydroorotate dehydrogenase 2
7.23444312585e-06	1	MULTISPECIES: imelysin
7.23444312585e-06	1	keto-hydroxyglutarate-aldolase/keto-deoxy-phosphogluconate aldolase
7.23444312585e-06	1	SGM family class A beta-lactamase
7.23444312585e-06	1	Thrombospondin type 3 repeat OmpA/MotB
7.23444312585e-06	1	flavoprotein involved in K+ transport
7.23444312585e-06	1	ATP synthase F0F1 subunit beta
7.23444312585e-06	1	MULTISPECIES: photosystem II reaction center X protein
7.23444312585e-06	1	bifunctional pantoate-beta-alanine ligase/cytidylate kinase
7.23444312585e-06	1	ATP synthase subunit
7.23444312585e-06	1	deoxycytidylate deaminase, partial
7.23444312585e-06	1	MULTISPECIES: polyphosphate--AMP phosphotransferase
7.23444312585e-06	1	ferric anguibactin ABC transporter permease
7.23444312585e-06	1	chromosome replication initiation protein
7.23444312585e-06	1	polar amino acid ABC transporter inner membrane protein
7.23444312585e-06	1	heat-shock protein A
7.23444312585e-06	1	phospholipase, patatin family
7.23444312585e-06	1	D-alanine--(R)-lactate ligase VanA-Sc
7.23444312585e-06	1	dyp-type peroxidase
7.23444312585e-06	1	cytotoxic necrotizing factor-like/multi-copper polyphenol oxidoreductase laccase
7.23444312585e-06	1	bluB/cobT protein
7.23444312585e-06	1	nitrogenase stabilizing/protective protein NifW
7.23444312585e-06	1	Inositol monophosphatase family
7.23444312585e-06	1	MULTISPECIES: proline-specific permease ProY
7.23444312585e-06	1	subclass B3 metallo-beta-lactamase LRA-8
7.23444312585e-06	1	MULTISPECIES: prepilin-type cleavage/methylation protein
7.23444312585e-06	1	DUF3244 domain-containing protein
7.23444312585e-06	1	MULTISPECIES: bile acid beta-glucosidase
7.23444312585e-06	1	putative phage repressor
7.23444312585e-06	1	capsule biosynthesis protein capA
7.23444312585e-06	1	oxidoreductase (flavoprotein)
7.23444312585e-06	1	DUF2330 domain-containing protein, partial
7.23444312585e-06	1	thioredoxin-dependent thiol peroxidase, partial
7.23444312585e-06	1	IMP dehydrogenase, partial
7.23444312585e-06	1	tetrahydromethanopterin C1 transfer protein
7.23444312585e-06	1	gatB/Yqey family protein
7.23444312585e-06	1	sulfonate/nitrate/taurine transporter substrate-binding protein
7.23444312585e-06	1	SEC-C motif domain protein
7.23444312585e-06	1	endopeptidase Clp
7.23444312585e-06	1	DNA gyrase subunit B (fragment)
7.23444312585e-06	1	zinc-binding dehydrogenase oxidoreductase
7.23444312585e-06	1	heptaprenyl pyrophosphate synthase component 2 domain protein
7.23444312585e-06	1	MULTISPECIES: classes I and II aminotransferase
7.23444312585e-06	1	PDZ domain-containing trypsin-like serine protease
7.23444312585e-06	1	magnesium/cobalt transporter CorA
7.23444312585e-06	1	Hemolysin-type calcium-binding region protein, partial
7.23444312585e-06	1	MULTISPECIES: bifunctional succinylornithine transaminase/acetylornithine transaminase
7.23444312585e-06	1	MULTISPECIES: putative 5-formyltetrahydrofolate cyclo-ligase
7.23444312585e-06	1	MULTISPECIES: chemotaxis protein chel
7.23444312585e-06	1	iron-sulfur-binding oxidoreductase (ferredoxin)
7.23444312585e-06	1	4-hydroxyphenylacetate 3-monooxygenase, partial
7.23444312585e-06	1	vanw family protein
7.23444312585e-06	1	oxidoreductase large chain
7.23444312585e-06	1	C4-type zinc finger protein, DksA/TraR family
7.23444312585e-06	1	iron-responsive transcriptional regulator
7.23444312585e-06	1	type-F conjugative transfer system pilin assembly protein TraF
7.23444312585e-06	1	cI repressor protein
7.23444312585e-06	1	sugar metabolism cluster protein
7.23444312585e-06	1	DUF4125 domain-containing protein
7.23444312585e-06	1	pyruvate dehydrogenase complex, E1 component, pyruvate dehydrogenase subunit alpha
7.23444312585e-06	1	MULTISPECIES: two-component system response regulator KdpE
7.23444312585e-06	1	phospholipase C accessory protein PlcR
7.23444312585e-06	1	IstB-like ATP-binding protein, partial
7.23444312585e-06	1	MULTISPECIES: pyruvoyl-dependent arginine decarboxylase
7.23444312585e-06	1	multi-copper polyphenol oxidoreductase laccase
7.23444312585e-06	1	MULTISPECIES: amidohydrolase imidazolonepropionase
7.23444312585e-06	1	oxygen-dependent choline dehydrogenase
7.23444312585e-06	1	protein ImpC
7.23444312585e-06	1	small acid-soluble spore protein Tlp
7.23444312585e-06	1	NADPH-dependent glutamate synthase small subunit
7.23444312585e-06	1	MULTISPECIES: photosystem I reaction center subunit IV
7.23444312585e-06	1	MULTISPECIES: photosystem I reaction center subunit IX
7.23444312585e-06	1	hydrogenase large subunit domain protein
7.23444312585e-06	1	MULTISPECIES: heterocyst differentiation related protein
7.23444312585e-06	1	MULTISPECIES: Na+/H+ antiporter MnhB subunit-related protein
7.23444312585e-06	1	lipid A biosynthesis palmitoleoyl acyltransferase
7.23444312585e-06	1	DUF4233 domain-containing protein, partial
7.23444312585e-06	1	SBT type permease sodium-bicarbonate
7.23444312585e-06	1	DUF2920 domain-containing protein
7.23444312585e-06	1	plasmid replication initiator
7.23444312585e-06	1	FeS assembly protein SufD
7.23444312585e-06	1	NADH:ubiquinone oxidoreductase subunit N, partial
7.23444312585e-06	1	MULTISPECIES: type I restriction endonuclease subunit S
7.23444312585e-06	1	Truncated BHb
7.23444312585e-06	1	macrodomain protein
7.23444312585e-06	1	D-alanine--D-alanine ligase DdlB
7.23444312585e-06	1	MULTISPECIES: P-protein PheA
7.23444312585e-06	1	chorismate-binding enzyme, partial
7.23444312585e-06	1	Tryptophan 2,3-dioxygenase holoenzyme, Tryptophan 2,3-dioxygenase apoenzyme
7.23444312585e-06	1	MULTISPECIES: RND efflux system, hypothetical protein, NodT
7.23444312585e-06	1	MULTISPECIES: tRNA 2-thiocytidine biosynthesis protein TtcA
7.23444312585e-06	1	MULTISPECIES: glycoside hydrolase family 25 protein
7.23444312585e-06	1	virulence factor Mce family protein
7.23444312585e-06	1	MULTISPECIES: antitoxin YefM
7.23444312585e-06	1	DNA-damage repair protein
7.23444312585e-06	1	TfoX domain-containing protein
7.23444312585e-06	1	MULTISPECIES: potassium transporter KefB
7.23444312585e-06	1	tRNA (cytosine-5-)-methyltransferase
7.23444312585e-06	1	invasin
7.23444312585e-06	1	outer membrane siderophore receptor
7.23444312585e-06	1	paclitaxel/taxanoid biosynthesis susceptibility protein ts1
7.23444312585e-06	1	IncF plasmid conjugative transfer pilus assembly protein TraB
7.23444312585e-06	1	peptidyl-dipeptidase, partial
7.23444312585e-06	1	MULTISPECIES: 4-hydroxyproline epimerase
7.23444312585e-06	1	membrane fusion protein of tripartite multidrug resistance system
7.23444312585e-06	1	phage baseplate protein, partial
7.23444312585e-06	1	general secretion pathway protein B
7.23444312585e-06	1	general secretion pathway protein F
7.23444312585e-06	1	tol-pal system beta propeller repeat protein tolb
7.23444312585e-06	1	methyltransferase small domain-containing protein
7.23444312585e-06	1	bacilysin biosynthesis oxidoreductase BacC
7.23444312585e-06	1	ubiquinol-cytochrome c reductase cytochrome b protein
7.23444312585e-06	1	MULTISPECIES: acyl-protein synthase
7.23444312585e-06	1	transcriptional regulator LsrR
7.23444312585e-06	1	ATP-dependent zinc metalloprotease
7.23444312585e-06	1	domain-containing protein
7.23444312585e-06	1	putative DNA modification/repair radical SAM protein, partial
7.23444312585e-06	1	SnoaL-like protein
7.23444312585e-06	1	MULTISPECIES: EpsI family protein
7.23444312585e-06	1	(S)-2,3-epoxysqualene cyclase
7.23444312585e-06	1	nodulation protein NolK
7.23444312585e-06	1	ribonucleoside transporter
7.23444312585e-06	1	nodulation protein NolV
7.23444312585e-06	1	TrfA
7.23444312585e-06	1	carboxyl-terminal processing protease precursor
7.23444312585e-06	1	cysteine desulfurase 1
7.23444312585e-06	1	MS138 dehydrogenase, partial
7.23444312585e-06	1	MULTISPECIES: elongation factor P-like protein YeiP
7.23444312585e-06	1	bifunctional glutathionylspermidine amidase/glutathionylspermidine synthase
7.23444312585e-06	1	TypeI R-M system restriction enzyme subunit S, Type I restriction enzyme Asp8005ORF3655 S protein (Asp8005ORF3665 S protein)Subunit S of type I restriction-modification system
7.23444312585e-06	1	MULTISPECIES: DUF1192 domain-containing protein
7.23444312585e-06	1	regulator of competence-specific protein
7.23444312585e-06	1	band 7 protein CG32245
7.23444312585e-06	1	NADH-dependent oxidoreductase
7.23444312585e-06	1	Fe/S-dependent 2-methylisocitrate dehydratase AcnD, partial
7.23444312585e-06	1	DUF2012 domain-containing protein
7.23444312585e-06	1	ferric reductase, partial
7.23444312585e-06	1	NAD(P)(+) transhydrogenase (Si-specific), partial
7.23444312585e-06	1	ScnB-like protein
7.23444312585e-06	1	hydrogenase accessory protein
7.23444312585e-06	1	MULTISPECIES: IS982 family transposase ISAcsp2
7.23444312585e-06	1	7-cyano-7-deazaguanine synthase QueC, partial
7.23444312585e-06	1	4-hydroxythreonine-4-phosphate dehydrogenase, partial
7.23444312585e-06	1	putative Rossmann fold nucleotide-binding protein
7.23444312585e-06	1	WD-40 repeat-containing serine/threonine protein kinase
7.23444312585e-06	1	MULTISPECIES: carboxysome structural protein EutM
7.23444312585e-06	1	MULTISPECIES: DUF4101 domain-containing protein
7.23444312585e-06	1	protein SCO1/SenC/PrrC, involved in biogenesis of respiratory and photosynthetic system
7.23444312585e-06	1	transposase family protein, partial
7.23444312585e-06	1	MULTISPECIES: NAD(P)H-hydrate epimerase
7.23444312585e-06	1	Na-Ca exchanger/integrin-beta4 domain protein
7.23444312585e-06	1	peptidase M15, partial
7.23444312585e-06	1	IS256 family transposase ISCARN55
7.23444312585e-06	1	cadmium resistance transporter
7.23444312585e-06	1	MULTISPECIES: VCBS protein
7.23444312585e-06	1	type III pyridoxal 5-phosphate-dependent enzyme, partial
7.23444312585e-06	1	MULTISPECIES: beta-Ala-Xaa dipeptidase
7.23444312585e-06	1	MULTISPECIES: disulfide bond formation protein DsbB
7.23444312585e-06	1	MULTISPECIES: mandelate racemase/muconate lactonizing protein
7.23444312585e-06	1	MULTISPECIES: DUF2662 domain-containing protein
7.23444312585e-06	1	IS21 family transposase ISMex13
7.23444312585e-06	1	neutral amino acid ABC transporter membrane protein
7.23444312585e-06	1	dienelactone hydrolase-like protein
7.23444312585e-06	1	guanine-specific ribonuclease n1 and t1
7.23444312585e-06	1	Lysine-specific demethylase
7.23444312585e-06	1	chaperone, ATP12
7.23444312585e-06	1	heat shock regulator
7.23444312585e-06	1	protein meaA, partial
7.23444312585e-06	1	TRAP transporter substrate binding protein
7.23444312585e-06	1	MULTISPECIES: phage tail assembly chaperone
7.23444312585e-06	1	Glycoside hydrolase family protein gp24
7.23444312585e-06	1	MULTISPECIES: Glycosyl transferase, group 1 (fragment)
7.23444312585e-06	1	MxaK protein
7.23444312585e-06	1	IS1595 family transposase ISTha4
7.23444312585e-06	1	Fe-S cluster domain-containing protein
7.23444312585e-06	1	secreted protein containing Inosine/uridine-preferring nucleoside hydrolase
7.23444312585e-06	1	putative DNA methyltransferase
7.23444312585e-06	1	MULTISPECIES: cytochrome O ubiquinol oxidase
7.23444312585e-06	1	sucrose synthase (sucrose-UDP glucosyltransferase)
7.23444312585e-06	1	chemotaxis protein CheR, partial
7.23444312585e-06	1	carbohydrate-binding CenC domain-containing protein
7.23444312585e-06	1	phycobilisome rod-core linker protein 4
7.23444312585e-06	1	peptidase U62, modulator of DNA gyrase
7.23444312585e-06	1	hypothetical protein containing type I dockerin domain
7.23444312585e-06	1	predicted ATPase (AAA+ superfamily)
7.23444312585e-06	1	MULTISPECIES: beta-1,6-glucan synthase
7.23444312585e-06	1	carboxypeptidase, partial
7.23444312585e-06	1	enterotoxin, partial
7.23444312585e-06	1	glutamine amidotransferase subunit PdxT
7.23444312585e-06	1	Orn/Lys/Arg decarboxylase major region
7.23444312585e-06	1	GyaR protein
7.23444312585e-06	1	MULTISPECIES: IS256 family transposase, partial
7.23444312585e-06	1	small G protein, GTPase SAR1, partial
7.23444312585e-06	1	BexD/CtrA/VexA family polysaccharide export protein
7.23444312585e-06	1	MoeB/ThiF-like protein
7.23444312585e-06	1	MULTISPECIES: carbohydrate hydrolase
7.23444312585e-06	1	MULTISPECIES: transcriptional repressor NrdR
7.23444312585e-06	1	Amidohydrolase 3
7.23444312585e-06	1	MULTISPECIES: IS5 family transposase ISThsp21
7.23444312585e-06	1	pimeloyl-CoA synthetase, partial
7.23444312585e-06	1	tol-pal system beta propeller repeat protein TolB
7.23444312585e-06	1	gliding mobility protein
7.23444312585e-06	1	MULTISPECIES: glutathione gamma-glutamylcysteinyltransferase
7.23444312585e-06	1	IS3 family transposase ISBvi7
7.23444312585e-06	1	IS3 family transposase ISBvi4
7.23444312585e-06	1	Tail-specific protease precursor
7.23444312585e-06	1	GCN5 family acetyltransferase, partial
7.23444312585e-06	1	formate dehydrogenase-N subunit gamma
7.23444312585e-06	1	DUF968 domain-containing protein, partial
7.23444312585e-06	1	archaeal/vacuolar-type H+-ATPase subunit I
7.23444312585e-06	1	UDP-N-acetylgalactosaminyltransferase
7.23444312585e-06	1	teichoic acid/polysaccharide export protein
7.23444312585e-06	1	MULTISPECIES: ABC-2 type transporter
7.23444312585e-06	1	DNA circulation family protein
7.23444312585e-06	1	Generic methyltransferase
7.23444312585e-06	1	type VII secretion protein EccCb
7.23444312585e-06	1	2-hydroxycyclohexanecarboxyl-CoA dehydrogenase, partial
7.23444312585e-06	1	H(+)-transporting two-sector ATPase
7.23444312585e-06	1	flagellar switch protein
7.23444312585e-06	1	MULTISPECIES: DUF3593 domain-containing protein
7.23444312585e-06	1	protein containing DUF1791
7.23444312585e-06	1	ornithine aminotransferase
7.23444312585e-06	1	MULTISPECIES: 2-oxoacid ferredoxin oxidoreductase
7.23444312585e-06	1	MULTISPECIES: NLPA lipoprotein
7.23444312585e-06	1	MULTISPECIES: DUF4260 domain-containing protein
7.23444312585e-06	1	MotR protein
7.23444312585e-06	1	MULTISPECIES: type 1 pili usher pathway chaperone CsuC
7.23444312585e-06	1	MULTISPECIES: acyl-ACP--UDP-N-acetylglucosamine O-acyltransferase
7.23444312585e-06	1	outer membrane protein LolA
7.23444312585e-06	1	tRNA threonylcarbamoyladenosine biosynthesis protein YwlC
7.23444312585e-06	1	MULTISPECIES: DUF819 domain-containing protein
7.23444312585e-06	1	(Fe-S)-binding protein, partial
7.23444312585e-06	1	MULTISPECIES: alpha-dehydro-beta-deoxy-D-glucarate aldolase
7.23444312585e-06	1	serine/threonine transporter
7.23444312585e-06	1	arabinan endo-1 5-alpha-L-arabinosidase A
7.23444312585e-06	1	flavodoxin, partial
7.23444312585e-06	1	molecular chaperone IbpA
7.23444312585e-06	1	group 2 family glycosyl transferase
7.23444312585e-06	1	MULTISPECIES: dinitrogenase iron-molybdenum cofactor biosynthesis protein
7.23444312585e-06	1	MULTISPECIES: succinate dehydrogenase cytochrome b556 large subunit
7.23444312585e-06	1	ACP S-malonyltransferase, partial
7.23444312585e-06	1	DNA-binding protein, H-NS family
7.23444312585e-06	1	Xaa-His dipeptidase
7.23444312585e-06	1	DNA polymerase V subunit
7.23444312585e-06	1	P-type conjugative transfer protein TrbJ, partial
7.23444312585e-06	1	type III restriction enzyme, res subunit family
7.23444312585e-06	1	MULTISPECIES: heat-shock protein A
7.23444312585e-06	1	MULTISPECIES: DNA mismatch repair protein Vsr
7.23444312585e-06	1	Saccharopine dehydrogenase-like protein
7.23444312585e-06	1	choline TMA-lyase-activating enzyme
7.23444312585e-06	1	nickel responsive regulator
7.23444312585e-06	1	ABC exporter ATP-binding subunit, DevA family protein
7.23444312585e-06	1	cob(I)yrinic acid a,c-diamide adenosyltransferase CobA/CobO/ButR
7.23444312585e-06	1	methylisocitrate lyase 2
7.23444312585e-06	1	Mov34/MPN/PAD-1 family
7.23444312585e-06	1	MULTISPECIES: TrbM protein
7.23444312585e-06	1	MULTISPECIES: transposition protein TniB
7.23444312585e-06	1	two-component transcriptional regulator
7.23444312585e-06	1	cell shape-determining protein, partial
7.23444312585e-06	1	N-methylhydantoinase, partial
7.23444312585e-06	1	Serine/threonine kinase with two-component sensor domain protein
7.23444312585e-06	1	galactitol-1-phosphate 5-dehydrogenase, partial
7.23444312585e-06	1	putative tyrosine-protein kinase in capsular polysaccharide biosynthesis region
7.23444312585e-06	1	exonuclease DNA polymerase III epsilon subunit
7.23444312585e-06	1	MULTISPECIES: CDP-diacylglycerol O-phosphatidyltransferase
7.23444312585e-06	1	MULTISPECIES: deoxyuridine 5'triphosphate nucleotidohydrolase dUTPase
7.23444312585e-06	1	MULTISPECIES: primosomal protein
7.23444312585e-06	1	LPS biosynthesis flippase
7.23444312585e-06	1	FliI/YscN family ATPase, partial
7.23444312585e-06	1	MULTISPECIES: phosphoethanolamine transferase CptA
7.23444312585e-06	1	MULTISPECIES: putrescine oxidase
7.23444312585e-06	1	CHAP domain-containing protein, partial
7.23444312585e-06	1	ubiquinone biosynthesis methyltransferase UbiE, partial
7.23444312585e-06	1	PAS:Response regulator receiver:Histidine kinase A-like
7.23444312585e-06	1	MULTISPECIES: cytochrome c1 protein
7.23444312585e-06	1	DUF3847 domain-containing protein
7.23444312585e-06	1	rhs element Vgr protein, partial
7.23444312585e-06	1	MULTISPECIES: conjugal transfer protein TrbG/VirB9/CagX
7.23444312585e-06	1	phosphomevalonate kinase
7.23444312585e-06	1	dihydroxyacetone kinase subunit L, partial
7.23444312585e-06	1	MULTISPECIES: formate transporter FocA
7.23444312585e-06	1	MopB-like protein
7.23444312585e-06	1	anaerobic C4-dicarboxylate transporter DcuC
7.23444312585e-06	1	Secreted glycosyl hydrolase
7.23444312585e-06	1	polysaccharide biosynthesis
7.23444312585e-06	1	Phosphotransferase enzyme family
7.23444312585e-06	1	Apolipoprotein A1/A4/E family protein
7.23444312585e-06	1	MULTISPECIES: sulfatase-modifying factor protein
7.23444312585e-06	1	putative 3-hydroxyisobutyrate dehydrogenase
7.23444312585e-06	1	alpha-glucuronidase, partial
7.23444312585e-06	1	primase P4
7.23444312585e-06	1	leucyl/phenylalanyl-tRNA--protein transferase, partial
7.23444312585e-06	1	D-methionine-binding lipoprotein MetQ
7.23444312585e-06	1	ion transport 2 domain protein
7.23444312585e-06	1	protein GumC
7.23444312585e-06	1	MULTISPECIES: DUF4293 domain-containing protein
7.23444312585e-06	1	putative S1 family peptidase
7.23444312585e-06	1	MULTISPECIES: replication initiation factor
7.23444312585e-06	1	Zn-dependent aminopeptidase, peptidase M1 family
7.23444312585e-06	1	flagellar filament outer layer protein Flaa
7.23444312585e-06	1	beta-(1-2)glucan export ATP-binding/permease NdvA
7.23444312585e-06	1	dioxygenase related to 2-nitropropane dioxygenase
7.23444312585e-06	1	CshA family fibrillar surface protein C, partial
7.23444312585e-06	1	type 3 glutamine synthetase
7.23444312585e-06	1	Phage/plasmid primase P4-like
7.23444312585e-06	1	MULTISPECIES: PP-loop domain protein
7.23444312585e-06	1	outer membrane protein periplasmic chaperone OmpH
7.23444312585e-06	1	hydrogenase 4 subunit D
7.23444312585e-06	1	tail/DNA circulation protein
7.23444312585e-06	1	quinone oxidoreductase YhdH/YhfP family
7.23444312585e-06	1	inter-alpha-trypsin inhibitor heavy chain H2 (precursor)
7.23444312585e-06	1	MULTISPECIES: DUF2804 domain-containing protein
7.23444312585e-06	1	type II secretion pathway protein XcpS
7.23444312585e-06	1	putative aliphatic nitrilase
7.23444312585e-06	1	MULTISPECIES: signal-transduction protein containing cAMP-binding and CBS domains
7.23444312585e-06	1	periplasmic serine endoprotease DegP
7.23444312585e-06	1	tape measure protein
7.23444312585e-06	1	MULTISPECIES: DUF1344 domain-containing protein
7.23444312585e-06	1	phagelysin
7.23444312585e-06	1	MULTISPECIES: DUF5047 domain-containing protein
7.23444312585e-06	1	thymidylate synthase (FAD), intein-containing
7.23444312585e-06	1	putative type II restriction-modification enzyme
7.23444312585e-06	1	usher CupC3
7.23444312585e-06	1	competence protein TfoX, partial
7.23444312585e-06	1	prokaryotic molybdopterin-containing oxidoreductase
7.23444312585e-06	1	ClpP protease
7.23444312585e-06	1	glycosyl hydrolase-like protein
7.23444312585e-06	1	lactate 2-monooxygenase, partial
7.23444312585e-06	1	3-octaprenyl-4-hydroxybenzoate decarboxylase, partial
7.23444312585e-06	1	MULTISPECIES: primary-amine oxidase
7.23444312585e-06	1	MULTISPECIES: FAD/NAD(P)-binding oxidoreductase subunit
7.23444312585e-06	1	MULTISPECIES: antibiotic hydrolase
7.23444312585e-06	1	leukotoxin LktA family filamentous adhesin, partial
7.23444312585e-06	1	MULTISPECIES: DUF4255 domain-containing protein
7.23444312585e-06	1	Toluene-4-monooxygenase system protein E
7.23444312585e-06	1	MULTISPECIES: WbqC-like protein
7.23444312585e-06	1	transporter, MFP family
7.23444312585e-06	1	MULTISPECIES: 3-ketoacyl-ACP synthase
7.23444312585e-06	1	DUF4445 domain-containing protein, partial
7.23444312585e-06	1	fatty acid elongase 3-ketoacyl-CoA synthase 1
7.23444312585e-06	1	Putative Phage integrase family protein
7.23444312585e-06	1	pilus protein PilZ
7.23444312585e-06	1	Sarcosine dehydrogenase mitochondrial
7.23444312585e-06	1	squalene monooxygenase
7.23444312585e-06	1	anaphase-promoting complex, cyclosome, subunit 3
7.23444312585e-06	1	MULTISPECIES: nodulation efficiency, NfeD-like protein
7.23444312585e-06	1	MULTISPECIES: DNA-binding transcriptional regulator AraC
7.23444312585e-06	1	putative Cyclic nucleotide-binding protein
7.23444312585e-06	1	putative UDP-N-acetylglucosamine pyrophosphorylase
7.23444312585e-06	1	MULTISPECIES: DUF1688 domain-containing protein
7.23444312585e-06	1	nodulation protein NodH
7.23444312585e-06	1	MULTISPECIES: fructose reductase
7.23444312585e-06	1	phosphonate monoester hydrolase, partial
7.23444312585e-06	1	MULTISPECIES: Mobile element protein
7.23444312585e-06	1	MULTISPECIES: DUF4163 domain-containing protein
7.23444312585e-06	1	MULTISPECIES: peptidoglycan synthetase FtsI
7.23444312585e-06	1	Phosphoribosyl transferase domain protein
7.23444312585e-06	1	MacB-like periplasmic core domain containing protein
7.23444312585e-06	1	F-type H+-transporting ATPase subunit a
7.23444312585e-06	1	Electron transfer flavoprotein, beta subunit
7.23444312585e-06	1	MULTISPECIES: conjugal transfer protein TraU
7.23444312585e-06	1	IS21 family transposase ISMex27
7.23444312585e-06	1	MULTISPECIES: conjugal transfer protein TraE
7.23444312585e-06	1	MULTISPECIES: conjugal transfer protein TraM
7.23444312585e-06	1	MULTISPECIES: conjugal transfer protein TraK
7.23444312585e-06	1	bifunctional pyrroloquinoline quinone biosynthesis protein PqqC/PqqD
7.23444312585e-06	1	MULTISPECIES: Ni/Fe hydrogenase subunit gamma
7.23444312585e-06	1	nitrous oxide-stimulated promoter family protein
7.23444312585e-06	1	MULTISPECIES: isoprenyl transferase 1
7.23444312585e-06	1	chaperone protein dnaK1
7.23444312585e-06	1	poly(ADP-ribose) glycohydrolase
7.23444312585e-06	1	MULTISPECIES: acyl-CoA biotin-dependent carboxyltransferase
7.23444312585e-06	1	MULTISPECIES: basal-body rod modification protein flgD
7.23444312585e-06	1	d-4,5-unsaturated alpha-glucuronyl hydrolase
7.23444312585e-06	1	polynucleotide phosphorylase, partial
7.23444312585e-06	1	uroporphyrinogen-III decarboxylase
7.23444312585e-06	1	mutA protein
7.23444312585e-06	1	MULTISPECIES: protein phosphatase CheZ
7.23444312585e-06	1	peptidase aspartic, active site protein
7.23444312585e-06	1	Major royal jelly protein
7.23444312585e-06	1	voltage-gated sodium channel subunit
7.23444312585e-06	1	acyl-coa dehydrogenase oxidoreductase (abmD)
7.23444312585e-06	1	protein translocase SEC61 complex subunit gamma
7.23444312585e-06	1	GacS
7.23444312585e-06	1	allose ABC transporter
7.23444312585e-06	1	MULTISPECIES: macrolide ABC transporter ATP-binding protein
7.23444312585e-06	1	allophycocyanin subunit beta-18
7.23444312585e-06	1	phosphotransacetylase BioD
7.23444312585e-06	1	nitrate transport system periplasmic-binding protein
7.23444312585e-06	1	MicD protein
7.23444312585e-06	1	tipN
7.23444312585e-06	1	hydrogenase subunit mbhJ
7.23444312585e-06	1	phytochrome family protein
7.23444312585e-06	1	TrkA-N domain family protein
7.23444312585e-06	1	protein methyltransferase
7.23444312585e-06	1	replication initiation factor domain-containing protein
7.23444312585e-06	1	MULTISPECIES: NAD-binding oxidoreductase
7.23444312585e-06	1	fimbrial protein SteB
7.23444312585e-06	1	betaine aldehyde dehydrogenase GbsA
7.23444312585e-06	1	MULTISPECIES: DUF4081 domain-containing protein
7.23444312585e-06	1	MULTISPECIES: DUF1730 domain-containing protein
7.23444312585e-06	1	hydrid cluster protein-associated redox disulfide domain protein
7.23444312585e-06	1	IS1595 family transposase ISNmo1
7.23444312585e-06	1	assimilatory nitrate reductase catalytic subunit
7.23444312585e-06	1	mannonate dehydratase, partial
7.23444312585e-06	1	threonine/serine dehydratase, partial
7.23444312585e-06	1	MULTISPECIES: transferase LIC12162 family
7.23444312585e-06	1	prophage repressor
7.23444312585e-06	1	lipoprotein-releasing system transmembrane subunit LolE
7.23444312585e-06	1	IS1595 family transposase ISBun1
7.23444312585e-06	1	photosynthetic complex assembly protein PuhB
7.23444312585e-06	1	alkaline proteinase secretion protein
7.23444312585e-06	1	SoxR reducing system protein RseC
7.23444312585e-06	1	classes I and II aminotransferase
7.23444312585e-06	1	putative nucleotidyl transferase
7.23444312585e-06	1	isomerase, partial
7.23444312585e-06	1	Xylose isomerase domain-containing protein TIM barrel
7.23444312585e-06	1	MULTISPECIES: fibrinogen-binding protein
7.23444312585e-06	1	dihydrofolate reductase, partial
7.23444312585e-06	1	MULTISPECIES: beta-hydroxylase
7.23444312585e-06	1	cub protein
7.23444312585e-06	1	MULTISPECIES: D-Ala-D-Ala carboxypeptidase
7.23444312585e-06	1	alkaline serine peptidase
7.23444312585e-06	1	heat domain-containing protein
7.23444312585e-06	1	virginiamycin A acetyltransferase
7.23444312585e-06	1	MULTISPECIES: sporadic carbohydrate cluster 2OG-Fe(II) oxygenase
7.23444312585e-06	1	plasmid recombination protein
7.23444312585e-06	1	ABC spermidine/putrescine transporter permease II
7.23444312585e-06	1	capsular polysaccharide synthesis enzyme Cap8C
7.23444312585e-06	1	NAD-binding D-isomer specific 2-hydroxyacid dehydrogenase protein
7.23444312585e-06	1	PGA biosynthesis protein CapA
7.23444312585e-06	1	DUF3306 domain-containing protein, partial
7.23444312585e-06	1	DUF982 domain-containing protein
7.23444312585e-06	1	cyanobactin maturation protease, PatA/PatG family
7.23444312585e-06	1	MULTISPECIES: nucleoside-diphosphate-sugar pyrophosphorylase
7.23444312585e-06	1	putative 2-hydroxypenta-2,4-dienoate hydratase
7.23444312585e-06	1	Bll5312 protein
7.23444312585e-06	1	MULTISPECIES: long-chain fatty aldehyde decarbonylase
7.23444312585e-06	1	DUF2982 domain-containing protein
7.23444312585e-06	1	MULTISPECIES: glutamate--pyruvate aminotransferase AlaA
7.23444312585e-06	1	nuclear transport factor 2
7.23444312585e-06	1	MULTISPECIES: zinc-dependent metalloprotease
7.23444312585e-06	1	enoyl-CoA hydratase / 3-hydroxyacyl-CoA dehydrogenase
7.23444312585e-06	1	Pyridoxal-5'-phosphate-dependent enzyme, subunit beta
7.23444312585e-06	1	MULTISPECIES: DHH family phosphoesterase
7.23444312585e-06	1	transporter Alx
7.23444312585e-06	1	protocatechuate 3,4-dioxygenase beta subunit
7.23444312585e-06	1	recA protein
7.23444312585e-06	1	putative 8-amino-7-oxononanoate synthase
7.23444312585e-06	1	cytochrome c class I, partial
7.23444312585e-06	1	putative helicase, Snf2 family
7.23444312585e-06	1	KWG repeat protein
7.23444312585e-06	1	N-acetyl-1-D-myo-inositol-2-amino-2-deoxy-alpha-D-glucopyranoside deacetylase, partial
7.23444312585e-06	1	IS630 family transposase ISAnsp10
7.23444312585e-06	1	MULTISPECIES: hemin receptor
7.23444312585e-06	1	Carbamoyl-phosphate synthase L chain, ATP-binding
7.23444312585e-06	1	MULTISPECIES: phosphohexose mutase
7.23444312585e-06	1	cytidine deaminase, partial
7.23444312585e-06	1	MULTISPECIES: urease accessory protein
7.23444312585e-06	1	MULTISPECIES: DUF1190 domain-containing protein
7.23444312585e-06	1	putative Acyl-CoA synthetase
7.23444312585e-06	1	biosynthetic arginine decarboxylase
7.23444312585e-06	1	F0F1-type ATP synthase subunit a
7.23444312585e-06	1	acetyl-CoA carboxylase carboxyl transferase subunit alpha/beta
7.23444312585e-06	1	GxxExxY protein, partial
7.23444312585e-06	1	stage III sporulation protein AE
7.23444312585e-06	1	stage III sporulation protein AD
7.23444312585e-06	1	stage III sporulation protein AH
7.23444312585e-06	1	ThiS adenyltransferase ThiF
7.23444312585e-06	1	c-type cytochrome, partial
7.23444312585e-06	1	MspA protein
7.23444312585e-06	1	heparin and heparin-sulfate lyase
7.23444312585e-06	1	type I restriction enzyme S protein
7.23444312585e-06	1	interphotoreceptor retinoid-binding protein
7.23444312585e-06	1	protein GlmU, partial
7.23444312585e-06	1	Type II secretory pathway component PulK-like protein
7.23444312585e-06	1	MaoC domain protein
7.23444312585e-06	1	cytochrome C biogenesis protein, partial
7.23444312585e-06	1	glycosyltransferase WbpH
7.23444312585e-06	1	AMMECR1-domain protein
7.23444312585e-06	1	photosystem II protein D1 3
7.23444312585e-06	1	flavin reductase like domain protein
7.23444312585e-06	1	MULTISPECIES: ATP synthase subunit J
7.23444312585e-06	1	MULTISPECIES: dihydrolipoamide dehydrogenase
7.23444312585e-06	1	Glycosyl transferase, family 13
7.23444312585e-06	1	pilus assembly protein, partial
7.23444312585e-06	1	K+ channel, inward rectifier protein
7.23444312585e-06	1	polymyxin resistance protein ArnT
7.23444312585e-06	1	type II restriction endonuclease BglII
7.23444312585e-06	1	type IV secretory pathway protein AcvB
7.23444312585e-06	1	MULTISPECIES: triphosphoribosyl-dephospho-CoA synthase
7.23444312585e-06	1	MULTISPECIES: ribonucleoside hydrolase
7.23444312585e-06	1	conserved membrane hypothetical protein
7.23444312585e-06	1	DUF344 domain-containing protein
7.23444312585e-06	1	phycobilisome linker polypeptide CpeC
7.23444312585e-06	1	methyl-galactoside ABC transporter substrate-binding protein
7.23444312585e-06	1	MULTISPECIES: acetolactate synthase large subunit, partial
7.23444312585e-06	1	tripeptidyl aminopeptidase
7.23444312585e-06	1	phenylalanine and histidine ammonia-lyase
7.23444312585e-06	1	type IV secretion system protein IcmB/DotO
7.23444312585e-06	1	caa(3)-type oxidase subunit iv
7.23444312585e-06	1	NHL repeat family protein
7.23444312585e-06	1	urease/membrane protein
7.23444312585e-06	1	putative RNA helicase dead-box protein
7.23444312585e-06	1	ATP-dependent DNA helicase pif1
7.23444312585e-06	1	protein metal-binding site
7.23444312585e-06	1	lipopolysaccharide ABC transporter permease LptG
7.23444312585e-06	1	lipopolysaccharide ABC transporter permease LptF
7.23444312585e-06	1	UDP-N-acetylglucosamine pyrophosphorylase 1
7.23444312585e-06	1	MULTISPECIES: gas vesicle protein G
7.23444312585e-06	1	superoxide dismutase family protein, partial
7.23444312585e-06	1	Tsp45I type II restriction enzyme
7.23444312585e-06	1	TPR repeat-containing protein YfgC precursor
7.23444312585e-06	1	Parasporal protein
7.23444312585e-06	1	nad dependent epimerase/dehydratase
7.23444312585e-06	1	IS1182 family transposase ISLlo2
7.23444312585e-06	1	DsrC family protein
7.23444312585e-06	1	amp-dependent synthetase/ligase
7.23444312585e-06	1	betaine reductase
7.23444312585e-06	1	MULTISPECIES: phosphorybosylanthranilate isomerase
7.23444312585e-06	1	shikimate synthase
7.23444312585e-06	1	glycosyltransferase, TIGR0xxxx family
7.23444312585e-06	1	APH(3')-II family aminoglycoside O-phosphotransferase
7.23444312585e-06	1	putative integrase
7.23444312585e-06	1	Flp pilus assembly protein, ATPase
7.23444312585e-06	1	caffeoyl-CoA O-methyltransferase
7.23444312585e-06	1	tripartite transporter, partial
7.23444312585e-06	1	MULTISPECIES: type 1 secretion target domain-containng protein
7.23444312585e-06	1	secretion system protein E, partial
7.23444312585e-06	1	MULTISPECIES: MFS transporter permease
7.23444312585e-06	1	cell-division protein and general stress protein (class III heat-shock)
7.23444312585e-06	1	nitric oxide synthase oxygenase subunit
7.23444312585e-06	1	MULTISPECIES: methyl-galactoside ABC transporter substrate-binding protein
7.23444312585e-06	1	MULTISPECIES: GST-like protein
7.23444312585e-06	1	MULTISPECIES: acid resistance periplasmic serine protease MarP
7.23444312585e-06	1	DUF185 domain-containing protein
7.23444312585e-06	1	DMSO reductase family iron-sulfur subunit
7.23444312585e-06	1	MULTISPECIES: zinc-finger protein
7.23444312585e-06	1	MULTISPECIES: mandelate dehydrogenase
7.23444312585e-06	1	MULTISPECIES: SEC-C motif domain protein
7.23444312585e-06	1	penicillin-binding protein 1A MrcA
7.23444312585e-06	1	RbcX chaperonin protein
7.23444312585e-06	1	phage integrase family recombinase
7.23444312585e-06	1	WD-containing repeat protein
7.23444312585e-06	1	molybdopterin biosynthesis protein MoeB, partial
7.23444312585e-06	1	membrane lipoprotein lipid attachment site
7.23444312585e-06	1	aminopeptidase A
7.23444312585e-06	1	small subunit of phenylpropionate dioxygenase
7.23444312585e-06	1	MULTISPECIES: methyl-accepting chemotaxis protein, partial
7.23444312585e-06	1	type IV secretion protein DotA, partial
7.23444312585e-06	1	MULTISPECIES: clavaldehyde dehydrogenase
7.23444312585e-06	1	outer membrane salicin receptor
7.23444312585e-06	1	transferase family (hexapeptide motif)
7.23444312585e-06	1	DUF1942 domain-containing protein
7.23444312585e-06	1	putative protein ydfG
7.23444312585e-06	1	ACR protein
7.23444312585e-06	1	mesaconyl-C4 CoA hydratase
7.23444312585e-06	1	topoisomerase I
7.23444312585e-06	1	EpsM protein
7.23444312585e-06	1	adhesin major subunit pilin
7.23444312585e-06	1	AAA domain family protein
7.23444312585e-06	1	Predicted enzyme involved in methoxymalonyl-ACP biosynthesis
7.23444312585e-06	1	DNA polymerase I domain protein
7.23444312585e-06	1	MULTISPECIES: IS91 family transposase ISAzo26
7.23444312585e-06	1	MULTISPECIES: type IV secretion protein DotO
7.23444312585e-06	1	delta -sterol c-methyltransferase
7.23444312585e-06	1	adenine permease PurP
7.23444312585e-06	1	NADH dehydrogenase I subunit D
7.23444312585e-06	1	MULTISPECIES: DUF3348 domain-containing protein
7.23444312585e-06	1	ThiJ/PfpI domain-containing protein, partial
7.23444312585e-06	1	methylcrotonoyl-CoA carboxylase subunit beta
7.23444312585e-06	1	nitrate/nitrite ABC transporter substrate--binding protein
7.23444312585e-06	1	nodulin 21-related protein
7.23444312585e-06	1	DUF2244 domain-containing protein, partial
7.23444312585e-06	1	methanol-5-hydroxybenzimidazolylcobamide methyltransferase
7.23444312585e-06	1	MULTISPECIES: NinG protein
7.23444312585e-06	1	FbkM family methyltransferase
7.23444312585e-06	1	IS701 family transposase ISTth8
7.23444312585e-06	1	pyocin activator protein PrtN
7.23444312585e-06	1	serine/threonine kinase protein (fragment)
7.23444312585e-06	1	NRDE family protein
7.23444312585e-06	1	SED family class A beta-lactamase
7.23444312585e-06	1	phosphatidylinositol 3-kinase
7.23444312585e-06	1	crotonyl-CoA reductase, partial
7.23444312585e-06	1	thiol-disulfide isomerase-like protein
7.23444312585e-06	1	competence/damage-inducible protein CinA-like protein
7.23444312585e-06	1	MULTISPECIES: ACT domain-containing protein
7.23444312585e-06	1	Radical-activating enzyme, radical SAM superfamily
7.23444312585e-06	1	MULTISPECIES: flagellar basal body protein FliL
7.23444312585e-06	1	MULTISPECIES: branched-chain amino acid permease
7.23444312585e-06	1	RNase HI
7.23444312585e-06	1	flavohemoprotein nitric oxide dioxygenase
7.23444312585e-06	1	type I restriction-modification system endonuclease, partial
7.23444312585e-06	1	MULTISPECIES: anion-transporting ATPase
7.23444312585e-06	1	putative inner membrane oxidoreductase
7.23444312585e-06	1	5'-3' exonuclease SAM domain protein
7.23444312585e-06	1	MULTISPECIES: spermidine/putrescine ABC transporter permease PotC
7.23444312585e-06	1	transcriptional regulator, Crp/Fnr family
7.23444312585e-06	1	DNA polymerase III, tau/gamma subunit
7.23444312585e-06	1	Putative replicative DNA helicase
7.23444312585e-06	1	ABC transporter; substrate-binding protein, sugar-binding protein
7.23444312585e-06	1	Alpha-tubulin suppressor and related RCC1 domain-containing protein-like protein
7.23444312585e-06	1	MULTISPECIES: bile acid/Na+ symporter family protein
7.23444312585e-06	1	putative acyl-CoA desaturase
7.23444312585e-06	1	Deoxyribodipyrimidine photolyase, single-strand-specific
7.23444312585e-06	1	prophage LambdaMc01, DNA methyltransferase
7.23444312585e-06	1	2,6-dihydroxypyridine 3-hydroxylase
7.23444312585e-06	1	minor capsid 2 protein
7.23444312585e-06	1	MULTISPECIES: extensin domain-containing protein
7.23444312585e-06	1	MULTISPECIES: putative nitrogen fixation protein NifT
7.23444312585e-06	1	RNA polymerase sigma factor RpoS, partial
7.23444312585e-06	1	putative Histidine kinase
7.23444312585e-06	1	glycosyl hydrolase 53
7.23444312585e-06	1	quinol:cytochrome c oxidoreductase pentaheme cytochrome subunit
7.23444312585e-06	1	MULTISPECIES: flagellar motor protein MotD
7.23444312585e-06	1	DNA replication and repair protein recF
7.23444312585e-06	1	toxin subunit
7.23444312585e-06	1	multidrug RND efflux transporter permease MdtB
7.23444312585e-06	1	HutP family protein
7.23444312585e-06	1	MULTISPECIES: colicin resistance protein
7.23444312585e-06	1	membrane protease subunit, stomatin/prohibitin-like protein
7.23444312585e-06	1	MULTISPECIES: dehypoxanthine futalosine cyclase
7.23444312585e-06	1	D-arabinose dehydrogenase
7.23444312585e-06	1	MULTISPECIES: IS5 family transposase ISPsp3
7.23444312585e-06	1	MULTISPECIES: tRNA(5-methylaminomethyl-2-thiouridine)-methyltransferase
7.23444312585e-06	1	toluene transporter subunit: membrane component of ABC superfamily
7.23444312585e-06	1	MT-A70
7.23444312585e-06	1	DUF1104 domain-containing protein
7.23444312585e-06	1	flagellar filament core protein
7.23444312585e-06	1	Glycosyl transferase, family 2 domain protein
7.23444312585e-06	1	RNA polymerase sigma 70 family subunit
7.23444312585e-06	1	flagellin FlaG, putative
7.23444312585e-06	1	gliding motility protein K
7.23444312585e-06	1	MULTISPECIES: pyruvate carboxyltransferase
7.23444312585e-06	1	type II secretion system protein F (GspF)
7.23444312585e-06	1	regulatory protein FmdB, partial
7.23444312585e-06	1	type II secretory pathway, component PulF, partial
7.23444312585e-06	1	gifsy-1 prophage protein, partial
7.23444312585e-06	1	putative arginine 2-monooxygenase
7.23444312585e-06	1	2,3-dihydro-3-hydroxyanthranilate isomerase
7.23444312585e-06	1	O92 family O-antigen ABC transporter ATP-binding protein Wzt
7.23444312585e-06	1	1,2-phenylacetyl-CoA epoxidase subunit A, partial
7.23444312585e-06	1	trehalose phosphorylase
7.23444312585e-06	1	putative glucuronosyltransferase
7.23444312585e-06	1	MULTISPECIES: alanyl-tRNA editing protein
7.23444312585e-06	1	X-Pro dipeptidyl-peptidase-like protein
7.23444312585e-06	1	ABC anion transporter
7.23444312585e-06	1	Sal family ABC-F type ribosomal protection protein
7.23444312585e-06	1	lipid A biosynthesis acyltransferase, partial
7.23444312585e-06	1	subclass B3 metallo-beta-lactamase CAR-1
7.23444312585e-06	1	MULTISPECIES: oligogalacturonate lyase
7.23444312585e-06	1	aldehyde reductase, partial
7.23444312585e-06	1	WalO protein
7.23444312585e-06	1	MS123 alcohol dehydrogenase
7.23444312585e-06	1	MULTISPECIES: deferrochelatase/peroxidase YfeX
7.23444312585e-06	1	glycoside hydrolase family 27
7.23444312585e-06	1	copper-binding protein, plastocyanin/azurin family
7.23444312585e-06	1	N-methylhydaintoinase A
7.23444312585e-06	1	protein beta
7.23444312585e-06	1	MULTISPECIES: TIGR00299 family protein
7.23444312585e-06	1	tripartite multidrug resistance system outer membrane protein
7.23444312585e-06	1	ThiF family protein
7.23444312585e-06	1	Heat shock protein 70
7.23444312585e-06	1	chromate transporter chromate ion transporter family
7.23444312585e-06	1	MULTISPECIES: beta-1,3-N-acetylglucosaminyltransferase
7.23444312585e-06	1	N-deacetylase/N-sulfotransferase
7.23444312585e-06	1	MULTISPECIES: DUF4251 domain-containing protein
7.23444312585e-06	1	phage terminase GpA, partial
7.23444312585e-06	1	ribonucleotide reductase of class Ia (aerobic),subunit beta
7.23444312585e-06	1	isoquinoline biosynthesis protein
7.23444312585e-06	1	MULTISPECIES: threonine/homoserine exporter RhtA
7.23444312585e-06	1	NreA
7.23444312585e-06	1	MULTISPECIES: nucleotide sugar epimerase/dehydratase
7.23444312585e-06	1	DUF1893 domain-containing protein
7.23444312585e-06	1	toxic anion resistance
7.23444312585e-06	1	colanic biosynthesis UDP-glucose lipid carrier transferase
7.23444312585e-06	1	alpha/beta fold superfamily hydrolase/acyltransferase
7.23444312585e-06	1	MULTISPECIES: DUF1833 domain-containing protein
7.23444312585e-06	1	nucleotide pyrophosphohydrolase, partial
7.23444312585e-06	1	6-phosphofructokinase II
7.23444312585e-06	1	FeMo cofactor biosynthesis protein NifB
7.23444312585e-06	1	MULTISPECIES: ribonucleotide reductase-like protein
7.23444312585e-06	1	putative hydrolase, CocE/NonD family
7.23444312585e-06	1	MULTISPECIES: AMP-dependent acyl-CoA synthetase
7.23444312585e-06	1	glycosyl hydrolase 43 family protein
7.23444312585e-06	1	MULTISPECIES: D-lysine 5,6-aminomutase subunit alpha
7.23444312585e-06	1	microcyclamide biosynthesis protein
7.23444312585e-06	1	pyrimidine utilization flavin reductase protein F
7.23444312585e-06	1	DUF2577 domain-containing protein
7.23444312585e-06	1	gliding motility-associated lipoprotein GldH
7.23444312585e-06	1	cell motility protein
7.23444312585e-06	1	galactose mutarotase-like protein
7.23444312585e-06	1	sugar ABC transporter (sugar-binding protein)
7.23444312585e-06	1	MULTISPECIES: RNA polymerase sigma factor SigF
7.23444312585e-06	1	NDP-N-acetyl-D-mannosaminuronate dehydrogenase
7.23444312585e-06	1	ef-hand domain protein
7.23444312585e-06	1	BRLZ domain containing protein
7.23444312585e-06	1	MULTISPECIES: fumarate reductase (quinol) flavoprotein subunit
7.23444312585e-06	1	amidohydrolase imidazolonepropionase
7.23444312585e-06	1	MULTISPECIES: DUF3471 domain-containing protein
7.23444312585e-06	1	MULTISPECIES: ISNCY family transposase ISAtsp9
7.23444312585e-06	1	thermosensitive gluconokinase IdnK
7.23444312585e-06	1	Oar-like outer membrane protein, OmpA family protein
7.23444312585e-06	1	dehydrogenase short-chain alcohol dehydrogenase
7.23444312585e-06	1	MULTISPECIES: ECF family RNA polymerase sigma factor
7.23444312585e-06	1	type II m6A DNA methyltransferase
7.23444312585e-06	1	diguanylate cyclase with PAS/PAC sensor and hemerythrin-like metal-binding domain
7.23444312585e-06	1	DUF3797 domain-containing protein
7.23444312585e-06	1	lipid II flippase MurJ, partial
7.23444312585e-06	1	protein of unknown function DUF820
7.23444312585e-06	1	hsp20/alpha crystallin family protein
7.23444312585e-06	1	phosphomethylpyrimidine synthase, partial
7.23444312585e-06	1	phage-related baseplate assembly protein
7.23444312585e-06	1	monomethylamine:corrinoid methyltransferase
7.23444312585e-06	1	IS4 family transposase ISRba2
7.23444312585e-06	1	MULTISPECIES: CREA protein
7.23444312585e-06	1	IS3 family transposase ISRso16
7.23444312585e-06	1	DoxX subfamily
7.23444312585e-06	1	MULTISPECIES: 59 protein
7.23444312585e-06	1	sulfur oxidation c-type cytochrome SoxX, partial
7.23444312585e-06	1	MULTISPECIES: protein psiE
7.23444312585e-06	1	StrG-like protein
7.23444312585e-06	1	cyclopropane-fatty-acyl-phospholipid synthase, partial
7.23444312585e-06	1	MULTISPECIES: TonB-dependent outer membrane receptor precursor
7.23444312585e-06	1	MULTISPECIES: Zn-dependent protease with chaperone function
7.23444312585e-06	1	rieske (2Fe-2S) iron-sulfur domain containing protein
7.23444312585e-06	1	pilus assembly protein HicB
7.23444312585e-06	1	nitrogen fixation protein NifH/NifE
7.23444312585e-06	1	O-GlcNAcase NagJ
7.23444312585e-06	1	sulfur carrier protein
7.23444312585e-06	1	5,10-methylene tetrahydromethanopterin reductase, partial
7.23444312585e-06	1	1-pyrroline-5-carboxylate dehydrogenase domain protein
7.23444312585e-06	1	SsgA family sporulation/cell division regulator
7.23444312585e-06	1	MULTISPECIES: thiopurine S-methyltransferase
7.23444312585e-06	1	NADH-ubiquinone oxidoreductase chain I
7.23444312585e-06	1	MULTISPECIES: PhnA domain protein
7.23444312585e-06	1	multifunctional tRNA (adenosine(37)-N6)-threonylcarbamoyltransferase complex dimerization subunit type 1 TsaB/ribosomal protein alanine acetyltransferase/tRNA (adenosine(37)-N6)-threonylcarbamoyltransferase complex transferase subunit TsaD
7.23444312585e-06	1	MULTISPECIES: heat-shock protein HspQ
7.23444312585e-06	1	MULTISPECIES: putative sugar O-methyltransferase
7.23444312585e-06	1	MULTISPECIES: heat-shock protein HspH
7.23444312585e-06	1	MULTISPECIES: pentaheme c-type cytochrome TorC
7.23444312585e-06	1	dTDP-4-dehydrorhamnose reductase RfbD-2
7.23444312585e-06	1	o-aminophenol oxidase
7.23444312585e-06	1	MULTISPECIES: pectinesterase
7.23444312585e-06	1	MULTISPECIES: protein DedA
7.23444312585e-06	1	recombination protein F
7.23444312585e-06	1	MULTISPECIES: phosphotriesterase
7.23444312585e-06	1	MULTISPECIES: cobalt-zinc-cadmium resistance protein
7.23444312585e-06	1	bifunctional photosynthetic reaction center subunit L/M
7.23444312585e-06	1	myeloperoxidase, thyroid peroxidase-like protein
7.23444312585e-06	1	cell wall biosynthesis glycosyltransferase-like protein
7.23444312585e-06	1	pre-peptidase c family protein
7.23444312585e-06	1	MULTISPECIES: partition protein A
7.23444312585e-06	1	nonribosomal peptide synthetase MxaA
7.23444312585e-06	1	cytochrome c-type biogenesis protein CcdA
7.23444312585e-06	1	MULTISPECIES: rRNA adenine methyltransferase
7.23444312585e-06	1	zeta toxin, partial
7.23444312585e-06	1	MULTISPECIES: calcium/proton exchanger
7.23444312585e-06	1	MULTISPECIES: heme transporter CcmB
7.23444312585e-06	1	2-nitropropane dioxygenase family oxidoreductase
7.23444312585e-06	1	RuBisCo-expression protein CbbX
7.23444312585e-06	1	photosystem I reaction center subunit X (PsaK)
7.23444312585e-06	1	alternative complex III protein ActC
7.23444312585e-06	1	J domain-containing protein, partial
7.23444312585e-06	1	DUF4852 domain-containing protein
7.23444312585e-06	1	serine protease family S1C
7.23444312585e-06	1	acetylhydrolase IB subunit gamma
7.23444312585e-06	1	DUF5058 domain-containing protein
7.23444312585e-06	1	MULTISPECIES: putrescine aminotransferase
7.23444312585e-06	1	glycerol transporter
7.23444312585e-06	1	MULTISPECIES: UDP-phosphate alpha-N-acetylglucosaminyltransferase
7.23444312585e-06	1	MULTISPECIES: flagellar P-ring protein
7.23444312585e-06	1	Membrane-associated metallopeptidase, M50 family
7.23444312585e-06	1	endoglycoceramidase, partial
7.23444312585e-06	1	DUF5049 domain-containing protein
7.23444312585e-06	1	putative vitamin B12 transporter
7.23444312585e-06	1	magnesium or manganese-dependent protein phosphatase
7.23444312585e-06	1	DnaB helicase
7.23444312585e-06	1	TPR repeat-containing protein (fragment), partial
7.23444312585e-06	1	putative PAS/PAC sensor hybrid histidine kinase
7.23444312585e-06	1	anibiotic ABC transporter
7.23444312585e-06	1	conserved membrane hypothetical protein, contains transporter Gate domain
7.23444312585e-06	1	putative Extracellular ligand-binding receptor
7.23444312585e-06	1	Hcp family T6SS protein CtsH1
7.23444312585e-06	1	MULTISPECIES: stress protein
7.23444312585e-06	1	bifunctional cysteine desulfurase IscS/selenide,water dikinase SelD
7.23444312585e-06	1	polyamine ABC transporter substrate-binding protein, partial
7.23444312585e-06	1	inner membrane protein, bestrophin family
7.23444312585e-06	1	aspartokinase LysC
7.23444312585e-06	1	MULTISPECIES: N-dimethylarginine dimethylaminohydrolase
7.23444312585e-06	1	methionyl-tRNA formyltransferase-like protein
7.23444312585e-06	1	MULTISPECIES: TPR domain-containing protein
7.23444312585e-06	1	rod shape-determining protein Mbl
7.23444312585e-06	1	siderophore biosynthesis protein IucA
7.23444312585e-06	1	sugar isomerase YihS
7.23444312585e-06	1	manganese ABC transporter ATP-binding protein, partial
7.23444312585e-06	1	sensor protein TorS
7.23444312585e-06	1	aromatic amino acid permease
7.23444312585e-06	1	multidrug resistance protein
7.23444312585e-06	1	malonate decarboxylase subunit alpha, partial
7.23444312585e-06	1	membrane peptidase peptidase M23 family
7.23444312585e-06	1	M1 family peptidase
7.23444312585e-06	1	AIDA autotransporter, partial
7.23444312585e-06	1	molybdenum cofactor biosynthesis protein C, partial
7.23444312585e-06	1	Thiol-disulfide isomerase-like thioredoxin
7.23444312585e-06	1	putative cyclophilin-type peptidyl-prolyl cis-trans isomerase
7.23444312585e-06	1	M28 family peptidase
7.23444312585e-06	1	ISAzo13 family transposase ISStau6
7.23444312585e-06	1	putative phage-related lysozyme
7.23444312585e-06	1	DUF2627 domain-containing protein
7.23444312585e-06	1	heterodisulfide reductase subunit B HdrB
7.23444312585e-06	1	dme family drug metabolite transporter
7.23444312585e-06	1	helicase related protein
7.23444312585e-06	1	putative 3-hydroxybutyryl-CoA dehydratase
7.23444312585e-06	1	exonuclease V (RecBCD complex) subunit gamma
7.23444312585e-06	1	cardiolipin synthetase 2
7.23444312585e-06	1	MULTISPECIES: DUF2280 domain-containing protein
7.23444312585e-06	1	MULTISPECIES: putative RND superfamily exporter
7.23444312585e-06	1	PTS system fructose transporter subunit IIA
7.23444312585e-06	1	MULTISPECIES: DUF4141 domain-containing protein
7.23444312585e-06	1	DMSO reductase subunit C
7.23444312585e-06	1	Bacterial cellulose synthase subunit
7.23444312585e-06	1	cytochrome b559 subunit alpha, partial
7.23444312585e-06	1	Lipase class 2
7.23444312585e-06	1	RNAse III
7.23444312585e-06	1	gluconate kinase IdnK
7.23444312585e-06	1	MULTISPECIES: IS1 family transposase ISArch17
7.23444312585e-06	1	MULTISPECIES: 3-deoxy-D-manno-octulosonate cytidylyltransferase
7.23444312585e-06	1	SGNH/GDSL hydrolase family protein, partial
7.23444312585e-06	1	heptosyltransferase family
7.23444312585e-06	1	G-protein-signaling modulator 2
7.23444312585e-06	1	S-isoprenylcysteine methyltransferase-like protein
7.23444312585e-06	1	dna-methyltransferase dcm
7.23444312585e-06	1	LD-carboxypeptidase, partial
7.23444312585e-06	1	ribulose bisphosphate carboxylase-like protein
7.23444312585e-06	1	AIDA autotransporter-like protein ShdA, partial
7.23444312585e-06	1	MULTISPECIES: UDP-glucose epimerase
7.23444312585e-06	1	ISNCY family transposase ISMae1
7.23444312585e-06	1	NlpBDapX family lipoprotein
7.23444312585e-06	1	K+ transport flavoprotein
7.23444312585e-06	1	polyprenol monophosphomannose synthase, partial
7.23444312585e-06	1	papain family cysteine protease
7.23444312585e-06	1	MULTISPECIES: Nod factor export ATP-binding protein I
7.23444312585e-06	1	glutamine cyclotransferase, partial
7.23444312585e-06	1	rolling circle replication like protein
7.23444312585e-06	1	ATP-binding cobalamin adenosyltransferase
7.23444312585e-06	1	MULTISPECIES: multidrug transporter CflA
7.23444312585e-06	1	MULTISPECIES: indolepyruvate/phenylpyruvate decarboxylase
7.23444312585e-06	1	DNA translocation competence protein ComA/ComEC/Rec2
7.23444312585e-06	1	PAS domain S-box/PAS domain S-box
7.23444312585e-06	1	DUF3029 domain-containing protein
7.23444312585e-06	1	tfp pilus assembly protein, major pilin
7.23444312585e-06	1	carbon-monoxide dehydrogenase medium subunit
7.23444312585e-06	1	MULTISPECIES: stress response translation initiation inhibitor YciH
7.23444312585e-06	1	xanthine dehydrogenase accessory protein XdhC, partial
7.23444312585e-06	1	gluconate 5-dehydrogenase Gno
7.23444312585e-06	1	putative multidrug export ATP-binding/permease protein
7.23444312585e-06	1	cysteine-rich region domain-containing protein
7.23444312585e-06	1	conjugal transfer protein trbg/virb9/cagx
7.23444312585e-06	1	deferrochelatase/peroxidase EfeB, partial
7.23444312585e-06	1	MULTISPECIES: Holliday junction resolvase RecU
7.23444312585e-06	1	gamma-D-glutamyl-meso-diaminopimelate peptidase
7.23444312585e-06	1	peptide-N(4)-(N-acetyl-beta-glucosaminyl)asparagine amidase
7.23444312585e-06	1	putative ATP binding protein
7.23444312585e-06	1	cytochrome C-type biogenesis protein, putative
7.23444312585e-06	1	single-stranded DNA-binding protein, ERF family
7.23444312585e-06	1	MazG nucleotide pyrophosphohydrolase domain superfamily protein
7.23444312585e-06	1	sesquiterpene cyclase
7.23444312585e-06	1	Membrane protein involved in aromatic hydrocarbon degradation
7.23444312585e-06	1	ubiquinone biosynthesis O-methyltransferase
7.23444312585e-06	1	N-ethylammeline chlorohydrolase, partial
7.23444312585e-06	1	transcriptional regulator FixK
7.23444312585e-06	1	aldehyde dehydrogenase subunit III
7.23444312585e-06	1	MULTISPECIES: nitrogen regulatory protein P-II 2
7.23444312585e-06	1	MULTISPECIES: exotoxin
7.23444312585e-06	1	methyltransferase regulatory domain protein
7.23444312585e-06	1	Predicted Fe-S oxidoreductase
7.23444312585e-06	1	integral membrane NG,NG-dimethylarginine dimethylaminohydrolase
7.23444312585e-06	1	swiB complex protein
7.23444312585e-06	1	MULTISPECIES: PTS phosphohistidinoprotein-hexose phosphotransferase subunit Hpr
7.23444312585e-06	1	putative type III restriction protein, res subunit
7.23444312585e-06	1	aluminum resistance protein
7.23444312585e-06	1	DUF459 domain-containing protein, partial
7.23444312585e-06	1	iron(III) dicitrate transporter FecA
7.23444312585e-06	1	HhH-GPD
7.23444312585e-06	1	putative resolvase
7.23444312585e-06	1	phage mu protein f
7.23444312585e-06	1	MULTISPECIES: MltA
7.23444312585e-06	1	IS30 family transposase IS1088
7.23444312585e-06	1	MULTISPECIES: uracil-DNA glycosylase, partial
7.23444312585e-06	1	transglutaminase-like protease
7.23444312585e-06	1	MDO
7.23444312585e-06	1	formiminoglutamase HutE
7.23444312585e-06	1	DNA-formamidopyrimidine glycosylase, partial
7.23444312585e-06	1	putative zinc metallopeptidase
7.23444312585e-06	1	VWA containing CoxE-like protein
7.23444312585e-06	1	protease subunit of ATP-dependent protease
7.23444312585e-06	1	oxidoreductase (NADPH), flavoprotein
7.23444312585e-06	1	sulfurylase small subunit
7.23444312585e-06	1	protein MttB5
7.23444312585e-06	1	MULTISPECIES: glycosyl transferase group 1 protein
7.23444312585e-06	1	MULTISPECIES: Malonyl CoA-acyl carrier protein transacylase
7.23444312585e-06	1	PEP motif anchor domain protein
7.23444312585e-06	1	putativeUDP-glucose 4-epimerase GalE
7.23444312585e-06	1	NAD(P)H-binding protein, PF13460 domain protein
7.23444312585e-06	1	addiction module component, family protein
7.23444312585e-06	1	N-(5'-phosphoribosyl)anthranilate isomerase 2
7.23444312585e-06	1	winged helix-turn-helix domain-containing protein, partial
7.23444312585e-06	1	glutamine synthetase type III N-terminal
7.23444312585e-06	1	NADP oxidoreductase coenzyme F420-dependent superfamily
7.23444312585e-06	1	MULTISPECIES: DUF1731 domain-containing protein
7.23444312585e-06	1	cytosine-specific DNA methyltransferase
7.23444312585e-06	1	dolichyl-phosphate mannose synthase-like protein
7.23444312585e-06	1	TrbI Mating pair formation protein
7.23444312585e-06	1	aminopeptidase peptidase M1 family
7.23444312585e-06	1	glycoside hydrolase family 25, partial
7.23444312585e-06	1	TaqII restriction endonuclease
7.23444312585e-06	1	D-proline reductase (dithiol) protein PrdB
7.23444312585e-06	1	His-Xaa-Ser repeat protein HxsA
7.23444312585e-06	1	electron transfer flavoprotein alpha/beta-subunit
7.23444312585e-06	1	DUF227 domain-containing protein
7.23444312585e-06	1	phosphopantetheinyl transferase, partial
7.23444312585e-06	1	Phenylacetate-CoA oxygenase, PaaI subunit
7.23444312585e-06	1	polyamine ABC transporter ATP-binding protein, partial
7.23444312585e-06	1	phage integrase SAM-like domain protein, partial
7.23444312585e-06	1	MULTISPECIES: GrpB family protein
7.23444312585e-06	1	fructokinase/branched chain amino acid--2-keto-4-methylthiobutyrate aminotransferase
7.23444312585e-06	1	MscS Mechanosensitive ion channel
7.23444312585e-06	1	flavocytochrome C sulfide dehydrogenase flavin-binding protein
7.23444312585e-06	1	M3 family oligoendopeptidase, partial
7.23444312585e-06	1	TcuB protein
7.23444312585e-06	1	MULTISPECIES: S1 family peptidase
7.23444312585e-06	1	RecB family nuclease TM0106 family
7.23444312585e-06	1	Lacn protein, plasmid
7.23444312585e-06	1	MULTISPECIES: TrkA domain-containing protein
7.23444312585e-06	1	ATP-dependent DNA ligase I
7.23444312585e-06	1	Macrolide export ATP-binding/permease protein MacB
7.23444312585e-06	1	phosphatidylcholine-sterol acyltransferase
7.23444312585e-06	1	tRNA (guanine-N(1)-)-methyltransferase
7.23444312585e-06	1	MULTISPECIES: head completion protein
7.23444312585e-06	1	MULTISPECIES: type III chaperone protein ShcA
7.23444312585e-06	1	general stress protein CsbD
7.23444312585e-06	1	RND superfamily drug exporter-like protein
7.23444312585e-06	1	MULTISPECIES: long-chain fatty-acid--CoA ligase FadD
7.23444312585e-06	1	Tubulin polyglutamylase ttll-4
7.23444312585e-06	1	ribose 1,5-bisphosphate phosphokinase PhnN
7.23444312585e-06	1	cytochrome b561 / ferric reductase transmembrane
7.23444312585e-06	1	MULTISPECIES: photosystem II complex extrinsic protein precursor U
7.23444312585e-06	1	aldehyde oxidase and xanthine dehydrogenase, molybdopterin binding protein
7.23444312585e-06	1	MULTISPECIES: ModE molybdate transport repressor domain-containing protein
7.23444312585e-06	1	exodeoxyribonuclease I, partial
7.23444312585e-06	1	MULTISPECIES: DUF2569 domain-containing protein
7.23444312585e-06	1	fructose-1 6-bisphosphate aldolase class II
7.23444312585e-06	1	4Fe-4S ferredoxin iron-sulfur binding subunit
7.23444312585e-06	1	sensor signal transduction histidine kinase
7.23444312585e-06	1	cell division modulator
7.23444312585e-06	1	nitrogen fixation protein FixI
7.23444312585e-06	1	cytochrome bd plastoquinol oxidase subunit 2 apoprotein
7.23444312585e-06	1	subtilisin BPN' precursor
7.23444312585e-06	1	Mob
7.23444312585e-06	1	streptogramin A acetyltransferase
7.23444312585e-06	1	Opacity-associated protein A domain protein
7.23444312585e-06	1	type IV pilus assembly protein FimV
7.23444312585e-06	1	amylovoran biosynthesis protein AmsF
7.23444312585e-06	1	coiled-coil protein
7.23444312585e-06	1	aspartyl-trna synthetase
7.23444312585e-06	1	MULTISPECIES: DNA-binding transcriptional regulator DsdC
7.23444312585e-06	1	metFprotein
7.23444312585e-06	1	MULTISPECIES: histidinol phosphate aminotransferase
7.23444312585e-06	1	5-carboxyvanillate decarboxylase
7.23444312585e-06	1	MULTISPECIES: TetX family tetracycline inactivation enzyme
7.23444312585e-06	1	MULTISPECIES: heme exporter protein C
7.23444312585e-06	1	MULTISPECIES: outer membrane protein B
7.23444312585e-06	1	MULTISPECIES: N(4)-(beta-N-acetylglucosaminyl)-L-asparaginase
7.23444312585e-06	1	C39 family peptidase
7.23444312585e-06	1	bifunctional homocysteine S-methyltransferase/5,10-methylenetetrahydrofolate reductase
7.23444312585e-06	1	EscT/YscT/HrcT family type III secretion system export apparatus protein, partial
7.23444312585e-06	1	sesquiterpene synthase 2
7.23444312585e-06	1	MULTISPECIES: redoxin
7.23444312585e-06	1	MULTISPECIES: DUF2158 domain-containing protein
7.23444312585e-06	1	iron-sulfur cluster assembly scaffold protein NifU, partial
7.23444312585e-06	1	glycine/sarcosine/betaine reductase complex selenoprotein A
7.23444312585e-06	1	benzene 1,2-dioxygenase, partial
7.23444312585e-06	1	bifunctional colicin V production protein/SCP-like extracellular protein
7.23444312585e-06	1	MULTISPECIES: entericidin
7.23444312585e-06	1	streptomycin biosynthesis protein StrG
7.23444312585e-06	1	pyruvate ferredoxin/flavodoxin oxidoreductase
7.23444312585e-06	1	MULTISPECIES: response regulator SirA
7.23444312585e-06	1	putative manganese transport system, periplasmic-binding protein
7.23444312585e-06	1	phage head-tail adaptor
7.23444312585e-06	1	SEC-C motif family protein
7.23444312585e-06	1	MULTISPECIES: amidotransferase
7.23444312585e-06	1	alkanesulfonate monooxygenase, FMNH(2)-dependent, partial
7.23444312585e-06	1	MULTISPECIES: 4Fe-4S dicluster domain protein
7.23444312585e-06	1	MULTISPECIES: metallophosphatase family protein
7.23444312585e-06	1	vancomycin B-type resistance protein
7.23444312585e-06	1	Peptide-N-glycosidase F containing protein
7.23444312585e-06	1	MULTISPECIES: nitrilotriacetate monooxygenase component B
7.23444312585e-06	1	glycoside hydrolase family 25-like lysozyme/endolysin
7.23444312585e-06	1	peptidase S53 propeptide
7.23444312585e-06	1	oxidoreductase 2OG-Fe(II) oxygenase family
7.23444312585e-06	1	histidinal dehydrogenase / histidinol dehydrogenase
7.23444312585e-06	1	repeat unit transporter
7.23444312585e-06	1	Rhizobactin siderophore biosynthesis protein RhbF
7.23444312585e-06	1	HNH homing endonuclease
7.23444312585e-06	1	type IV secretory pathway VirD4 components-like protein
7.23444312585e-06	1	putative M36 fungalysin family metalloprotease
7.23444312585e-06	1	ferric uptake regulator family protein
7.23444312585e-06	1	MULTISPECIES: IS3 family transposase ISRosp2
7.23444312585e-06	1	MULTISPECIES: IS30 family transposase ISPa59
7.23444312585e-06	1	methylenetetrahydrofolate--tRNA-(uracil(54)-C(5))-methyltransferase (FADH(2)-oxidizing) TrmFO, partial
7.23444312585e-06	1	zinc/manganese/iron ABC transporter, permease protein
7.23444312585e-06	1	SAF domain-containing protein, partial
7.23444312585e-06	1	PSP1 C-terminal domain protein
7.23444312585e-06	1	MULTISPECIES: PhlI
7.23444312585e-06	1	long-chain-fatty-acid--luciferin-component ligase
7.23444312585e-06	1	MULTISPECIES: D-cysteine desulfhydrase family protein
7.23444312585e-06	1	IS3 family transposase ISWpi17
7.23444312585e-06	1	MULTISPECIES: ATP-dependent protease La type II
7.23444312585e-06	1	IS3 family transposase ISMex33
7.23444312585e-06	1	prophage LambdaCh01, N-acetylmuramoyl-L-alanine amidase
7.23444312585e-06	1	magnesium/cobalt transporter
7.23444312585e-06	1	sigma factor, ECF-like family protein
7.23444312585e-06	1	serine-type D-Ala-D-Ala carboxypeptidase, partial
7.23444312585e-06	1	MULTISPECIES: type I-C CRISPR-associated protein Cas5
7.23444312585e-06	1	succinoglycan biosynthesis protein, partial
7.23444312585e-06	1	heme-binding sensor globin domain-containing protein
7.23444312585e-06	1	YtfJ family protein
7.23444312585e-06	1	DNA binding domain-containing protein, excisionase family
7.23444312585e-06	1	gene 66 protein
7.23444312585e-06	1	putative restriction modification gene
7.23444312585e-06	1	20S proteasome
7.23444312585e-06	1	Glycosyl transferase, group 2 family protein
7.23444312585e-06	1	HipA-like C-terminal domain
7.23444312585e-06	1	Inner-membrane translocator (modular protein)
7.23444312585e-06	1	Restriction endonuclease EcoRI
7.23444312585e-06	1	MULTISPECIES: protein killer suppression protein
7.23444312585e-06	1	CXXX repeat peptide maturase
7.23444312585e-06	1	MULTISPECIES: DNA-binding protein (histone)
7.23444312585e-06	1	D-sedoheptulose 7-phosphate isomerase
7.23444312585e-06	1	heme ABC transporter permease CcmB, partial
7.23444312585e-06	1	phage terminase small subunit P27 family
7.23444312585e-06	1	exonuclease VIII, partial
7.23444312585e-06	1	MULTISPECIES: S-adenosylhomocysteine deaminase
7.23444312585e-06	1	LACX protein
7.23444312585e-06	1	malate oxidoreductase
7.23444312585e-06	1	type IV secretion system protein B4
7.23444312585e-06	1	gamma-glutamyl ligase
7.23444312585e-06	1	DNA glycosylase, partial
7.23444312585e-06	1	lysozyme M1 (1,4-beta-N-acetylmuramidase)
7.23444312585e-06	1	Histidine kinase/response regulator hybrid protein
7.23444312585e-06	1	MULTISPECIES: subtilisin
7.23444312585e-06	1	PTS system mannitol-specific transporter subunit IIBC
7.23444312585e-06	1	vanillate demethylase oxygenase subunit
7.23444312585e-06	1	stress-induced protein OsmC family
7.23444312585e-06	1	putative Glutamyl endopeptidase
7.23444312585e-06	1	protein ligase
7.23444312585e-06	1	gliding motility lipoprotein GldB, partial
7.23444312585e-06	1	multidrug ABC transporter substrate-binding protein, partial
7.23444312585e-06	1	DNA-directed RNA polymerase subunit sigma
7.23444312585e-06	1	putative peptidase, M61 family
7.23444312585e-06	1	DUF4364 domain-containing protein
7.23444312585e-06	1	multidrug transporter subunit MdtI
7.23444312585e-06	1	permease family
7.23444312585e-06	1	MULTISPECIES: lipase chaperone
7.23444312585e-06	1	SecA DEAD domain-containing protein
7.23444312585e-06	1	pyruvate/2-oxoglutarate dehydrogenase complex, dehydrogenase component beta subunit
7.23444312585e-06	1	MULTISPECIES: photosystem II D2 protein 1
7.23444312585e-06	1	restriction endonuclease SsoII
7.23444312585e-06	1	citryl-CoA lyase, partial
7.23444312585e-06	1	MULTISPECIES: carboxysome shell protein
7.23444312585e-06	1	MULTISPECIES: hemerythrin HHE cation-binding protein
7.23444312585e-06	1	MULTISPECIES: site-specific recombinase Gcr
7.23444312585e-06	1	DNA primase phage/plasmid
7.23444312585e-06	1	putative glycosidase
7.23444312585e-06	1	MULTISPECIES: DUF2304 domain-containing protein
7.23444312585e-06	1	transcriptional coactivator p15
7.23444312585e-06	1	MULTISPECIES: transcriptional regulator HU subunit alpha
7.23444312585e-06	1	cytochrome c4, partial
7.23444312585e-06	1	2-amninobenzoyl-CoA monooxygenase/reductase
7.23444312585e-06	1	benzoylsuccinyl-CoA thiolase, partial
7.23444312585e-06	1	Regulator of cell autolysis
7.23444312585e-06	1	Sodium:solute symporter family protein
7.23444312585e-06	1	MULTISPECIES: structural protein
7.23444312585e-06	1	pilin assembly protein
7.23444312585e-06	1	putative virion core protein
7.23444312585e-06	1	arylsulfatase A family protein, partial
7.23444312585e-06	1	hemagglutinin domain-containing protein
7.23444312585e-06	1	toll-Interleukin receptor
7.23444312585e-06	1	type II secretory protein pull
7.23444312585e-06	1	PA domain-containing protein
7.23444312585e-06	1	MULTISPECIES: fucose-binding lectin II
7.23444312585e-06	1	phycocyanobilin lyase, partial
7.23444312585e-06	1	cell invasion protein SipB
7.23444312585e-06	1	cbs domain containing membrane protein
7.23444312585e-06	1	chromosomal partitioning protein ParB
7.23444312585e-06	1	bifunctional DNA-directed RNA polymerase subunit beta/beta'
7.23444312585e-06	1	cysteine sulfinic acid decarboxylase
7.23444312585e-06	1	amino acid adenylation:thioester reductase
7.23444312585e-06	1	NIF3 (NGG1p interacting factor 3)-like protein
7.23444312585e-06	1	MULTISPECIES: alcohol dehydrogenase AdhP
7.23444312585e-06	1	MULTISPECIES: TIGR02452 family protein
7.23444312585e-06	1	outer membrane family protein
7.23444312585e-06	1	Tpn3 protein
7.23444312585e-06	1	5-methylcytosine-specific restriction enzyme subunit McrC
7.23444312585e-06	1	DUF1480 domain-containing protein
7.23444312585e-06	1	putative outer membrane salicin receptor
7.23444312585e-06	1	phenylacetic acid degradation-related protein
7.23444312585e-06	1	Tetratricopeptide repeat protein (fragment)
7.23444312585e-06	1	vitamin B12 ABC transporter ATP-binding protein BtuD
7.23444312585e-06	1	HoxK membrane-bound (NiFe) hydrogenase small subunit
7.23444312585e-06	1	aminotransferase classes I and II
7.23444312585e-06	1	flagellar GTP-binding protein
7.23444312585e-06	1	succinate dehydrogenase hydrophobic membrane anchor subunit
7.23444312585e-06	1	MULTISPECIES: transferase hexapeptide repeat protein
7.23444312585e-06	1	MULTISPECIES: DUF4325 domain-containing protein
7.23444312585e-06	1	GeoRSP system radical SAM/SPASM protein
7.23444312585e-06	1	HAD hydrolase, family IB
7.23444312585e-06	1	thiosulfate transporter subunit
7.23444312585e-06	1	MULTISPECIES: cytochrome b6-f complex subunit PetM
7.23444312585e-06	1	late control D family protein
7.23444312585e-06	1	MULTISPECIES: restriction endonuclease EcoR124II
7.23444312585e-06	1	response regulator receiver modulated GAF sensor protein
7.23444312585e-06	1	secreted protein, partial
7.23444312585e-06	1	secreted protein containing PA14
7.23444312585e-06	1	malonyl CoA-acyl carrier protein transacylase
7.23444312585e-06	1	DNA phosphorothioation-associated putative methyltransferase
7.23444312585e-06	1	MULTISPECIES: DUF992 domain-containing protein
7.23444312585e-06	1	IS1595 family transposase ISRhba1
7.23444312585e-06	1	Excalibur calcium-binding domain protein
7.23444312585e-06	1	K+ transporter Trk
7.23444312585e-06	1	MULTISPECIES: 5,10-methylenetetrahydromethanopterin reductase
7.23444312585e-06	1	flagellin-like
7.23444312585e-06	1	ribonucleoside-diphosphate reductase NrdZ
7.23444312585e-06	1	MULTISPECIES: GcrA-like regulator
7.23444312585e-06	1	IS1595 family transposase ISRosp3
7.23444312585e-06	1	type II toxin-antitoxin system PemK/MazF family toxin, partial
7.23444312585e-06	1	iron-sulfur cluster repair di-iron protein, partial
7.23444312585e-06	1	MULTISPECIES: TIGR02679 family protein
7.23444312585e-06	1	MULTISPECIES: DUF3148 domain-containing protein
7.23444312585e-06	1	glutathione-regulated potassium-efflux system ancillary protein KefG
7.23444312585e-06	1	crossover junction endodeoxyribonuclease RusA superfamily protein
7.23444312585e-06	1	IS1182 family transposase ISPpu16
7.23444312585e-06	1	toxin-antitoxin system toxin component RelE, partial
7.23444312585e-06	1	MULTISPECIES: cysteate synthase
7.23444312585e-06	1	MULTISPECIES: colanic acid biosynthesis acetyltransferase
7.23444312585e-06	1	MULTISPECIES: photosystem I reaction center subunit PsaK
7.23444312585e-06	1	spermidine/putrescine ABC transpoter (substrate binding protein)
7.23444312585e-06	1	IS1595 family transposase ISEc69
7.23444312585e-06	1	glycosyltransferase sugar-binding region containing DXD motif protein
7.23444312585e-06	1	D-lactate dehydrogenase VanH
7.23444312585e-06	1	putative proton-coupled thiamine transporter YuaJ
7.23444312585e-06	1	fumarate reductase iron-sulfur subunit
7.23444312585e-06	1	type IV conjugative transfer system coupling protein TraD, partial
7.23444312585e-06	1	MULTISPECIES: DUF2190 domain-containing protein
7.23444312585e-06	1	ompH family outer membrane protein
7.23444312585e-06	1	putidaredoxin reductase
7.23444312585e-06	1	MULTISPECIES: Eco29kI family restriction endonuclease
7.23444312585e-06	1	putative transmembrane signal transduction receptor and sigma-54 dependent response regulator
7.23444312585e-06	1	MULTISPECIES: phosphate ABC transporter phosphate-binding protein
7.23444312585e-06	1	succinate dehydrogenase subunit D
7.23444312585e-06	1	MULTISPECIES: Lsr2 family protein
7.23444312585e-06	1	FTR1 family protein
7.23444312585e-06	1	MULTISPECIES: multidrug export protein EmrA
7.23444312585e-06	1	metal-dependent RNase
7.23444312585e-06	1	sulfur acceptor protein SufE for iron-sulfur cluster assembly
7.23444312585e-06	1	MULTISPECIES: methionine synthase I
7.23444312585e-06	1	MULTISPECIES: glycoside hydrolase family 43
7.23444312585e-06	1	predicted heterotrimeric autotransporter subunit B
7.23444312585e-06	1	recombinase A, partial
7.23444312585e-06	1	MULTISPECIES: exosortase-associated EpsI family protein
7.23444312585e-06	1	MULTISPECIES: phenol hydrolase assembly protein
7.23444312585e-06	1	Puromycin resistance protein pur8, partial
7.23444312585e-06	1	2-nitropropane dioxygenase, partial
7.23444312585e-06	1	membrane-bound mannosyltransferase-like protein
7.23444312585e-06	1	forkhead domain-containing protein
7.23444312585e-06	1	Cerebroside-sulfatase,N-acetylgalactosamine-6-sulfatase
7.23444312585e-06	1	MULTISPECIES: chemotaxis protein-glutamate O-methyltransferase
7.23444312585e-06	1	MULTISPECIES: DNA/RNA helicase
7.23444312585e-06	1	IS3 family transposase ISAli5
7.23444312585e-06	1	IS3 family transposase ISAli4
7.23444312585e-06	1	RlgA
7.23444312585e-06	1	SET domain-containing protein-lysine N-methyltransferase, partial
7.23444312585e-06	1	Thioredoxin domain-containing protein
7.23444312585e-06	1	macrocin-O-methyltransferase
7.23444312585e-06	1	ferredoxin-dependent bilin reductase
7.23444312585e-06	1	MULTISPECIES: IgiC
7.23444312585e-06	1	MULTISPECIES: oxoglutarate dehydrogenase inhibitor
7.23444312585e-06	1	MULTISPECIES: 2-hydroxy-6-ketonona-2,4-dienedioic acid hydrolase
7.23444312585e-06	1	gamma-glutamyl kinase
7.23444312585e-06	1	phage-related tail protein
7.23444312585e-06	1	Putative radical SAM family enzyme
7.23444312585e-06	1	TonB-denpendent receptor, partial
7.23444312585e-06	1	oxidoreductase precursor
7.23444312585e-06	1	acid--CoA ligase, partial
7.23444312585e-06	1	DUF2502 domain-containing protein
7.23444312585e-06	1	putative conjugative transfer protein TraB
7.23444312585e-06	1	protein involved in cell wall biosynthesis, morphogenesis and cell division
7.23444312585e-06	1	Trypsin-like serine protease typically periplasmic
7.23444312585e-06	1	tellurium resistance protein TerY
7.23444312585e-06	1	tellurium resistance protein TerW
7.23444312585e-06	1	ATP dependent zinc metalloprotease
7.23444312585e-06	1	2,4-dienoyl-CoA reductase (NADPH)
7.23444312585e-06	1	MULTISPECIES: cytosolic protein
7.23444312585e-06	1	paraoxonase
7.23444312585e-06	1	putative xylulose kinase
7.23444312585e-06	1	YdbH family protein
7.23444312585e-06	1	MULTISPECIES: lipo-like protein
7.23444312585e-06	1	copper resistance protein B, partial
7.23444312585e-06	1	putative filamentous hemagglutinin
7.23444312585e-06	1	Anthrone monooxygenase
7.23444312585e-06	1	50S ribosomal protein L30e, partial
7.23444312585e-06	1	methylmalonyl-CoA epimerase, partial
7.23444312585e-06	1	MULTISPECIES: IS66 family transposase ISRel24
7.23444312585e-06	1	carbohydrate esterase / alpha-galactosidase
7.23444312585e-06	1	Nod factor export ATP-binding protein I
7.23444312585e-06	1	MULTISPECIES: O-antigen biosynthesis protein
7.23444312585e-06	1	PAS modulated sigma54 specific transcriptional regulator, Fis family
7.23444312585e-06	1	MULTISPECIES: IS256 family transposase ISDha1
7.23444312585e-06	1	cytochrome c family protein, partial
7.23444312585e-06	1	tRNA (guanine(10)-N(2))-dimethyltransferase
7.23444312585e-06	1	mobilization protein (MobL-like), partial
7.23444312585e-06	1	META domain protein
7.23444312585e-06	1	Membrane proteins related to metalloendopeptidases
7.23444312585e-06	1	carotene 7,8-desaturase
7.23444312585e-06	1	MULTISPECIES: X-Pro dipeptidyl-peptidase
7.23444312585e-06	1	phosphonate metabolism protein PhnM, partial
7.23444312585e-06	1	glutamyl-tRNA(Gln) amidotransferase subunit A, partial
7.23444312585e-06	1	sn-glycerol-3-phosphate dehydrogenase subunit C
7.23444312585e-06	1	HicA protein
7.23444312585e-06	1	MULTISPECIES: phenylacetyl-CoA:acceptor oxidoreductase
7.23444312585e-06	1	D-methionine ABC transporter permease
7.23444312585e-06	1	CyCJ cytochrome-c biosynthesis protein
7.23444312585e-06	1	acetoin dehydrogenase E2 subunit dihydrolipoyllysine-residue acetyltransferase
7.23444312585e-06	1	MULTISPECIES: glycosyl transferase GT17 family protein
7.23444312585e-06	1	response regulator receiver and ANTAR domain-containing protein
7.23444312585e-06	1	RNB domain-containing protein, partial
7.23444312585e-06	1	ABC-2 type ABC transporter permease
7.23444312585e-06	1	amicyanin
7.23444312585e-06	1	MULTISPECIES: SapC family protein
7.23444312585e-06	1	IS3 family transposase IS1240
7.23444312585e-06	1	twin-arginine translocase subunit TatB, partial
7.23444312585e-06	1	phenylacetic acid degradation protein PaaI
7.23444312585e-06	1	type A-16 chloramphenicol O-acetyltransferase CatQ
7.23444312585e-06	1	MULTISPECIES: DUF3149 domain-containing protein
7.23444312585e-06	1	stringent starvation protein B, partial
7.23444312585e-06	1	MULTISPECIES: type VI secretion protein Fha1
7.23444312585e-06	1	MULTISPECIES: vgr related protein
7.23444312585e-06	1	MULTISPECIES: BJP family subclass B3 metallo-beta-lactamase
7.23444312585e-06	1	von Willebrand factor type D protein
7.23444312585e-06	1	aminopeptidase N-like protein, partial
7.23444312585e-06	1	gamma-glutamyltranspeptidase, partial
7.23444312585e-06	1	MULTISPECIES: mannuronan epimerase
7.23444312585e-06	1	MULTISPECIES: F0F1 ATP synthase assembly protein I
7.23444312585e-06	1	putative ABC quaternary amine transporter,permease component
7.23444312585e-06	1	putative terminase
7.23444312585e-06	1	MULTISPECIES: zinc ABC transporter substrate-binding protein
7.23444312585e-06	1	MULTISPECIES: RNA helicase, partial
7.23444312585e-06	1	aspartate/ornithine carbamoyltransferase
7.23444312585e-06	1	helicase superfamily protein
7.23444312585e-06	1	MULTISPECIES: nodulation protein NolK
7.23444312585e-06	1	negative regulator of septation ring formation, partial
7.23444312585e-06	1	cytochrome oxidase subunit I, partial
7.23444312585e-06	1	50S ribosome-binding GTPase
7.23444312585e-06	1	PAS domain protein
7.23444312585e-06	1	Baeyer-Villiger monooxygenase
7.23444312585e-06	1	polysaccharide deacetylase-like protein
7.23444312585e-06	1	kinase related to galactokinase and mevalonate kinase
7.23444312585e-06	1	gp54 protein
7.23444312585e-06	1	succinylglutamate desuccinylase / aspartoacylase family protein
7.23444312585e-06	1	YVTN beta-propeller repeat-containing protein
7.23444312585e-06	1	PTS mannose transporter subunit IIAB
7.23444312585e-06	1	MULTISPECIES: F420H(2):quinone oxidoreductase
7.23444312585e-06	1	Tfp pilus assembly protein PilP
7.23444312585e-06	1	Tfp pilus assembly protein PilT
7.23444312585e-06	1	Tfp pilus assembly protein PilV
7.23444312585e-06	1	MULTISPECIES: recombination protein NinG
7.23444312585e-06	1	MULTISPECIES: transcription factor jumonji/aspartyl beta-hydroxylase
7.23444312585e-06	1	MULTISPECIES: recombination protein NinB
7.23444312585e-06	1	putative para-aminobenzoate synthase component 1
7.23444312585e-06	1	cation transport regulator
7.23444312585e-06	1	ADP-ribosylation factor guanine nucleotide exchange factor RalF
7.23444312585e-06	1	PST family polysaccharide export protein
7.23444312585e-06	1	acetyl-CoA carboxyltransferase
7.23444312585e-06	1	tetracycline resistance MFS efflux pump, partial
7.23444312585e-06	1	DegT/DnrJ/EryC1 family protein
7.23444312585e-06	1	MULTISPECIES: GltA
7.23444312585e-06	1	protein killer suppression protein
7.23444312585e-06	1	S-layer protein, partial
7.23444312585e-06	1	Bacterial alpha-L-rhamnosidase
7.23444312585e-06	1	IS3 family transposase ISAar24
7.23444312585e-06	1	Cellulase (glycosyl hydrolase family 5), putative
7.23444312585e-06	1	DUF1153 domain-containing protein, partial
7.23444312585e-06	1	MULTISPECIES: TrkA family potassium uptake protein
7.23444312585e-06	1	glycine/sarcosine/betaine reductase complex protein A
7.23444312585e-06	1	MULTISPECIES: IS5 family transposase ISSoc13
7.23444312585e-06	1	5-methyladenine/5-methylcytosine-specific restriction endonuclease
7.23444312585e-06	1	intracellular growth locus iglB
7.23444312585e-06	1	restriction endonuclease NaeI
7.23444312585e-06	1	MULTISPECIES: DUF2844 domain-containing protein
7.23444312585e-06	1	exopolysaccharide production negative regulator
7.23444312585e-06	1	MULTISPECIES: NolY
7.23444312585e-06	1	photosystem I reaction center protein PsaF subunit III
7.23444312585e-06	1	phospholipase C-beta-2
7.23444312585e-06	1	BsuMI modification methylase subunit ydiP
7.23444312585e-06	1	Patatin-like phospholipase
7.23444312585e-06	1	MULTISPECIES: aliphatic sulfonate ABC transporter
7.23444312585e-06	1	DUF4092 domain-containing protein
7.23444312585e-06	1	MULTISPECIES: fibrillin
7.23444312585e-06	1	Caldesmon
7.23444312585e-06	1	MULTISPECIES: nitrile hydratase accessory protein
7.23444312585e-06	1	MULTISPECIES: DNA photolyase FAD-binding protein
7.23444312585e-06	1	MULTISPECIES: RND efflux system hypothetical protein
7.23444312585e-06	1	enterochelin esterase, putative
7.23444312585e-06	1	RNase adaptor protein RapZ, partial
7.23444312585e-06	1	terminase ATPase subunit
7.23444312585e-06	1	cysteine ABC transporter ATP-binding protein, partial
7.23444312585e-06	1	MOSC domain protein beta barrel domain protein
7.23444312585e-06	1	putative cytochrome c oxidase, Cbb3-type, subunit III
7.23444312585e-06	1	oligopeptide transporter, OPT family, partial
7.23444312585e-06	1	TonB system transport protein ExbB
7.23444312585e-06	1	acetylpolyamine aminohydrolase
7.23444312585e-06	1	sarcosine oxidase subunit beta family protein, partial
7.23444312585e-06	1	TIGR03066 family protein
7.23444312585e-06	1	glycosyl/methyltransferase hybrid protein
7.23444312585e-06	1	subtilase family protein
7.23444312585e-06	1	phage major tail protein 2
7.23444312585e-06	1	sad1-interacting factor 2
7.23444312585e-06	1	MULTISPECIES: DUF3892 domain-containing protein
7.23444312585e-06	1	ATP-dependent deoxyribonuclease subunit B
7.23444312585e-06	1	pili retraction protein
7.23444312585e-06	1	TIGR02001 family outer membrane protein
7.23444312585e-06	1	semialdehyde dehydrogenase NAD-binding
7.23444312585e-06	1	type I secretion target, partial
7.23444312585e-06	1	molybdopterin adenylyltransferase, partial
7.23444312585e-06	1	MULTISPECIES: elongation factor P lysine(34) lysyltransferase
7.23444312585e-06	1	VirE domain-containing protein
7.23444312585e-06	1	DUF5134 domain-containing protein
7.23444312585e-06	1	undecaprenyl pyrophosphate synthase
7.23444312585e-06	1	lipid-A-disaccharide kinase
7.23444312585e-06	1	ABC-type dipeptide transport system, extracellular solute-binding protein
7.23444312585e-06	1	2,3-dihydroxy-p-cumate-3,4-dioxygenase CmtC
7.23444312585e-06	1	MULTISPECIES: IS3 family transposase ISMasp3
7.23444312585e-06	1	IS21 family transposition helper protein truncated
7.23444312585e-06	1	2-pyrone-4,6-dicarboxylate hydrolase, partial
7.23444312585e-06	1	MULTISPECIES: YnbE family lipoprotein
7.23444312585e-06	1	MULTISPECIES: sensor protein KdpD
7.23444312585e-06	1	lipoprotein, YaeC family
7.23444312585e-06	1	preprotein translocase subunit SecD, partial
7.23444312585e-06	1	HPP family
7.23444312585e-06	1	MULTISPECIES: long-chain acyl
7.23444312585e-06	1	MULTISPECIES: putative hydrolase
7.23444312585e-06	1	CAI-1 autoinducer synthase
7.23444312585e-06	1	ISKra4 family transposase ISHhy1
7.23444312585e-06	1	protoporphyrin IX magnesium chelatase
7.23444312585e-06	1	Type IV secretion system protein virB6
7.23444312585e-06	1	phytanoyl-CoA dioxygenase (PhyH)
7.23444312585e-06	1	MULTISPECIES: precorrin methylase
7.23444312585e-06	1	trna delta -isopentenylpyrophosphate transferase
7.23444312585e-06	1	MULTISPECIES: DUF1846 domain-containing protein
7.23444312585e-06	1	MULTISPECIES: curli production assembly/transport component CsgG
7.23444312585e-06	1	general secretory pathway protein GspK
7.23444312585e-06	1	chlorophyll a-b-binding family protein
7.23444312585e-06	1	Stage 0 sporulation family protein
7.23444312585e-06	1	transmembrane transcriptional regulator (anti-sigma factor)
7.23444312585e-06	1	ketosteroid isomerase-like protein
7.23444312585e-06	1	MULTISPECIES: transcription/translation regulatory transformer protein RfaH
7.23444312585e-06	1	MULTISPECIES: glucan export ABC transporter ATP-binding protein
7.23444312585e-06	1	acyl-CoA acyltransferase
7.23444312585e-06	1	IS5 family transposase ISDisp1
7.23444312585e-06	1	bis(5'-nucleosyl)-tetraphosphatase (symmetrical), partial
7.23444312585e-06	1	McyC
7.23444312585e-06	1	acetyltransferase/hydrolase
7.23444312585e-06	1	peptidase S8/S53 family protein
7.23444312585e-06	1	methylmalonyl Co-A mutase-associated GTPase MeaB, partial
7.23444312585e-06	1	sodium export ATP-binding protein natA
7.23444312585e-06	1	nitrogen fixation protein
7.23444312585e-06	1	OmpA/MotB family protein
7.23444312585e-06	1	MULTISPECIES: phenylacetic acid degradation-like protein
7.23444312585e-06	1	type II and III secretion system outermembrane protein, secretin
7.23444312585e-06	1	DUF418 family protein
7.23444312585e-06	1	IS21 family transposase ISVapa2
7.23444312585e-06	1	IS21 family transposase ISVapa4
7.23444312585e-06	1	fimbrial assembly protein PilQ
7.23444312585e-06	1	MULTISPECIES: Flavodoxin reductases (ferredoxin-NADPH reductases) family 1; Vanillate O-demethylase oxidoreductase
7.23444312585e-06	1	putative adenosine deaminase
7.23444312585e-06	1	MULTISPECIES: PdhR family transcriptional regulator
7.23444312585e-06	1	ribosome maturation factor RimM, partial
7.23444312585e-06	1	fumarate hydratase class I, aerobic
7.23444312585e-06	1	ABC efflux pump, inner membrane subunit
7.23444312585e-06	1	MULTISPECIES: alanine racemase, partial
7.23444312585e-06	1	methanogenesis marker 16 metalloprotein
7.23444312585e-06	1	CheR-type MCP methyltransferase
7.23444312585e-06	1	exonuclease VII
7.23444312585e-06	1	MULTISPECIES: nitrate transport ATP-binding protein NrtD
7.23444312585e-06	1	MULTISPECIES: aldolase/citrate lyase
7.23444312585e-06	1	integration host factor subunit alpha 2
7.23444312585e-06	1	homoserine lactone transporter
7.23444312585e-06	1	morphogenesis-like protein
7.23444312585e-06	1	type IIs modification methyltransferase M.AlwI
7.23444312585e-06	1	DNA-methyltransferase, type I restriction-modification enzyme subunit M
7.23444312585e-06	1	thiamine pyrophosphate domain-containing TPP-binding protein
7.23444312585e-06	1	putrescine carbamoyltransferase
7.23444312585e-06	1	glucan biosynthesis protein D, partial
7.23444312585e-06	1	MULTISPECIES: steroid Delta-isomerase
7.23444312585e-06	1	protein, helicase
7.23444312585e-06	1	MULTISPECIES: TraH protein
7.23444312585e-06	1	glucose sorbosone dehydrogenase, partial
7.23444312585e-06	1	putative type 4 fimbrial biogenesis transmembrane protein
7.23444312585e-06	1	tRNA(5-methylaminomethyl-2-thiouridine)-methyltransferase
7.23444312585e-06	1	MULTISPECIES: capsular polysaccharide biosynthesis protein CapD
7.23444312585e-06	1	Aspartate carbamoyltransferase 3
7.23444312585e-06	1	ribosome-associated factor Y
7.23444312585e-06	1	MULTISPECIES: transcriptional regulator CsgD
7.23444312585e-06	1	MULTISPECIES: tight adherence secretin RcpA
7.23444312585e-06	1	pyruvate formate lyase-activating enzyme
7.23444312585e-06	1	exonuclease SbcCD, SbcC subunit
7.23444312585e-06	1	IS3 family transposase ISPst4
7.23444312585e-06	1	TonB family
7.23444312585e-06	1	DUF4925 domain-containing protein
7.23444312585e-06	1	MULTISPECIES: EpsG family protein
7.23444312585e-06	1	MULTISPECIES: D-gluconate kinase
7.23444312585e-06	1	benzoate-CoA ligase BclA
7.23444312585e-06	1	amidase enhancer
7.23444312585e-06	1	putative zinc protease protein
7.23444312585e-06	1	HAMP domain protein
7.23444312585e-06	1	response regulator receiver modulated metal dependent phosphohydrolase
7.23444312585e-06	1	WGR domain protein
7.23444312585e-06	1	Mrr N-terminal domain containing protein
7.23444312585e-06	1	uracil DNA glycosylase Ung
7.23444312585e-06	1	phenylacetyl-CoA acceptor oxidoreductase
7.23444312585e-06	1	IS110 family transposase ISCaa14
7.23444312585e-06	1	molybdopterin converting factor subunit 2
7.23444312585e-06	1	outer membrane efflux family protein
7.23444312585e-06	1	phosphonatase-like hydrolase
7.23444312585e-06	1	C-terminal processing peptidase-3
7.23444312585e-06	1	MULTISPECIES: structural protein MipA
7.23444312585e-06	1	dipeptidase D
7.23444312585e-06	1	DUF4961 domain-containing protein
7.23444312585e-06	1	sulfate transporter CysZ, partial
7.23444312585e-06	1	MULTISPECIES: type VI secretion effector protein (Hcp)
7.23444312585e-06	1	putative purine nucleoside permease
7.23444312585e-06	1	DNA primase small subunit
7.23444312585e-06	1	MULTISPECIES: TonB-dependent porin
7.23444312585e-06	1	MULTISPECIES: fructosamine kinase
7.23444312585e-06	1	MULTISPECIES: L-lactate transport
7.23444312585e-06	1	type II restriction enzyme MjaIII (Endonuclease MjaIII) (R.MjaIII)
7.23444312585e-06	1	IS3 family transposase ISHahy2
7.23444312585e-06	1	Z1 domain protein
7.23444312585e-06	1	hydrogenase 4 membrane subunit
7.23444312585e-06	1	pyruvate flavodoxin oxidoreductase gamma subunit
7.23444312585e-06	1	aminotransferase (aatC)
7.23444312585e-06	1	exporter-like protein
7.23444312585e-06	1	methyl-accepting chemotaxis transducer
7.23444312585e-06	1	aspartate-semialdehyde dehydrogenase family protein
7.23444312585e-06	1	MULTISPECIES: molybdenum-pterin-binding protein
7.23444312585e-06	1	phosphoenolpyruvate-dependent sugar PTS family porter, EIIA 2 component
7.23444312585e-06	1	acyl-CoA dehydrogenase FadE30
7.23444312585e-06	1	M28E family peptidase
7.23444312585e-06	1	MULTISPECIES: N-acetylmannosamine-6-phosphate 2-epimerase
7.23444312585e-06	1	IS1595 family transposase ISOan10
7.23444312585e-06	1	ATP-dependent Clp protease adaptor
7.23444312585e-06	1	IS21 family transposase ISCte8
7.23444312585e-06	1	ATP synthase subunit a 1
7.23444312585e-06	1	Na phosphate symporter
7.23444312585e-06	1	3-oxoacyl-ACP synthase I
7.23444312585e-06	1	MULTISPECIES: murein DD-endopeptidase MepM
7.23444312585e-06	1	acyl-CoA synthetase domain-containing protein
7.23444312585e-06	1	MULTISPECIES: colicin V secretion protein CvaA
7.23444312585e-06	1	IS5 family transposase ISAav3
7.23444312585e-06	1	DNA-invertase Gin
7.23444312585e-06	1	MULTISPECIES: DUF3572 domain-containing protein
7.23444312585e-06	1	signal transduction response regulator receiver domain protein
7.23444312585e-06	1	minor structural protein
7.23444312585e-06	1	purine/cytosine permease
7.23444312585e-06	1	DUF481 domain-containing protein, partial
7.23444312585e-06	1	DNA invertase RlgA
7.23444312585e-06	1	MazE family transcriptional regulator
7.23444312585e-06	1	hemoglobin like protein
7.23444312585e-06	1	MULTISPECIES: Na(+)-translocating NADH-quinone reductase subunit C
7.23444312585e-06	1	beta-hydroxyacyl-(acyl-carrier-protein) dehydratase FabZ
7.23444312585e-06	1	2-ketoisovalerate ferredoxin reductase subunits gamma/delta
7.23444312585e-06	1	lantibiotic ABC transporter, partial
7.23444312585e-06	1	UDP-N-acetylmuramoyl-L-alanyl-D-glutamate synthetase, partial
7.23444312585e-06	1	pyruvate ferredoxin oxidoreductase beta subunit
7.23444312585e-06	1	putative rubredoxin domain-containing pyridine nucleotide-disulfide oxidoreductase
7.23444312585e-06	1	MULTISPECIES: O-antigen polymerase
7.23444312585e-06	1	Peptidase M48, Ste24p (modular protein)
7.23444312585e-06	1	Phytase domain protein
7.23444312585e-06	1	MULTISPECIES: exonuclease SbcC
7.23444312585e-06	1	MULTISPECIES: exonuclease SbcD
7.23444312585e-06	1	XcyI family restriction endonuclease
7.23444312585e-06	1	microcin C ABC transporter ATP-binding protein
7.23444312585e-06	1	MULTISPECIES: excinuclease ABC subunit UvrC
7.23444312585e-06	1	IS200/IS605 family transposase ISAsp20
7.23444312585e-06	1	nuclease (snase)
7.23444312585e-06	1	bifunctional S-methyl-5-thioribose-1-phosphate isomerase/methylthioribulose 1-phosphate dehydratase
7.23444312585e-06	1	MULTISPECIES: IS4 family transposase ISArch9
7.23444312585e-06	1	protein of unknown function DUF1863
7.23444312585e-06	1	death-on-curing protein, partial
7.23444312585e-06	1	DUF4115 domain-containing protein, partial
7.23444312585e-06	1	MULTISPECIES: cytochrome c nitrite reductase subunit NrfD
7.23444312585e-06	1	thermoresistant glucokinase family carbohydrate kinase
7.23444312585e-06	1	toxin/anti-toxin system, HipA-like toxin module
7.23444312585e-06	1	DUF3800 domain-containing protein, partial
7.23444312585e-06	1	aspartate protease
7.23444312585e-06	1	MULTISPECIES: ferredoxin, 4Fe-4S
7.23444312585e-06	1	MULTISPECIES: EscI/YscI/HrpB family type III secretion system inner rod protein
7.23444312585e-06	1	MULTISPECIES: DUF3077 domain-containing protein
7.23444312585e-06	1	regulatory protein, LysR:LysR, substrate-binding
7.23444312585e-06	1	type A chloramphenicol O-acetyltransferase
7.23444312585e-06	1	putative lipoprotein/thioredoxin
7.23444312585e-06	1	MULTISPECIES: phage family protein
7.23444312585e-06	1	protein-lysine 6-oxidase
7.23444312585e-06	1	cation antiporter
7.23444312585e-06	1	organic solvent resistance ABC transporter permease
7.23444312585e-06	1	tRNA/rRNA methyltransferase (spou)
7.23444312585e-06	1	aspartate kinase III family protein
7.23444312585e-06	1	metal dependent amidohydrolase
7.23444312585e-06	1	ATP-dependent helicase/exonuclease AddA-like protein
7.23444312585e-06	1	ATP-sensitive potassium channel protein
7.23444312585e-06	1	1,4-beta-xylanase, partial
7.23444312585e-06	1	protein-tyrosine phosphatase, low molecular weight
7.23444312585e-06	1	metal-binding lipoprotein
7.23444312585e-06	1	integrase (rve domain)
7.23444312585e-06	1	DUF2018 domain-containing protein
7.23444312585e-06	1	inhibitor of DNA gyrase
7.23444312585e-06	1	D-threonine aldolase metal-activated pyridoxal enzyme
7.23444312585e-06	1	protein of unknown function DUF1001
7.23444312585e-06	1	gas vesicle synthesis protein GvpA, partial
7.23444312585e-06	1	MULTISPECIES: putrescine transport system permease protein PotI
7.23444312585e-06	1	MULTISPECIES: acetyl-CoA acyltransferase
7.23444312585e-06	1	MULTISPECIES: chemotactic transduction protein ChpE
7.23444312585e-06	1	oxidoreductase FAD-binding subunit
7.23444312585e-06	1	lytic murein transglycosylase B, partial
7.23444312585e-06	1	periplasmic heat shock serine protease HtrA, Do family
7.23444312585e-06	1	aldolase-type TIM barrel domain-containing NADH oxidase
7.23444312585e-06	1	IS630 family transposase ISCARN69
7.23444312585e-06	1	MFS sugar transporter
7.23444312585e-06	1	selenophosphate synthase
7.23444312585e-06	1	IS1595 family transposase ISGal1
7.23444312585e-06	1	type II-B CRISPR-associated RNA-guided endonuclease Cas9/Csx12
7.23444312585e-06	1	ATP adenylyltransferase (5',5'''-P-1,P-4-tetraphosphate phosphorylase II)
7.23444312585e-06	1	MULTISPECIES: N-acetyltransferase GCN5
7.23444312585e-06	1	IS3 family transposase ISPsy24
7.23444312585e-06	1	helicase c2
7.23444312585e-06	1	Beta-propeller repeat protein
7.23444312585e-06	1	MULTISPECIES: UDP-N-acetylmuramate--L-alanine ligase, partial
7.23444312585e-06	1	phage-related hypothetical protein
7.23444312585e-06	1	universal stress protein UspA-like protein
7.23444312585e-06	1	deoxyuridine 5'-triphosphate nucleotidohydrolase yncF
7.23444312585e-06	1	MULTISPECIES: clan AA aspartic protease
7.23444312585e-06	1	putative long-chain-fatty-acid-CoA ligase
7.23444312585e-06	1	voltage-gated potassium channel subunit beta
7.23444312585e-06	1	MULTISPECIES: class 2 integron integrase IntI2
7.23444312585e-06	1	adenylylsulfate reductase
7.23444312585e-06	1	MULTISPECIES: type IV secretion system protein VirD4
7.23444312585e-06	1	CoA-transferase, partial
7.23444312585e-06	1	phage/plasmid primase P4 family domain protein
7.23444312585e-06	1	discoidin domain-containing protein
7.23444312585e-06	1	transcriptional activator domain protein
7.23444312585e-06	1	phage-like element PBSX protein xkdF
7.23444312585e-06	1	U32 family peptidase, partial
7.23444312585e-06	1	phage antirepressor protein, partial
7.23444312585e-06	1	phage DNA recombinase
7.23444312585e-06	1	ATP-grasp domain-containing protein, partial
7.23444312585e-06	1	sugar phosphatase SupH
7.23444312585e-06	1	MULTISPECIES: BlaI/MecI/CopY family transcriptional regulator
7.23444312585e-06	1	Octaprenyl-diphosphate synthase
7.23444312585e-06	1	MULTISPECIES: trehalose synthase
7.23444312585e-06	1	ShiA-like protein
7.23444312585e-06	1	MULTISPECIES: osmotic-shock protein
7.23444312585e-06	1	adenosylcobinamide-GDP ribazoletransferase, partial
7.23444312585e-06	1	cytochrome c1 PetC
7.23444312585e-06	1	stage V sporulation protein AB
7.23444312585e-06	1	TGS domain-containing protein
7.23444312585e-06	1	enzyme-regulator fusion protein
7.23444312585e-06	1	trehalose utilization, partial
7.23444312585e-06	1	capsular polysaccharide synthesis enzyme Cap5I
7.23444312585e-06	1	sulfonate ABC transporter substrate-binding protein, partial
7.23444312585e-06	1	MULTISPECIES: dipeptidyl aminopeptidase
7.23444312585e-06	1	glycoside hydrolase family 29, partial
7.23444312585e-06	1	MULTISPECIES: cyclic nucleotide-binding domain-containing protein
7.23444312585e-06	1	MULTISPECIES: succinylglutamate desuccinylase/aspartoacylase
7.23444312585e-06	1	anaphase-promoting protein
7.23444312585e-06	1	2-amino-5-chlorophenol 1,6-dioxygenase subunit alpha
7.23444312585e-06	1	MULTISPECIES: hypothetical protein; putative forkhead-associated (FHA) domain
7.23444312585e-06	1	Tricorn protease like protein
7.23444312585e-06	1	thiol:disulfide oxidoreductase TlpA
7.23444312585e-06	1	DNA polymerase beta domain protein region
7.23444312585e-06	1	Outer membrane receptor for ferrienterochelin and colicin
7.23444312585e-06	1	MULTISPECIES: TIGR00730 family Rossman fold protein, partial
7.23444312585e-06	1	Biopolymer transport protein ExbD/TolR
7.23444312585e-06	1	cystine-binding periplasmic protein FliY
7.23444312585e-06	1	MULTISPECIES: DUF2760 domain-containing protein
7.23444312585e-06	1	TonB system transport protein ExbD, partial
7.23444312585e-06	1	MULTISPECIES: stage III sporulation protein AH
7.23444312585e-06	1	Clp protease ClpX, partial
7.23444312585e-06	1	DNA polymerase LigD, polymerase
7.23444312585e-06	1	MULTISPECIES: DNA breaking-rejoining protein
7.23444312585e-06	1	MULTISPECIES: molybdopterin containing oxidoreductase
7.23444312585e-06	1	rieske iron-sulfur protein
7.23444312585e-06	1	MULTISPECIES: peptidase S13
7.23444312585e-06	1	conjugal transfer family protein
7.23444312585e-06	1	DUF4189 domain-containing protein, partial
7.23444312585e-06	1	Zn-dependent protease/modulator of DNA gyrase
7.23444312585e-06	1	MULTISPECIES: cell envelope biogenesis protein AsmA
7.23444312585e-06	1	chemotactic signal-response protein cheL
7.23444312585e-06	1	MULTISPECIES: dihydrolipoyllysine succinyltransferase
7.23444312585e-06	1	kinetochore protein
7.23444312585e-06	1	periplasmic nitrate reductase subunit alpha, partial
7.23444312585e-06	1	amidotransferase 1, exosortase A system-associated, partial
7.23444312585e-06	1	HI1409 family phage-associated protein
7.23444312585e-06	1	hydrogenase component B -formate hydrogenlyase subunit 3
7.23444312585e-06	1	MULTISPECIES: exoribonuclease II
7.23444312585e-06	1	pilus assembly protein CpaE, partial
7.23444312585e-06	1	MULTISPECIES: antibiotic ABC transporter
7.23444312585e-06	1	metalloprotease RseP
7.23444312585e-06	1	multidrug ABC transporter ATPase/permease
7.23444312585e-06	1	MULTISPECIES: poly granule associated protein
7.23444312585e-06	1	sensor protein LytS
7.23444312585e-06	1	arginine repressor ArgR
7.23444312585e-06	1	nitrogenase molybdenum-iron cofactor biosynthesis radical SAM domain iron-sulfur cluster-binding oxidoreductase
7.23444312585e-06	1	ISNCY family transposase ISCph14
7.23444312585e-06	1	transcriptional regulator, MecI family
7.23444312585e-06	1	pmgO
7.23444312585e-06	1	MULTISPECIES: phosphoribosyl transferase
7.23444312585e-06	1	tungsten-containing formate dehydrogenase beta subunit
7.23444312585e-06	1	MULTISPECIES: AURKAIP1/COX24 domain-containing protein
7.23444312585e-06	1	virulence factor (pectin lyase fold protein)
7.23444312585e-06	1	pectate disaccharide-lyase
7.23444312585e-06	1	MULTISPECIES: NADP-dependent aryl-alcohol dehydrogenase
7.23444312585e-06	1	selT/selW/selH selenoprotein domain-containing protein
7.23444312585e-06	1	hypothetical protease
7.23444312585e-06	1	integral membrane protein CcmA involved in cell shape determination
7.23444312585e-06	1	MULTISPECIES: DUF4879 domain-containing protein
7.23444312585e-06	1	IS21 family transposase ISAav1
7.23444312585e-06	1	nitrate/nitrite two-component system sensor histidine kinase NarX
7.23444312585e-06	1	Bkd operon transcriptional regulator
7.23444312585e-06	1	DUF819 domain-containing protein, partial
7.23444312585e-06	1	ISL3 family transposase ISVsp17
7.23444312585e-06	1	cell wall-associated hydrolase (Invasion-associated proteins), NlpC/P60 family
7.23444312585e-06	1	IS3 family transposase ISHor1
7.23444312585e-06	1	ethanolamine utilization protein EutQ
7.23444312585e-06	1	ethanolamine utilization protein EutP
7.23444312585e-06	1	chromosome condensation protein RCC1, partial
7.23444312585e-06	1	IS5 family transposase ISMisp1
7.23444312585e-06	1	MULTISPECIES: glycine-rich domain-containing protein-like
7.23444312585e-06	1	ADP/ATP carrier protein, partial
7.23444312585e-06	1	ethanolamine utilization protein EutG
7.23444312585e-06	1	class B sortase
7.23444312585e-06	1	MULTISPECIES: calcium/sodium antiporter
7.23444312585e-06	1	glucan 1,6-alpha-glucosidase
7.23444312585e-06	1	serine/threonine kinase family protein
7.23444312585e-06	1	MULTISPECIES: UDP-4-amino-4-deoxy-L-arabinose--oxoglutarate aminotransferase
7.23444312585e-06	1	MULTISPECIES: gamma-aminobutyrate dehydratase
7.23444312585e-06	1	MULTISPECIES: outer membrane family protein
7.23444312585e-06	1	AP endonuclease, family 2
7.23444312585e-06	1	PPE repeat-containing protein
